  0.65343783349565510       0.67247105548362296       0.70110543768433731       0.73485473166711035       0.78281713416678922       0.97755013599028329        1.6737062573663399     
  0.66709436362801122       0.68409259112966503       0.71119461776703730       0.74770869208069668       0.80567183433211909        1.0252430281799014        1.8209343759553576     
  0.68239658041256368       0.69738105573259068       0.72249261702708079       0.76015969795808014       0.82789365439682938        1.0731009715932986        1.9773395157268547     
  0.69884991622408488       0.71183441117708779       0.73479851489628234       0.77275869895521276       0.85005007532990673        1.1210532795547949        2.1430660539340844     
  0.71609483835230892       0.72713435380449443       0.74791487116115074       0.78567332223448816       0.87226632611102450        1.1687039036758176        2.3188519250487225     
  0.73384779293668234       0.74305342248900041       0.76167316596624479       0.79893703364354485       0.89435490211416857        1.2154199390846778        2.5062161196714885     
  0.75187871445410659       0.75941358959039618       0.77591940164899642       0.81251543593966757       0.91601455312529234        1.2614874844938353        2.7061450161552179     
  0.77004110962010086       0.77605902593594878       0.79051311893082221       0.82636799858980925       0.93711995947235871        1.3077465098389542        2.9195024651150123     
  0.78817351342379904       0.79283398649547199       0.80530945874857407       0.84039966448558168       0.95760854063775491        1.3545307036702199        3.1470436133952915     
  0.80608824970785997       0.80958405554524038       0.82017035076908451       0.85450819831048475       0.97740272066372158        1.4019823740128345        3.3895284171850242     
  0.82363781934406766       0.82615441368894893       0.83494059459686365       0.86859733882444556       0.99646143595008907        1.4501770138041759        3.6477659742659609     
  0.84069518519835140       0.84239926326540993       0.84959975858161729       0.88253767272042150        1.0147118168916149        1.4991335519858144        3.9225542240027012     
  0.85716177885191880       0.85820469035251623       0.86405526236072450       0.89626605660829461        1.0320651452892087        1.5488953192208588        4.2148294390736201     
  0.87296033172986842       0.87346718845973814       0.87818320962382090       0.90970440111395356        1.0485330627030909        1.5994549247964729        4.5254640621218911     
  0.88803512679630447       0.88811195602612836       0.89189022465082524       0.92276672991856745        1.0641880092806528        1.6508214267987964        4.8554243189721671     
  0.90234823163673317       0.90207281913572557       0.90506791817862420       0.93536134129976256        1.0790637796040552        1.7030008688785556        5.2057146836558177     
  0.91585975653364637       0.91531268784324438       0.91763598997745177       0.94737942325028213        1.0932534141096026        1.7559786182732926        5.5773360542458050     
  0.92854432062501113       0.92777464625042638       0.92950323588156203       0.95882564211162957        1.1067484961377541        1.8097411109852075        5.9712893271778125     
  0.94037891056771561       0.93942199364562140       0.94071180585227188       0.96965449768605949        1.1195959385264111        1.8642704286712035        6.3886036466237890     
  0.95134296464241064       0.95022773909396008       0.95124799939552196       0.97981726943414194        1.1318307602608533        1.9195272555578788        6.8302564455548067     
  0.96142103888075481       0.96016831740812436       0.96107428306290132       0.98926031365799671        1.1435030664667527        1.9754992288780011        7.2973358949129761     
  0.97060382038211312       0.96922197852541725       0.97015144598199154       0.99801201598944211        1.1546210094394398        2.0321504258848906        7.7909324539942189     
  0.97885803131982774       0.97738626741776491       0.97842367730906377        1.0060558805861843        1.1651767803474509        2.0894511928015445        8.3120503558802241     
  0.98617157278605949       0.98463782449124537       0.98584552336398834        1.0133810811768660        1.1752025608938237        2.1473861073054756        8.8618117768659221     
  0.99253245779807875       0.99096749813945950       0.99242695257400493        1.0200095660114696        1.1847163844522899        2.2059520156919721        9.4414078368028971     
  0.99794098537895704       0.99635827923220432       0.99816149657925968        1.0259188536787507        1.1937103745641997        2.2651239296138277        10.051955812054967     
   1.0023508381843755        1.0007874671323482        1.0030174127444580        1.0310623814155973        1.2021525802504378        2.3248372400262949        10.694522714194546     
   1.0057509617064677        1.0042328911081104        1.0069543981018569        1.0354281626515593        1.2100253560950105        2.3850463509053390        11.370033101674913     
   1.0081136218910298        1.0066960976609949        1.0099388846924218        1.0390221815851579        1.2173202093071338        2.4457195089188808        12.079552105536678     
   1.0094280444839974        1.0081440503394854        1.0119651106565839        1.0418583298891773        1.2240373098543313        2.5068521179033882        12.824274747355025     
   1.0096571031815278        1.0085370825312687        1.0129566838073649        1.0438310936721584        1.2301291456092713        2.5683459438619405        13.604911054039935     
   1.0087682019053028        1.0078553685951788        1.0129017148204107        1.0449209220416467        1.2355579522469842        2.6300569272818213        14.422306451774631     
   1.0066989335076975        1.0060408538155952        1.0117118519769779        1.0450700227476146        1.2402736260477292        2.6919146097824975        15.276735960244670     
   1.0033749740396407        1.0030954953946742        1.0092575401855495        1.0442063850174215        1.2442402348198049        2.7538100697796462        16.168631884682380     
  0.99870796935860384       0.99894627577096462        1.0054440589428320        1.0422475448893846        1.2473875644682928        2.8155966265690098        17.098061971954618     
  0.99262382974355112       0.99349852150674256        1.0001951448402644        1.0391275846359800        1.2496897856328262        2.8771155146551930        18.064914766259516     
  0.98507931500448775       0.98645365205793645       0.99335155472581604        1.0347341914679500        1.2510419794108789        2.9381639560084549        19.068721501667476     
  0.97594249668938438       0.97725225870546306       0.98462112817381764        1.0288741027503887        1.2512234038213681        2.9985251282609053        20.108699447864293     
  0.96487296642294607       0.96536220069712519       0.97380100731599006        1.0213981284989786        1.2501062787645867        3.0579673223464430        21.183717401307742     
  0.95031541916675777       0.95037630870401035       0.96057783928900842        1.0120972692608288        1.2476351480850851        3.1163057497993711        22.292744498488833     
  0.93010581122234737       0.93199888096379713       0.94483234328352861        1.0005501280132016        1.2435955958659117        3.1732848440047574        23.434029944136945     
  0.90530832154211005       0.90969781170501163       0.92603315698101962       0.98659078019279622        1.2376763422511630        3.2285917098365267        24.605110213404185     
  0.87606096292278735       0.88370014404885777       0.90319321108262385       0.96927812048986606        1.2295710530959911        3.2819295896553831        25.803262782591688     
  0.84107847596147389       0.85179511865685575       0.87635063355032095       0.94922260825015570        1.2190660817272709        3.3326566989879240        27.022496838161601     
  0.81224607813641092       0.82651478872959139       0.85525229657581980       0.92973072570451787        1.2065765049843034        3.3802302834527640        28.256057959236472     
  0.77238468726842402       0.79002668859001957       0.82394095207000129       0.90656975194178624        1.1925599077520297        3.4236046222255694        29.495981156184108     
  0.73575401967370857       0.75637612732540771       0.79469897637618792       0.88410257043726059        1.1781647975593084        3.4622026942264821        30.733276706466704     
  0.70232481360381183       0.72506521926131484       0.76731048792693202       0.86236088321285598        1.1632075669288622        3.4956822823404945        31.961804290591310     
  0.67282301914975784       0.69625053054508335       0.74150431630725899       0.84139946613340977        1.1471177968073345        3.5240435998391528        33.178140280955404     
  0.64898287377579511       0.67055980993080389       0.71722853907178019       0.82127464206018508        1.1304648738068654        3.5475643698897050        34.381399860767310     
  0.63032795648208351       0.64912656287185633       0.69457165157561263       0.80194205624639470        1.1142702994040443        3.5663111806698664        35.568706925789471     
  0.61481916086137633       0.63171913261191237       0.67361673715159043       0.78315267685105161        1.0988109132058443        3.5795072085119450        36.728537810649598     
  0.60199229025641154       0.61707421449003408       0.65459273654799432       0.76464949528464665        1.0830892729722175        3.5861984974455527        37.846411275514846     
  0.59241133218257958       0.60476905449455487       0.63776884936536360       0.74632001800476810        1.0667350650396132        3.5858071916570946        38.910603488890168     
  0.58649409825359666       0.59510220269287717       0.62323301649850416       0.72812436715727857        1.0497667841456739        3.5778680075348248        39.909704576491364     
  0.58332574949044569       0.58846305684581013       0.61089470356369180       0.71000698538521789        1.0321757574130308        3.5615702817323140        40.827354036435750     
  0.58168793613605330       0.58447975419372933       0.60076550143610385       0.69190034433057312        1.0136066806417761        3.5357878823206548        41.642358615154606     
  0.58095904857404168       0.58230103393193156       0.59297857625020023       0.67387231417666760       0.99410112542983053        3.4992714260426840        42.330186820065940     
  0.58072410726383339       0.58123508940109680       0.58751636609810298       0.65611099662771255       0.97402366267779217        3.4508135261337913        42.864802236282671     
  0.58067018030518192       0.58081710405578801       0.58407432302336215       0.63893091312715267       0.95240233150552411        3.3892218085945980        43.218337894941911     
  0.58066032079274466       0.58069518641126316       0.58214294239603270       0.62294052265825961       0.92838330011715353        3.3134656136424474        43.362404340383932     
  0.58065894127811102       0.58066764182057828       0.58120459395366075       0.60907347001119083       0.90162114875141286        3.2226597966756323        43.269143624101837     
  0.58065878247030989       0.58066250544000431       0.58083129416696189       0.59805954934833672       0.87195139421488677        3.1162144801433920        42.913928042121931     
  0.58065874972250353       0.58066152578705277       0.58071235112562336       0.59006525751062466       0.83936973184359009        2.9943985569166136        42.277566673321893     
  0.58065873455202699       0.58066122065260928       0.58068041530106251       0.58513473821625273       0.80404431074752425        2.8576573916607755        41.347317987202842     
  0.58065872583291489       0.58066106274748708       0.58067174908523778       0.58254107950462752       0.76639977421898986        2.7068719589867309        40.115717259611984     
  0.58065872092273674       0.58066096745525275       0.58066851475922299       0.58137788015301106       0.72719594822794287        2.5434158323132583        38.580531569838506     
  0.58065871835631566       0.58066091178333823       0.58066675726320782       0.58093974034007190       0.68802955487296191        2.3692289188120266        36.747884213740363     
  0.58065871713258643       0.58066088184437659       0.58066566899139027       0.58078956533262349       0.65160506514463734        2.1882724280349408        34.632032565871299     
  0.58065871660821555       0.58066086732807998       0.58066502094273220       0.58073257346011786       0.62167646158305845        2.0044356571679680        32.259299012247439     
  0.58065871640912881       0.58066086109431247       0.58066467163914781       0.58070443341317579       0.60092525336997149        1.8193626051302698        29.669431150186821     
  0.58065871634324095       0.58066085875358409       0.58066450609250853       0.58068807027087799       0.58939628156101598        1.6358566285394818        26.912267190458703     
  0.58065871632433674       0.58066085800094558       0.58066443863334316       0.58067862932423064       0.58424841303402608        1.4566067859095335        24.048725544337927     
  0.58065871631976751       0.58066085779512044       0.58066441550066961       0.58067368466837765       0.58224984450254580        1.2830863727634330        21.145590889335882     
  0.58065871631888810       0.58066085774800069       0.58066440898331328       0.58067144716962504       0.58143307856528614        1.1167800310509348        18.274393714501734     
  0.58065871631875776       0.58066085773942311       0.58066440749308490       0.58067060796838998       0.58103355048637972       0.96099003289800233        15.504742715383843     
  0.58065871631874344       0.58066085773824649       0.58066440722426216       0.58067035809824374       0.58082875826588842       0.82292624921502311        12.911941878156949     
  0.58065871631874322       0.58066085773813159       0.58066440718681733       0.58067030121002761       0.58073376720439429       0.71356555283316658        10.557455620902745     
  0.58065871631874322       0.58066085773812404       0.58066440718306889       0.58067029168373852       0.58069600873681360       0.64200753086525986        8.4802523673511843     
  0.58065871631874344       0.58066085773812370       0.58066440718281531       0.58067029055509245       0.58068372491423770       0.60570293986747725        6.7109066208081840     
  0.58075173957591775       0.58075388099535497       0.58075743044009143       0.58076331371961809       0.58077367911219446       0.59079040473834143        5.2800699262091975     
