  0.98903966517976383       0.97958267702413016       0.96172607969045287       0.92651522241075635       0.82902766936337824       0.93405005922970896       0.99998917409117727     
  0.99159675345181852       0.98339395884330738       0.96688208198431924       0.93175599116357466       0.82984767754667199       0.93163769995137469       0.99998730555067628     
  0.99356127213292311       0.98641479238947372       0.97120581307115250       0.93648534115478688       0.82842160677412202       0.92906669423527177       0.99998829622405538     
  0.99502987025518563       0.98884223534910909       0.97491855448906661       0.94069607879269868       0.82504794847702123       0.92632247366573495       0.99998645849871814     
  0.99614325329460607       0.99079885263611900       0.97804065732168033       0.94432752203603743       0.81780664608432829       0.92338843198944709       0.99998451508887298     
  0.99698641776254138       0.99237791162514688       0.98071376016771261       0.94670165977093834       0.80513281900961198       0.92668291688724813       0.99998247767321591     
  0.99762181129491967       0.99365488063060103       0.98301224352884609       0.94855038521568569       0.78740027364583454       0.92473542135526721       0.99998035633860860     
  0.99810850184970135       0.99469044975765042       0.98492059778366237       0.94919713821026197       0.76489388060218422       0.92210072440866531       0.99998191848004903     
  0.99848109098250315       0.99566162941192915       0.98651494944555129       0.95005043270045386       0.73837207991577125       0.91902210834467679       0.99997995677828222     
  0.99876808553867158       0.99632988938118749       0.98776440970585011       0.95039085779304056       0.71781145755931042       0.91722696046839614       0.99997787815942485     
  0.99897341004417894       0.99686817710455244       0.98844447619014031       0.94970762695389432       0.69304191147703176       0.91385608346541003       0.99997573508092530     
  0.99915022207171689       0.99729231119334971       0.98891063154864611       0.94652674229254596       0.67121881939763184       0.90946385635168903       0.99997352393988947     
  0.99928969257025424       0.99758833630768196       0.98693778604828963       0.94529042754066117       0.65270989504530474       0.90489436290862679       0.99997583148418534     
  0.99939789507638943       0.99783882633144927       0.98651569986742171       0.94361113451513257       0.63488339339158917       0.89937048998185243       0.99997376322549503     
  0.99948637836938781       0.99796472078697973       0.98592053787389533       0.94203614891123222       0.61703466069051127       0.89296596869201983       0.99997162570894416     
  0.99955558136182843       0.99800020284662350       0.98460058768484149       0.94020470510428245       0.58084441439802204       0.89212484837856743       0.99996940895406750     
  0.99960046158065641       0.99793493767856534       0.98315184538422629       0.93812960486983810       0.56876189298160695       0.88603947938243355       0.99996710108051823     
  0.99963131911377856       0.99588645160748868       0.98213738781271676       0.93514309664714934       0.54880232179452160       0.87805593856211028       0.99997024778494592     
  0.99949641904493880       0.99518883663248403       0.97922195168425152       0.92547352944749972       0.52872591283671388       0.87480739669839636       0.99996812957356374     
  0.99933787140347652       0.99440518285204482       0.97807172489859895       0.91869206828154604       0.52289056620191210       0.87403046387636574       0.99996592423969832     
  0.99913267023029684       0.99216660034981397       0.97606654595678755       0.91262009174888004       0.50628037123405800       0.86821143279536483       0.99996361970071390     
  0.99761213989075748       0.98903911254826116       0.97485668227823774       0.88903187804998163       0.48838559017649724       0.86316469883530245       0.99996751300103126     
  0.99611612829521312       0.98748755780226238       0.97215797181728625       0.87276137977217505       0.51198834580636099       0.85316955115125370       0.99996546686483134     
  0.99534622675419737       0.98649331627145043       0.96924147770042368       0.86580909120651106       0.49617122248843498       0.84254027035508816       0.99996333337394872     
  0.99368174784428909       0.98555743538056628       0.96782313399903253       0.85917585186491952       0.48116550771582228       0.83123263278866899       0.99996109643235020     
  0.98998169656304380       0.98303912180208719       0.96562909954206444       0.85241037685219900       0.46635455564088457       0.82680613854116591       0.99996586228335826     
  0.98854657706288174       0.97974374448555279       0.96066837284757167       0.84611098111378191       0.45205901181220859       0.81575915501714780       0.99996395343070432     
  0.98770654782347811       0.97870219026773120       0.95890898757964671       0.83777201829954007       0.44157758346536957       0.81327073308834408       0.99996192915097626     
  0.98541231097769100       0.97659871672820187       0.95742005105240280       0.83233368816171482       0.42958038124988734       0.80418564603018783       0.99996716107300199     
  0.98397729475503182       0.97502040086820008       0.95381292027476883       0.82698899605500120       0.41875640394906521       0.79623493678669166       0.99996545118043634     
  0.98080925825205545       0.97081844910324622       0.95132075992011444       0.82184896667013907       0.42338231591555553       0.79853779554015913       0.99996354477418536     
  0.97927691731969690       0.96967141714181282       0.94894430437921684       0.81717862778759531       0.41465227821805195       0.80316408320907029       0.99996134481187560     
  0.97616026058796401       0.96556550971575839       0.94680008764920298       0.81270971954275917       0.40722588596267517       0.80227538486194494       0.99996755894706135     
  0.97319776828713034       0.96436628270665359       0.93620289517009858       0.80830709988324856       0.45028763287581608       0.79907955453305279       0.99996563708886377     
  0.97072390878194070       0.96230669991566764       0.92696018188172580       0.79266478993786305       0.44523990076001219       0.79462878184243191       0.99996337409495528     
  0.96833843173054646       0.95831834373507718       0.92227081859049065       0.78918125174767761       0.44703804547008369       0.78919161298395268       0.99997022914488853     
  0.96561162139172219       0.95263285548258148       0.91572906095372220       0.77098703343350827       0.44503885106930741       0.78477284873220543       0.99996848759094659     
  0.95951943366609527       0.95001749319752493       0.91002978145840407       0.76773868428767278       0.44501154474901733       0.78893885046144008       0.99996659677529953     
  0.95628203586267657       0.94667895111635891       0.89436379494723950       0.76381959250833331       0.44634016325055204       0.78713172583071656       0.99997417671719102     
  0.95430984685204256       0.93077398132017863       0.88754339411377003       0.76969425521107515       0.44860478234851214       0.78671808173673052       0.99997321106640902     
  0.94355499500187923       0.92131462253109453       0.87806496148343238       0.76605837942903876       0.45259325453774085       0.79017344083198726       0.99997243529753177     
  0.93016439121170058       0.91230853753464314       0.86934414816867578       0.76192077557243831       0.46629094557845807       0.79322114791732456       0.99998027373401932     
  0.91497079839968842       0.90113136241994163       0.85846260346310765       0.75990160347445856       0.45807980138778820       0.79746931707228508       0.99998053833831624     
  0.91447924180739826       0.89390390647641871       0.85194844375356871       0.77255087931491284       0.47512929345294341       0.80055227446724042       0.99998697989540719     
  0.89805929234744586       0.87333212698771989       0.87333586994634371       0.76616302823373050       0.48638212900167677       0.79804413003112618       0.99998773542909192     
  0.92500664953202338       0.90355174035580610       0.90159816995209019       0.79319169209839757       0.50838470216460907       0.85882233092830029       0.99998867721045992     
  0.95238580119463956       0.93262145176058842       0.92533425268159031       0.82078268232309359       0.53227000311554273       0.86262170981987218       0.99999327515733949     
  0.96712049076434525       0.95335029418537331       0.94448188830423185       0.84798299921004017       0.55788996211762665       0.86718366297618510       0.99999420732845190     
  0.97719760755255414       0.96730235875159998       0.95929420771242702       0.87370872937458055       0.58511225375828968       0.87247952039874022       0.99999517713292729     
  0.98550835429110772       0.97751164772520560       0.97060737168223854       0.89724208733305943       0.61381832200700714       0.87846669753718476       0.99999757533164735     
  0.99125966276487676       0.98521509557367914       0.97927905014433370       0.91814482031811140       0.64514098636300976       0.88509064134812965       0.99999818520400940     
  0.99520261251243114       0.99086268105930486       0.98531902970876384       0.93619609393407166       0.72121355874782156       0.89228249815168414       0.99999871754104452     
  0.99765138484169624       0.99476619353031226       0.99034723959422499       0.95137177156836139       0.79019621291744069       0.89994767287925059       0.99999950300206708     
  0.99898021301337159       0.99726328546188647       0.99301601786399707       0.96381507380392317       0.81787163728189127       0.92546581830116470       0.99999970699237628     
  0.99958498731579948       0.99871065142495719       0.99523630551422437       0.97378151928328216       0.84471273925807444       0.94029271480924981       0.99999991482657513     
  0.99984339162321878       0.99944166362945297       0.99725188596489533       0.98157368292174885       0.87037425001639102       0.94579799862733505       0.99999996193368679     
  0.99994853619558899       0.99977806734508090       0.99831840326119670       0.98749752389264356       0.89434105670771025       0.95117665444555333       0.99999998509725929     
  0.99998605450710576       0.99991697549072134       0.99918289356596357       0.99184409921152117       0.91612249965793291       0.95633679693715645       0.99999999764384584     
  0.99999652299880815       0.99996965540390403       0.99960839852234373       0.99489166235604154       0.93530371371417664       0.96120290504485117       0.99999999939081885     
  0.99999875509968295       0.99998730596746677       0.99982046561748317       0.99690886443342486       0.95159819315756622       0.96572610295887495       0.99999999988096555     
  0.99999926575414622       0.99999294474427447       0.99990226058758902       0.99815987720204136       0.96488910124767036       0.96989282779917496       0.99999999999464639     
  0.99999950264488535       0.99999526345666334       0.99994037072424846       0.99888107967971229       0.97525214600043053       0.97447132224115451       0.99999999999965816     
  0.99999967029638293       0.99999669813658687       0.99995845828333352       0.99928454083869300       0.98294636181307538       0.98158615521487069       0.99999999999999878     
  0.99999979470536371       0.99999776034649790       0.99997028267708576       0.99951698879314554       0.98838039367928410       0.98449736640795726       0.99999999999999711     
  0.99999988338235624       0.99999856257674280       0.99997950662517610       0.99966551220631050       0.99205055651797902       0.98741021781194016        1.0000000000000016     
  0.99999994177596541       0.99999915156356189       0.99998638632330061       0.99977067972444966       0.99446301707566787       0.99028661170479126       0.99999999999999845     
  0.99999997565214549       0.99999955661950746       0.99999146821695717       0.99984819588664864       0.99608532625188839       0.99309756457032239        1.0000000000000016     
  0.99999999196225575       0.99999980489357654       0.99999509322464797       0.99990387064991304       0.99726689962746395       0.99549537589037518        1.0000000000000000     
  0.99999999803828998       0.99999993194349124       0.99999752187014945       0.99994238339063590       0.99818570032406562       0.99729276850943860       0.99999999999999989     
  0.99999999967141495       0.99999998242495214       0.99999896375591102       0.99996796677546518       0.99888413395729791       0.99848447612607472        1.0000000000000000     
  0.99999999996503075       0.99999999688326957       0.99999966571493981       0.99998414757443876       0.99936951620292247       0.99919843538845765       0.99999999999999944     
  0.99999999999782485       0.99999999965082875       0.99999992321538844       0.99999344300173243       0.99967149249960185       0.99960669694713988        1.0000000000000036     
  0.99999999999992772       0.99999999997741029       0.99999998848716054       0.99999786997043749       0.99984796208429461       0.99983755425944310        1.0000000000000024     
  0.99999999999999911       0.99999999999924316       0.99999999898264735       0.99999948132700545       0.99995214244557562       0.99995656096438323       0.99999999999999956     
  0.99999999999999922       0.99999999999998823       0.99999999995354494       0.99999990624544866       0.99998749648220420       0.99999538713977232       0.99999999999999833     
   1.0000000000000002        1.0000000000000002       0.99999999999908262       0.99999999013553398       0.99999792825337108       0.99999919925453729       0.99999999999999922     
  0.99999999999999933       0.99999999999999989       0.99999999999999400       0.99999999960548414       0.99999983202991516       0.99999998850417837       0.99999999999999989     
  0.99999999999999956        1.0000000000000004       0.99999999999999867       0.99999999999233014       0.99999992527909154       0.99999999998799460        1.0000000000000004     
  0.99999999999999944       0.99999999999999933       0.99999999999999978       0.99999999999999545       0.99999999998941469       0.99999999999999933       0.99999999999999867     
  0.99999999999999911       0.99999999999999933        1.0000000000000004       0.99999999999999989       0.99999999999999944        1.0000000000000004       0.99999999999999745     
   1.0000000000000000        1.0000000000000000       0.99999999999999978        1.0000000000000002        1.0000000000000004       0.99999999999999978        1.0000000000000002     
