   1.6734337780688431     
   1.6996753043031436     
   1.7100016525616193     
   1.7077169410666828     
   1.6948420139639457     
   1.6731688215855052     
   1.6446474862287157     
   1.6115517441864173     
   1.5756860865404096     
   1.5382642660858896     
   1.4999313264252725     
   1.4609766571462419     
   1.4216031720842097     
   1.3818970563775952     
   1.3419317151892955     
   1.3017848316508589     
   1.2615413657552170     
   1.2213282635689269     
   1.1813017071694993     
   1.1416538626949118     
   1.1025901146704351     
   1.0643187574815796     
   1.0270442551357890     
  0.99095376055032081     
  0.95623750440960809     
  0.92306865965743390     
  0.89152901408450236     
  0.86166102428355595     
  0.83346585082480729     
  0.80691492290140943     
  0.78197917667251660     
  0.75858125523189512     
  0.73658779788028628     
  0.71578604902644638     
  0.69587889539569237     
  0.67629351992767517     
  0.65642438340292919     
  0.63550852904544863     
  0.61288392954089976     
  0.58823350821346343     
  0.56095870950983417     
  0.53023092846970676     
  0.49463228489566563     
  0.45178114547966675     
  0.39942957327996148     
  0.45032105894201002     
  0.49092283477934018     
  0.52179230826822076     
  0.54374817192934255     
  0.55805422300751195     
  0.56551796032373347     
  0.56660264399768345     
  0.56145814751482659     
  0.55068728980546300     
  0.53501528889853078     
  0.51515334738462970     
  0.49171607393406219     
  0.46542192080973505     
  0.43700665436973080     
  0.40713171976007378     
  0.37655054721606962     
  0.34643995635798253     
  0.31817609007466935     
  0.29318488436498441     
  0.27232407234769102     
  0.25623157020276588     
  0.24489687954293526     
  0.23719326474424979     
  0.23120055528728267     
  0.22415527513476499     
  0.21287574190317718     
  0.19465063875362096     
  0.16874536099000895     
  0.13758653164073020     
  0.10552123411665539     
   7.6819848404844807E-002
   5.4370399227576020E-002
   3.9105069830135272E-002
   3.0192533028466518E-002
   2.5829117433525652E-002
   2.4150781078139782E-002
