   1.3074729663581903        1.2694400188453303        1.2296808080862383        1.3744497862391449        1.7417322628436347        3.7380789260198930        17.620261303976999     
   1.3181816344606518        1.2868012232600416        1.2561643897925638        1.4108192399941939        1.7640169296900599        3.7157719097603330        17.752810019292394     
   1.3249105454396424        1.2995227399264486        1.2779049882323887        1.4423594742658774        1.7680774759619877        3.5913823382725121        17.592596873529601     
   1.3285364747794426        1.3084992408191940        1.2955903873474954        1.4697580408488491        1.7572235518133537        3.3869117560183835        17.240177570527258     
   1.3297256804220408        1.3144389015781404        1.3098041341943210        1.4933673025608003        1.7321239147208969        3.1145242431743410        16.815663113434955     
   1.3289854987492926        1.3179022693554772        1.3210249891644963        1.5133632436598603        1.6932916051157678        2.7868576055308130        16.421111060798577     
   1.3266735860078174        1.3192994096680100        1.3296190823663885        1.5298679557427277        1.6410173799212386        2.4282923697373047        16.088911908592046     
   1.3230497140752504        1.3189334782194082        1.3358569154483251        1.5429839122601388        1.5762255985416558        2.0734505650738924        15.786562620236786     
   1.3182981915759100        1.3170258827404242        1.3399413784674938        1.5528419296748466        1.5008043411173806        1.7447359160288485        15.491286414835487     
   1.3125438261048858        1.3137348294951763        1.3420309228015874        1.5595691497616095        1.4167509822157340        1.4537965216534028        15.190022677810985     
   1.3058656934425978        1.3091725809077090        1.3422502675727777        1.5632611399703624        1.3264287947940570        1.2007722181677167        14.881473878107849     
   1.2983068700687470        1.3034169402299429        1.3407144136311198        1.5639698217071383        1.2320943417267025       0.98054960917490031        14.566767677256907     
   1.2898850089791896        1.2965202529986226        1.3375258575817108        1.5617571750864532        1.1357406686889682       0.78759452725444901        14.247660628878807     
   1.2806066191923418        1.2885185603757883        1.3327766414845874        1.5566590297078013        1.0386966883496558       0.61729084207995299        13.925998201058913     
   1.2704626711334797        1.2794319997090218        1.3265321866990873        1.5487064589296777       0.94203211790490415       0.46599858367920066        13.603454841986164     
   1.2594296209639904        1.2692712864040219        1.3188555853332729        1.5379181627268641       0.84666504950628296       0.33086136148678230        13.281470032393729     
   1.2474727587384391        1.2580358740962987        1.3097803622285020        1.5243263060496617       0.75341240972602586       0.20960763324334278        12.961237417736074     
   1.2345477001993623        1.2457215297924795        1.2993378806745184        1.5080093191059638       0.66306463806158622       0.10050123358347042        12.643728060410625     
   1.2206060856283405        1.2323034994800628        1.2875519593728622        1.4890853090829683       0.57639403081601281        2.1773098179686773E-003   12.329717035711720     
   1.2055915483965749        1.2177466560444377        1.2744211872535640        1.4677128155294541       0.49421307226407091       -8.6425155225503855E-002   12.019815175477254     
   1.1894354915783345        1.2020089698390926        1.2599312729123771        1.4440679211592955       0.41732027525020282      -0.16613283122521871        11.714490951771010     
   1.1720635733964639        1.1850358728145074        1.2440531892629894        1.4183476370812014       0.34647318002527694      -0.23761159143238553        11.414104748989294     
   1.1533925466555741        1.1667540018265108        1.2267459095032029        1.3907463263680446       0.28239538284633736      -0.30136487474137541        11.118934967539811     
   1.1333419551959931        1.1470830181277103        1.2079613463269834        1.3614716060439347       0.22570752596957516      -0.35781343650248432        10.829188953027824     
   1.1118122670469128        1.1259401188503959        1.1876444639747479        1.3307903137823356       0.17694021242099192      -0.40730383818826160        10.545026401182160     
   1.0886971911393399        1.1032259902639994        1.1657195945819288        1.2989582151233428       0.13658240209351666      -0.45012655878242214        10.266576136401865     
   1.0638770836841116        1.0788314733943136        1.1420830538848687        1.2661434548178789       0.10490603642444381      -0.48653930856524241        9.9939366725270364     
   1.0372084647587736        1.0526253918338557        1.1165828336042398        1.2324802408429321        8.2121139507656468E-002 -0.51676936164304821        9.7271824095630048     
   1.0085277438915694        1.0244681680427981        1.0890458238473746        1.1980609444221588        6.8350321039996748E-002 -0.54101776433096771        9.4663661840701376     
  0.97761254187305946       0.99419335779947993        1.0592940203826797        1.1629422410411381        6.3659626340486705E-002 -0.55947302908246677        9.2115344866506952     
  0.94424557555315347       0.96160940536817419        1.0271168657858378        1.1271351248558767        6.8222542000999850E-002 -0.57231950677941168        8.9627403942070440     
  0.90818228020274627       0.92649909178064105       0.99225780042960954        1.0905981486821561        8.2141762807434196E-002 -0.57971390454662663        8.7200246621923938     
  0.86914301032098806       0.88861369234554088       0.95444897282970509        1.0532452187076931       0.10538600261121726      -0.58184177578301632        8.4834320185156518     
  0.82682008534750751       0.84765249866790449       0.91337815400289180        1.0149295964847251       0.13775976545289828      -0.57892886927695364        8.2529970726094106     
  0.78088252256801371       0.80322674549547024       0.86866154062307588       0.97540760879443855       0.17897116426669651      -0.57122282246067180        8.0287576523714943     
  0.73093376245709540       0.75488420840910897       0.81984830492932370       0.93428532718995461       0.22790790001093686      -0.55896843384998851        7.8107521288573682     
  0.67651332804973585       0.70208425981462907       0.76650669514329650       0.89105119269563926       0.28351190151958838      -0.54240855750283468        7.5990264259433733     
  0.61704028653544707       0.64413801795501768       0.70799931538666871       0.84498711937963444       0.34464951066725341      -0.52180212585170394        7.3936247034726978     
  0.55180608222985239       0.58021460079200404       0.64376295455766563       0.79533301411386781       0.41062788133981737      -0.49737470220047764        7.1945941677023928     
  0.47993152101087982       0.50920572399581976       0.57298015482105391       0.74145008816350944       0.48232891331260364      -0.46938464304899391        7.0019921328866515     
  0.40031569679691748       0.42963063473860713       0.49447188874236331       0.68272169936359495       0.55987009866586257      -0.43798662019393364        6.8159044445523591     
  0.31116662221445690       0.34001435307926886       0.40699056071369338       0.61848865828342758       0.64263332616288749      -0.40358845343457955        6.6364491225525963     
  0.21026394901936371       0.23855246529162003       0.30911986667675201       0.54703394051922227       0.72951231324341181      -0.36668455543662343        6.4637630434426532     
   9.4569717252353025E-002  0.12326217553985211       0.19826599463649186       0.46572476262018270       0.81809447496964283      -0.32775948621702561        6.2980251514002088     
  -3.7701574639626194E-002  -8.0387829665386403E-003   7.2035161728191674E-002  0.36942060712686731       0.91019538370294173      -0.28695567965522051        6.1394633336589672     
  -1.6191065125046616E-002   1.0235806404943249E-002   8.8073359121072586E-002  0.39418136035208423        1.0522315854762043      -0.23831300944297676        5.9884459694834664     
  -5.3713386700402497E-003   1.8658986349382605E-002   9.3454658558509721E-002  0.40708656985819131        1.1826192123153743      -0.18558399886988466        5.8424574930324091     
   9.3330120270174459E-004   2.1463591088104014E-002   9.1224146362763894E-002  0.40799851932381359        1.2995678182041397      -0.12866640210577782        5.7012786560489026     
   4.3824809017381757E-003   2.1306369676918006E-002   8.4044803998675574E-002  0.39764404819039173        1.4019044444732440       -6.7416382076329939E-002   5.5646871560986488     
   5.4980613894414724E-003   1.9404113449771138E-002   7.4157856593966037E-002  0.37751503712205292        1.4898943350050966       -1.6148178975019447E-003   5.4325162433109888     
   5.2082901594053630E-003   1.6445515505009466E-002   6.3147591993523794E-002  0.34948136200453905        1.5620707867607224        6.9060387867233605E-002   5.3047121008220426     
   4.2035375140210681E-003   1.2979989210984068E-002   5.1992389082191656E-002  0.31561172471708426        1.6157873566458367       0.14527181539182460        5.1813294843622391     
   3.0364823533879279E-003   9.5772760115933973E-003   4.1281563696203533E-002  0.27801244765050753        1.6473926610674696       0.22782547115152865        5.0624063193830304     
   2.0267359722871137E-003   6.6468865866586508E-003   3.1472233666696152E-002  0.23871572407732997        1.6554429709635012       0.31738341213698207        4.9479813196912250     
   1.2868877396875424E-003   4.3743072438924575E-003   2.2959974630660379E-002  0.19960142250765670        1.6392975880932859       0.41486190935321482        4.8381940317363306     
   7.8556422411100025E-004   2.7579115381436170E-003   1.6000752771383388E-002  0.16230996159488331        1.5987582808760987       0.52142900557439165        4.7333069925965052     
   4.6800026751000519E-004   1.6750930684061021E-003   1.0651582085369034E-002  0.12808456307570326        1.5340161278170332       0.63851438654280246        4.6335676359170250     
   2.8639017584011273E-004   9.9146068705183469E-004   6.7774160345858425E-003   9.7845889391373619E-002   1.4463054068832786       0.76790944209144851        4.5391000304929561     
   1.9603006623246852E-004   5.9142016288730949E-004   4.1359500215735253E-003   7.2098584041611374E-002   1.3375905832278279       0.91180014931348996        4.4499426551307915     
   1.5807535849167724E-004   3.8094342557978941E-004   2.4411756853724839E-003   5.0899056379023914E-002   1.2103351172613719        1.0721302317061068        4.3660873214822917     
   1.4491693487211045E-004   2.8463537358630077E-004   1.4256943739268545E-003   3.4284737511636527E-002   1.0673367152162663        1.2510549131892910        4.2874745816129964     
   1.4130429365454757E-004   2.4766169867863886E-004   8.6574520374738920E-004   2.1931889656514034E-002  0.91398665430541959        1.4494754559516914        4.2139908384828040     
   1.4061178869733223E-004   2.3628470023685194E-004   5.8837009811083386E-004   1.3309987845977036E-002  0.75693602946869021        1.6676540927230925        4.1454311980765430     
   1.4058034372885596E-004   2.3381622102684396E-004   4.6809392781129811E-004   7.8255588065694135E-003  0.60323242368797747        1.9053004730416179        4.0815152766752236     
   1.4062546735153170E-004   2.3362959220582115E-004   4.2304770988706175E-004   4.5399756721903025E-003  0.45997477291358013        2.1546735931528773        4.0218977018610396     
   1.4064597737909016E-004   2.3371913462526495E-004   4.0782132282042062E-004   2.7155719306411735E-003  0.33374893027198588        2.4051005481427743        3.9661874023718364     
   1.4064371422829446E-004   2.3368876338633290E-004   4.0194272420739920E-004   1.7688517477994904E-003  0.22937265056732559        2.6412827375576193        3.9139444645186834     
   1.4063218310469687E-004   2.3355034549458109E-004   3.9819634269317361E-004   1.2959483603323509E-003  0.14842417517161491        2.8413715452623984        3.8646386138368647     
   1.4062066295723034E-004   2.3338112713112871E-004   3.9487794314444494E-004   1.0520043311293018E-003   9.0254002230953922E-002   2.9783935829875934        3.8176603271715712     
   1.4061272560608994E-004   2.3323843046550407E-004   3.9192430629554647E-004   9.0976569588625106E-004   5.1808915966148381E-002   3.0204159966105899        3.7721860349287883     
   1.4060835096019777E-004   2.3314361651435075E-004   3.8958193032156545E-004   8.1441064477438189E-004   2.8966114375550162E-002   2.9325231098304925        3.7269027565882147     
   1.4060630447942330E-004   2.3309150421592560E-004   3.8797675284754201E-004   7.4657820052915461E-004   1.6323369396739298E-002   2.6922430960846615        3.6801220312266540     
   1.4060544406315306E-004   2.3306743132474065E-004   3.8703753095784888E-004   6.9975931760282955E-004   9.6330557348879194E-003   2.3045872917338368        3.6294940552629420     
   1.4060504170109847E-004   2.3305808832906576E-004   3.8656959461533073E-004   6.7005448707532582E-004   6.0070732890775197E-003   1.8204827515801971        3.5720942930741622     
   1.4060471660552962E-004   2.3305494564942141E-004   3.8637407546534105E-004   6.5332918144060605E-004   3.8800649181343796E-003   1.3168195761829105        3.5046320994478082     
   1.4060427884462018E-004   2.3305364305236656E-004   3.8630796844025102E-004   6.4515092664193022E-004   2.5656829755044920E-003  0.86576260796564253        3.4242510267150061     
   1.4060358008372644E-004   2.3305239687451893E-004   3.8628982979518054E-004   6.4175939483739584E-004   1.7805489640602946E-003  0.51525030466790434        3.3305631916076579     
   1.4060238051571852E-004   2.3305039990008616E-004   3.8628372043807266E-004   6.4061557583407246E-004   1.3614107432546303E-003  0.28010487078990270        3.2323270199873777     
   1.4060012711447590E-004   2.3304666506117545E-004   3.8627721286882671E-004   6.4031489285171412E-004   1.1694535931020002E-003  0.14408105500582119        3.1610588946492304     
   1.4059515780940598E-004   2.3303843084004927E-004   3.8626355068352658E-004   6.4024033912401645E-004   1.0949908730407706E-003   7.3483528241534812E-002   3.1632633789362576     
   1.4057915528055157E-004   2.3301191582648931E-004   3.8621963941023508E-004   6.4016124800582051E-004   1.0700846343621193E-003   3.6940475162242463E-002   3.2526886176690732     
