   1.1277234346659471E-004   1.0655666542114157E-003   4.1687228104966287E-003   6.5604178601867897E-003   4.1687228104966053E-003   1.0655666542114153E-003   1.1277234346659346E-004
   1.1267232542392780E-004   1.0646216007718235E-003   4.1650255609484692E-003   6.5545994109706658E-003   4.1650255609484606E-003   1.0646216007718222E-003   1.1267232542392760E-004
   1.1256830665955624E-004   1.0636387451946473E-003   4.1611804214184327E-003   6.5485482237858826E-003   4.1611804214184457E-003   1.0636387451946410E-003   1.1256830665955532E-004
   1.1246028717347717E-004   1.0626180874798849E-003   4.1571873919064757E-003   6.5422642986324416E-003   4.1571873919064826E-003   1.0626180874798820E-003   1.1246028717347584E-004
   1.1235169615572495E-004   1.0615920294597496E-003   4.1531732352542454E-003   6.5359471251977466E-003   4.1531732352542202E-003   1.0615920294597542E-003   1.1235169615572440E-004
   1.1224424820131912E-004   1.0605767720503591E-003   4.1492013328825418E-003   6.5296964483255544E-003   4.1492013328825331E-003   1.0605767720503585E-003   1.1224424820131781E-004
   1.1213737177858424E-004   1.0595669149463343E-003   4.1452505576511168E-003   6.5234790197345825E-003   4.1452505576511055E-003   1.0595669149463377E-003   1.1213737177858361E-004
   1.1203106688752190E-004   1.0585624581476777E-003   4.1413209095599720E-003   6.5172948394248793E-003   4.1413209095599668E-003   1.0585624581476829E-003   1.1203106688752144E-004
   1.1192304740144341E-004   1.0575418004329237E-003   4.1373278800480159E-003   6.5110109142714383E-003   4.1373278800480046E-003   1.0575418004329176E-003   1.1192304740144259E-004
   1.1181102719365753E-004   1.0564833405805744E-003   4.1331869605541281E-003   6.5044942511493760E-003   4.1331869605541107E-003   1.0564833405805724E-003   1.1181102719365647E-004
   1.1169386320082049E-004   1.0553762779799099E-003   4.1288558967977219E-003   6.4976783534961653E-003   4.1288558967977358E-003   1.0553762779799050E-003   1.1169386320081947E-004
   1.1156926929624266E-004   1.0541990114094403E-003   4.1242501802178089E-003   6.4904302281869140E-003   4.1242501802178063E-003   1.0541990114094392E-003   1.1156926929624168E-004
   1.1143838854326803E-004   1.0529623414799146E-003   4.1194120650948247E-003   6.4828163717840564E-003   4.1194120650948360E-003   1.0529623414799133E-003   1.1143838854326748E-004
   1.1129950634688051E-004   1.0516500672752233E-003   4.1142781700080015E-003   6.4747370394439303E-003   4.1142781700080145E-003   1.0516500672752198E-003   1.1129950634687974E-004
   1.1115262270708015E-004   1.0502621887953638E-003   4.1088484949573668E-003   6.4661922311665234E-003   4.1088484949573425E-003   1.0502621887953612E-003   1.1115262270707909E-004
   1.1099773762386601E-004   1.0487987060403335E-003   4.1031230399428305E-003   6.4571819469517802E-003   4.1031230399428305E-003   1.0487987060403307E-003   1.1099773762386536E-004
   1.1083370803389416E-004   1.0472488183993968E-003   4.0970595506839309E-003   6.4476396902373150E-003   4.0970595506839248E-003   1.0472488183994010E-003   1.1083370803389311E-004
   1.1065939087381933E-004   1.0456017252618130E-003   4.0906157729000492E-003   6.4374989644606214E-003   4.0906157729000553E-003   1.0456017252618210E-003   1.1065939087381872E-004
   1.1047364308029751E-004   1.0438466260168564E-003   4.0837494523106865E-003   6.4266932730592131E-003   4.0837494523106753E-003   1.0438466260168581E-003   1.1047364308029676E-004
   1.1027417852663794E-004   1.0419619194430392E-003   4.0763760803546939E-003   6.4150896229081484E-003   4.0763760803547199E-003   1.0419619194430385E-003   1.1027417852663672E-004
   1.1006042568116888E-004   1.0399422052349892E-003   4.0684745298918829E-003   6.4026547657262314E-003   4.0684745298918603E-003   1.0399422052349938E-003   1.1006042568116851E-004
   1.0983066994887369E-004   1.0377712824766034E-003   4.0599814195013302E-003   6.3892889566697121E-003   4.0599814195013337E-003   1.0377712824766062E-003   1.0983066994887345E-004
   1.0958319673473509E-004   1.0354329502517837E-003   4.0508333677622792E-003   6.3748924508949308E-003   4.0508333677622748E-003   1.0354329502517857E-003   1.0958319673473444E-004
   1.0931743450708066E-004   1.0329218082551460E-003   4.0410092475344139E-003   6.3594320001205901E-003   4.0410092475344104E-003   1.0329218082551503E-003   1.0931743450707913E-004
   1.0903338326590970E-004   1.0302378564867006E-003   4.0305090588177639E-003   6.3429076043467585E-003   4.0305090588177448E-003   1.0302378564866993E-003   1.0903338326590860E-004
   1.0872989994787778E-004   1.0273702943357059E-003   4.0192905473317407E-003   6.3252527670108957E-003   4.0192905473317511E-003   1.0273702943356989E-003   1.0872989994787625E-004
   1.0840412689462347E-004   1.0242921202753086E-003   4.0072480773750020E-003   6.3063012467068835E-003   4.0072480773750089E-003   1.0242921202753086E-003   1.0840412689462190E-004
   1.0805377797945618E-004   1.0209817330840414E-003   3.9942971403864429E-003   6.2859200503097732E-003   3.9942971403864541E-003   1.0209817330840434E-003   1.0805377797945553E-004
   1.0767771013903264E-004   1.0174283321511667E-003   3.9803954820855133E-003   6.2640426812570586E-003   3.9803954820855211E-003   1.0174283321511674E-003   1.0767771013903170E-004
   1.0727592337335277E-004   1.0136319174766776E-003   3.9655431024721993E-003   6.2406691395487691E-003   3.9655431024722037E-003   1.0136319174766859E-003   1.0727592337335149E-004
   1.0684441696070827E-004   1.0095546869230052E-003   3.9495921115646152E-003   6.2155666872162636E-003   3.9495921115645918E-003   1.0095546869230085E-003   1.0684441696070699E-004
   1.0638090477441082E-004   1.0051750392686585E-003   3.9324580008015921E-003   6.1886023311346046E-003   3.9324580008015904E-003   1.0051750392686585E-003   1.0638090477440974E-004
   1.0588081456108179E-004   1.0004497720706893E-003   3.9139717530610124E-003   6.1595100850538919E-003   3.9139717530609960E-003   1.0004497720706872E-003   1.0588081456108117E-004
   1.0534071713068630E-004   9.9534648349688297E-004   3.8940066055011650E-003   6.1280904592867025E-003   3.8940066055011520E-003   9.9534648349687517E-004   1.0534071713068551E-004
   1.0475604022984524E-004   9.8982197110427435E-004   3.8723935409998712E-003   6.0940774675831751E-003   3.8723935409998435E-003   9.8982197110427609E-004   1.0475604022984445E-004
   1.0412221160517985E-004   9.8383303244993264E-004   3.8489635424349233E-003   6.0572051236934613E-003   3.8489635424349129E-003   9.8383303244993460E-004   1.0412221160517917E-004
   1.0343351593996666E-004   9.7732566448015604E-004   3.8235053384035756E-003   6.0171409448051549E-003   3.8235053384035661E-003   9.7732566448015474E-004   1.0343351593996590E-004
   1.0268423791748145E-004   9.7024586414125021E-004   3.7958076575030967E-003   5.9735524481059161E-003   3.7958076575030902E-003   9.7024586414125465E-004   1.0268423791748047E-004
   1.0186866222100078E-004   9.6253962837952972E-004   3.7656592283307022E-003   5.9261071507834186E-003   3.7656592283306857E-003   9.6253962837953070E-004   1.0186866222099963E-004
   1.0098335966048964E-004   9.5417455536277824E-004   3.7329332880447499E-003   5.8746055631502311E-003   3.7329332880447607E-003   9.5417455536277987E-004   1.0098335966048887E-004
   1.0002318645089714E-004   9.4510204234267642E-004   3.6974396923827924E-003   5.8187484506752544E-003   3.6974396923828076E-003   9.4510204234267447E-004   1.0002318645089651E-004
   9.8981855743827843E-005   9.3526268596015800E-004   3.6589460428018022E-003   5.7581700822648746E-003   3.6589460428018009E-003   9.3526268596015236E-004   9.8981855743827097E-005
   9.7854223754229949E-005   9.2460788346689917E-004   3.6172621950392760E-003   5.6925712233880333E-003   3.6172621950392855E-003   9.2460788346690047E-004   9.7854223754229177E-005
   9.6625430658620558E-005   9.1299722692331057E-004   3.5718388434480969E-003   5.6210874187325307E-003   3.5718388434480774E-003   9.1299722692331166E-004   9.6625430658619948E-005
   9.5282331228536447E-005   9.0030650930590281E-004   3.5221900638019070E-003   5.5429539578300381E-003   3.5221900638019005E-003   9.0030650930590108E-004   9.5282331228535959E-005
   9.3815209425547144E-005   8.8644392542339590E-004   3.4679566947160580E-003   5.4576056198995040E-003   3.4679566947160394E-003   8.8644392542339405E-004   9.3815209425545721E-005
   9.2212634616203545E-005   8.7130146916841104E-004   3.4087161933850298E-003   5.3643774393162501E-003   3.4087161933850142E-003   8.7130146916840812E-004   9.2212634616202786E-005
   9.0475749863852073E-005   8.5488994115168410E-004   3.3445108140893898E-003   5.2633359126427557E-003   3.3445108140893742E-003   8.5488994115168106E-004   9.0475749863851341E-005
   8.8614842738595707E-005   8.3730654686985865E-004   3.2757208453540608E-003   5.1550795089412267E-003   3.2757208453540565E-003   8.3730654686985572E-004   8.8614842738594352E-005
   8.6646487658930879E-005   8.1870789517863804E-004   3.2029589742470668E-003   5.0405724283675317E-003   3.2029589742470542E-003   8.1870789517864216E-004   8.6646487658930527E-005
   8.4580972194963388E-005   7.9919119157467462E-004   3.1266054892933161E-003   4.9204131399838329E-003   3.1266054892933031E-003   7.9919119157467365E-004   8.4580972194962494E-005
   8.2408580308261203E-005   7.7866463086668548E-004   3.0463012291081339E-003   4.7940364230091839E-003   3.0463012291081213E-003   7.7866463086668559E-004   8.2408580308260498E-005
   8.0117309833704895E-005   7.5701480664192272E-004   2.9616025237457592E-003   4.6607440635376279E-003   2.9616025237457605E-003   7.5701480664192185E-004   8.0117309833703743E-005
   7.7705446176277296E-005   7.3422551798427637E-004   2.8724459917853738E-003   4.5204363167254888E-003   2.8724459917853708E-003   7.3422551798427529E-004   7.7705446176276361E-005
   7.5174703930995236E-005   7.1031296580985359E-004   2.7788950146477921E-003   4.3732129274164184E-003   2.7788950146477925E-003   7.1031296580985142E-004   7.5174703930994219E-005
   7.2520510844479568E-005   6.8523394767570293E-004   2.6807805752108167E-003   4.2188079093605484E-003   2.6807805752108111E-003   6.8523394767570564E-004   7.2520510844478674E-005
   6.9733722409973087E-005   6.5890205869592133E-004   2.5777646392300423E-003   4.0566892900581533E-003   2.5777646392300515E-003   6.5890205869592296E-004   6.9733722409972315E-005
   6.6805194120717081E-005   6.3123089398459857E-004   2.4695091724610857E-003   3.8863250970094659E-003   2.4695091724610840E-003   6.3123089398459630E-004   6.6805194120716146E-005
   6.3729210659987771E-005   6.0216645048804661E-004   2.3558029035011712E-003   3.7073828474021107E-003   2.3558029035011751E-003   6.0216645048804347E-004   6.3729210659987270E-005
   6.0502914369423769E-005   5.7168172667941748E-004   2.2365401966489601E-003   3.5196962998299179E-003   2.2365401966489601E-003   5.7168172667941585E-004   6.0502914369423233E-005
   5.7128591375714382E-005   5.3979832378018731E-004   2.1118055604655061E-003   3.3233984474178302E-003   2.1118055604655104E-003   5.3979832378018850E-004   5.7128591375714063E-005
   5.3613100058927862E-005   5.0658104545478586E-004   1.9818525206341570E-003   3.1188882695406769E-003   1.9818525206341522E-003   5.0658104545478705E-004   5.3613100058927388E-005
   4.9971300242546238E-005   4.7217029964281468E-004   1.8472303828020200E-003   2.9070302215105526E-003   1.8472303828020187E-003   4.7217029964281544E-004   4.9971300242545879E-005
   4.6226624725137108E-005   4.3678749886440302E-004   1.7088053597203977E-003   2.6891874828581259E-003   1.7088053597203918E-003   4.3678749886440313E-004   4.6226624725136722E-005
   4.2409936217008364E-005   4.0072425960948173E-004   1.5677183169641273E-003   2.4671554607700562E-003   1.5677183169641267E-003   4.0072425960948282E-004   4.2409936217008066E-005
   3.8556669681847602E-005   3.6431540081093922E-004   1.4252791372302532E-003   2.2429955486829526E-003   1.4252791372302508E-003   3.6431540081093889E-004   3.8556669681847141E-005
   3.4703974678359225E-005   3.2791194231776490E-004   1.2828610846366566E-003   2.0188688848770892E-003   1.2828610846366613E-003   3.2791194231776382E-004   3.4703974678358995E-005
   3.0893001486954349E-005   2.9190270611653576E-004   1.1419853132831378E-003   1.7971693456013702E-003   1.1419853132831333E-003   2.9190270611653495E-004   3.0893001486953963E-005
   2.7166614983061051E-005   2.5669271510993447E-004   1.0042363586903102E-003   1.5803905519484567E-003   1.0042363586903079E-003   2.5669271510993328E-004   2.7166614983060831E-005
   2.3570537700469517E-005   2.2271399372749036E-004   8.7130439208017772E-004   1.3711923664171467E-003   8.7130439208017512E-004   2.2271399372748927E-004   2.3570537700469348E-005
   2.0151635236314767E-005   1.9040936700947094E-004   7.4492183895528681E-004   1.1723011480687217E-003   7.4492183895528605E-004   1.9040936700947064E-004   2.0151635236314553E-005
   1.6953343997697137E-005   1.6018925816392780E-004   6.2669436197653708E-004   9.8624376627705107E-004   6.2669436197653557E-004   1.6018925816392791E-004   1.6953343997697039E-005
   1.4015099670010767E-005   1.3242628826133017E-004   5.1807973382289932E-004   8.1531435244735551E-004   5.1807973382289780E-004   1.3242628826132954E-004   1.4015099670010698E-005
   1.1367764963563948E-005   1.0741207379160998E-004   4.2021882006922106E-004   6.6130831376632704E-004   4.2021882006922057E-004   1.0741207379160960E-004   1.1367764963563818E-005
   9.0330580819068748E-006   8.5351826358793015E-005   3.3391445204595524E-004   5.2548908492090567E-004   3.3391445204595361E-004   8.5351826358793069E-005   9.0330580819068257E-006
   7.0206950634700431E-006   6.6337351154154730E-005   2.5952579113777376E-004   4.0842188669208451E-004   2.5952579113777251E-004   6.6337351154154567E-005   7.0206950634699940E-006
   5.3329620349429380E-006   5.0390249399170963E-005   1.9713734590577720E-004   3.1023971220480671E-004   1.9713734590577674E-004   5.0390249399171030E-005   5.3329620349429032E-006
   3.9572852995332618E-006   3.7391714375721645E-005   1.4628431926391589E-004   2.3021109927189810E-004   1.4628431926391554E-004   3.7391714375721713E-005   3.9572852995332339E-006
   2.8668028686393562E-006   2.7087931731458673E-005   1.0597373561926659E-004   1.6677337867530904E-004   1.0597373561926641E-004   2.7087931731458791E-005   2.8668028686393240E-006
   2.0289374369357444E-006   1.9171084060342579E-005   7.5001347976155522E-005   1.1803139838463842E-004   7.5001347976155617E-005   1.9171084060342617E-005   2.0289374369357305E-006
   1.4025387240113549E-006   1.3252349375797400E-005   5.1846002234784858E-005   8.1591282150958737E-005   5.1846002234784695E-005   1.3252349375797422E-005   1.4025387240113475E-006
