  0.58515118675028477       0.59476324855315066       0.60438269848606996       0.59922732169687132       0.55725764580133019       0.51366034553727924       0.51688670869749875     
  0.57818511506683257       0.58704785082112865       0.59700386038196118       0.59641371714095481       0.56451566885475557       0.53466552593526251       0.55389636748528381     
  0.57255727342630580       0.58059455548164041       0.59040568449077657       0.59308435376016844       0.57063094841965245       0.55438070629768754       0.59037070693270022     
  0.56800331907719281       0.57515233163744128       0.58460181719258530       0.58973619066666960       0.57616786045282686       0.57322074121009026       0.62594974006621340     
  0.56432529892400152       0.57056765873512827       0.57953876014725347       0.58655857467831540       0.58137940204804039       0.59119477669085851       0.65993662422180810     
  0.56137567805379285       0.56673653067051455       0.57515197361815384       0.58364258854561668       0.58636631387601823       0.60783750129183201       0.69266069159497490     
  0.55904645738364167       0.56357615938001737       0.57137658606280706       0.58102531049406858       0.59114521311390200       0.62298063263873571       0.72424339688721928     
  0.55726094900466583       0.56101215275471494       0.56815485241164454       0.57872133085906607       0.59575856158755491       0.63672196096704659       0.75464696102292672     
  0.55593614040147854       0.55897252859504720       0.56541912863835608       0.57672863781551054       0.60019623740577643       0.64946661413245688       0.78357885208448164     
  0.55498324318190939       0.55738857068503578       0.56310279175087607       0.57503526566543661       0.60435892139622782       0.66152158333709199       0.81075000675534592     
  0.55432201150025906       0.55619018348611393       0.56121271199549205       0.57362443609221414       0.60818624768017038       0.67308761529722283       0.83590893943104416     
  0.55387824069585156       0.55530404848780335       0.55969040257372271       0.57247575628268565       0.61162639395740670       0.68428826941899756       0.85886634401329942     
  0.55358707468155155       0.55466568144139250       0.55848444166559730       0.57157391348754294       0.61476228381699860       0.69521899056403091       0.87953019889217288     
  0.55339733738827224       0.55421451695967994       0.55754103284815382       0.57089183675022082       0.61761931793307367       0.70593200556006330       0.89788580792698003     
  0.55327717268508880       0.55390219615500857       0.55681703634478885       0.57040714556499494       0.62021824442153950       0.71646547632648583       0.91399858721561733     
  0.55320655954582798       0.55369295259277507       0.55626928832540579       0.57009806219034864       0.62261860225454102       0.72684385291067743       0.92799329596719549     
  0.55317104088209101       0.55355949086804179       0.55584995239999169       0.56993605556562654       0.62486079648156478       0.73707840310053419       0.94003384834840842     
  0.55316168723374937       0.55348363136231793       0.55556080441682965       0.56989982686332818       0.62696624231487275       0.74717429998495566       0.95030812460453584     
  0.55317194155271621       0.55345445865657805       0.55539108935530002       0.56997918884699150       0.62895139703238268       0.75713276225616921       0.95901262660259368     
  0.55319508173202347       0.55345276601880811       0.55531859277901385       0.57016095568648240       0.63084779321175688       0.76694844596563727       0.96633994460592998     
  0.55322752958225185       0.55347306929386253       0.55532274824171235       0.57044037446417695       0.63268825647802696       0.77662027780271536       0.97247431051327071     
  0.55326559681778198       0.55351520474794946       0.55537919313752737       0.57081007487252178       0.63449705961979919       0.78614232472109558       0.97758377714577793     
  0.55330475445871263       0.55356901669678904       0.55547172215413898       0.57125706525763309       0.63630541547386588       0.79550839473413204       0.98181955283822564     
  0.55334477852835984       0.55363036285744838       0.55560345222738838       0.57177196451195367       0.63814077901436239       0.80471557712309738       0.98531594411515289     
  0.55338504335538363       0.55369837524940935       0.55578169539051570       0.57236167207457467       0.64002346971361845       0.81376255763519922       0.98819016380803759     
  0.55342401607896985       0.55376939345974296       0.55600347162987418       0.57303793530331415       0.64198283871823936       0.82264368642582408       0.99054287663186935     
  0.55345782196195425       0.55384029274522373       0.55626078644556398       0.57379462399656034       0.64402675660519959       0.83134884672049192       0.99246000171340565     
  0.55348179291068023       0.55390613278315148       0.55654330404856645       0.57463031650647134       0.64616457643827141       0.83986974633397771       0.99401527079513952     
  0.55349656421808702       0.55396480173812257       0.55684263965304037       0.57554671254742973       0.64840975336269069       0.84820219666051866       0.99527153960126991     
  0.55349251642070829       0.55401475774288078       0.55715892985864113       0.57655038415686655       0.65077733536855542       0.85634553752687204       0.99628196201774333     
  0.55346029322519974       0.55403760693948567       0.55747841426542677       0.57762879705130310       0.65326353090614764       0.86428683383704841       0.99709058198919165     
  0.55339125456351124       0.55402868451097165       0.55778963261922443       0.57877735928331941       0.65587632340835555       0.87202047788217563       0.99773458572591145     
  0.55326485332433917       0.55399600050922604       0.55806749698559976       0.57998161025511841       0.65864930410299938       0.87953465212686766       0.99824480919376835     
  0.55306001027097385       0.55391938257632756       0.55828953604736664       0.58123185601892680       0.66158679374475493       0.88682130346485233       0.99864698543996178     
  0.55275134188030473       0.55376952233298005       0.55842415150013647       0.58251341569609982       0.66473863796568544       0.89386957277802082       0.99896230097954231     
  0.55231459785348980       0.55350472714792942       0.55841261920372998       0.58379678220801334       0.66805587091187513       0.90066632473909536       0.99920817609784063     
  0.55171918197541403       0.55302126619215064       0.55822434816761390       0.58506153836018626       0.67150026980653588       0.90719732144083165       0.99939882473255226     
  0.55092431503370787       0.55212310273351151       0.55777511089348719       0.58624942540661451       0.67496610519174594       0.91344123474873140       0.99954583279299292     
  0.54984505306648268       0.55063132969405582       0.55700744395476665       0.58727309366014580       0.67832053814611615       0.91936771430484121       0.99965856330603053     
  0.54789096979417329       0.54838065699869643       0.55583526267786110       0.58807946417350643       0.68166078962692123       0.92494929107634338       0.99974455841696197     
  0.54400751493745214       0.54520106011866065       0.55405625753940224       0.58860762319328708       0.68502956023961481       0.93015524289789042       0.99980978964065714     
  0.53851493943538553       0.54100632930822234       0.55153643880850289       0.58876945057883678       0.68838796844876116       0.93495693611183217       0.99985898543961549     
  0.53153128265680161       0.53565852353527998       0.54821370177338613       0.58849812288020897       0.69168161388693328       0.93933206854483786       0.99989588345810354     
  0.52296975021011138       0.52888481231875706       0.54384954037169797       0.58779398458632004       0.69476947798213196       0.94324364263064275       0.99992336870196730     
   1.0000000000000000        1.0000000000000000        1.0000000000000000        1.0000000000000000        1.0000000000000000        1.0000000000000000        1.0000000000000000     
   1.0000000000000000        1.0000000000000000        1.0000000000000000        1.0000000000000000        1.0000000000000000        1.0000000000000000        1.0000000000000000     
   1.0000000000000000        1.0000000000000000        1.0000000000000000        1.0000000000000000        1.0000000000000000        1.0000000000000000        1.0000000000000000     
   1.0000000000000000        1.0000000000000000        1.0000000000000000        1.0000000000000000        1.0000000000000000        1.0000000000000000        1.0000000000000000     
   1.0000000000000000        1.0000000000000000        1.0000000000000000        1.0000000000000000        1.0000000000000000        1.0000000000000000        1.0000000000000000     
   1.0000000000000000        1.0000000000000000        1.0000000000000000        1.0000000000000000        1.0000000000000000        1.0000000000000000        1.0000000000000000     
   1.0000000000000000        1.0000000000000000        1.0000000000000000        1.0000000000000000        1.0000000000000000        1.0000000000000000        1.0000000000000000     
   1.0000000000000000        1.0000000000000000        1.0000000000000000        1.0000000000000000        1.0000000000000000        1.0000000000000000        1.0000000000000000     
   1.0000000000000000        1.0000000000000000        1.0000000000000000        1.0000000000000000        1.0000000000000000        1.0000000000000000        1.0000000000000000     
   1.0000000000000000        1.0000000000000000        1.0000000000000000        1.0000000000000000        1.0000000000000000        1.0000000000000000        1.0000000000000000     
   1.0000000000000000        1.0000000000000000        1.0000000000000000        1.0000000000000000        1.0000000000000000        1.0000000000000000        1.0000000000000000     
   1.0000000000000000        1.0000000000000000        1.0000000000000000        1.0000000000000000        1.0000000000000000        1.0000000000000000        1.0000000000000000     
   1.0000000000000000        1.0000000000000000        1.0000000000000000        1.0000000000000000        1.0000000000000000        1.0000000000000000        1.0000000000000000     
   1.0000000000000000        1.0000000000000000        1.0000000000000000        1.0000000000000000        1.0000000000000000        1.0000000000000000        1.0000000000000000     
   1.0000000000000000        1.0000000000000000        1.0000000000000000        1.0000000000000000        1.0000000000000000        1.0000000000000000        1.0000000000000000     
   1.0000000000000000        1.0000000000000000        1.0000000000000000        1.0000000000000000        1.0000000000000000        1.0000000000000000        1.0000000000000000     
   1.0000000000000000        1.0000000000000000        1.0000000000000000        1.0000000000000000        1.0000000000000000        1.0000000000000000        1.0000000000000000     
   1.0000000000000000        1.0000000000000000        1.0000000000000000        1.0000000000000000        1.0000000000000000        1.0000000000000000        1.0000000000000000     
   1.0000000000000000        1.0000000000000000        1.0000000000000000        1.0000000000000000        1.0000000000000000        1.0000000000000000        1.0000000000000000     
   1.0000000000000000        1.0000000000000000        1.0000000000000000        1.0000000000000000        1.0000000000000000        1.0000000000000000        1.0000000000000000     
   1.0000000000000000        1.0000000000000000        1.0000000000000000        1.0000000000000000        1.0000000000000000        1.0000000000000000        1.0000000000000000     
   1.0000000000000000        1.0000000000000000        1.0000000000000000        1.0000000000000000        1.0000000000000000        1.0000000000000000        1.0000000000000000     
   1.0000000000000000        1.0000000000000000        1.0000000000000000        1.0000000000000000        1.0000000000000000        1.0000000000000000        1.0000000000000000     
   1.0000000000000000        1.0000000000000000        1.0000000000000000        1.0000000000000000        1.0000000000000000        1.0000000000000000        1.0000000000000000     
   1.0000000000000000        1.0000000000000000        1.0000000000000000        1.0000000000000000        1.0000000000000000        1.0000000000000000        1.0000000000000000     
   1.0000000000000000        1.0000000000000000        1.0000000000000000        1.0000000000000000        1.0000000000000000        1.0000000000000000        1.0000000000000000     
   1.0000000000000000        1.0000000000000000        1.0000000000000000        1.0000000000000000        1.0000000000000000        1.0000000000000000        1.0000000000000000     
   1.0000000000000000        1.0000000000000000        1.0000000000000000        1.0000000000000000        1.0000000000000000        1.0000000000000000        1.0000000000000000     
   1.0000000000000000        1.0000000000000000        1.0000000000000000        1.0000000000000000        1.0000000000000000        1.0000000000000000        1.0000000000000000     
   1.0000000000000000        1.0000000000000000        1.0000000000000000        1.0000000000000000        1.0000000000000000        1.0000000000000000        1.0000000000000000     
   1.0000000000000000        1.0000000000000000        1.0000000000000000        1.0000000000000000        1.0000000000000000        1.0000000000000000        1.0000000000000000     
   1.0000000000000000        1.0000000000000000        1.0000000000000000        1.0000000000000000        1.0000000000000000        1.0000000000000000        1.0000000000000000     
   1.0000000000000000        1.0000000000000000        1.0000000000000000        1.0000000000000000        1.0000000000000000        1.0000000000000000        1.0000000000000000     
   1.0000000000000000        1.0000000000000000        1.0000000000000000        1.0000000000000000        1.0000000000000000        1.0000000000000000        1.0000000000000000     
   1.0000000000000000        1.0000000000000000        1.0000000000000000        1.0000000000000000        1.0000000000000000        1.0000000000000000        1.0000000000000000     
   1.0000000000000000        1.0000000000000000        1.0000000000000000        1.0000000000000000        1.0000000000000000        1.0000000000000000        1.0000000000000000     
   1.0000000000000000        1.0000000000000000        1.0000000000000000        1.0000000000000000        1.0000000000000000        1.0000000000000000        1.0000000000000000     
