   2.5786365792845216     
   2.5888286052533536     
   2.5858529609741474     
   2.5754373527748338     
   2.5581474879519397     
   2.5361538240954964     
   2.5109068095615363     
   2.4827142461098877     
   2.4516619982910668     
   2.4178389344743598     
   2.3813856783459104     
   2.3424732917833873     
   2.3012689562797579     
   2.2579481173449789     
   2.2126366896129586     
   2.1654502287203492     
   2.1165090839392264     
   2.0659014698851133     
   2.0137127777043604     
   1.9600139684430564     
   1.9048533051443048     
   1.8482483195000998     
   1.7901896135486000     
   1.7306276911464427     
   1.6695046738927166     
   1.6067501424626354     
   1.5422541251934687     
   1.4758837681829318     
   1.4074946250077807     
   1.3369129186721540     
   1.2639296726673490     
   1.1882949602838797     
   1.1097491808391931     
   1.0279658588038325     
  0.94255185452414803     
  0.85302496506740400     
  0.75881280107174787     
  0.65920587377224293     
  0.55336461747640397     
  0.44022945626635324     
  0.31842846422680632     
  0.18647581897888438     
   4.2648290974350966E-002
 -0.11489443310452017     
 -0.28576902775290480     
 -0.21897395744937381     
 -0.15807785444625105     
 -0.10335342342820510     
  -5.4348825053425691E-002
  -1.0814322471626909E-002
   2.7400537633402330E-002
   6.0602192359216753E-002
   8.9259627051460816E-002
  0.11358677771404060     
  0.13399190926220200     
  0.15103982377991773     
  0.16491959433878042     
  0.17549860549786098     
  0.18276830182043774     
  0.18675831664244993     
  0.18766619956588843     
  0.18563842844896156     
  0.18092820616030394     
  0.17378527470840111     
  0.16459687273199558     
  0.15400332706146641     
  0.14265064016251805     
  0.13111946599873003     
  0.12010515586971801     
  0.11010569272059036     
  0.10125464712428707     
   9.3162998119905985E-002
   8.5156642178814509E-002
   7.6382088345579968E-002
   6.6111870961536631E-002
   5.4380938278740631E-002
   4.2423065102381724E-002
   3.2138527130583766E-002
   2.4559472422526395E-002
   1.9056467196515773E-002
   1.4213468670497147E-002
