   2.8784076540109189        2.7655288813595846        2.5756837385739551        2.1968727423643903        1.7584230155965324        6.0742379179767960        20.121364570862802     
   2.8957956186138545        2.7918960047132488        2.6085513212162583        2.2202450282220574        1.7284613640513999        6.0426187666617244        20.245936393163444     
   2.9062042059736890        2.8103679960757337        2.6335893044849352        2.2368123148002308        1.6836471135940649        5.9533043298344657        20.216883370411740     
   2.9108158778962059        2.8220302456113604        2.6516168989283759        2.2467105807412961        1.6259623530674496        5.8754314396394962        20.134400472422687     
   2.9105737787011234        2.8278120556709871        2.6633379688360623        2.2501386493642270        1.5592653729179289        5.7986418818342305        19.992981659046084     
   2.9062622381373640        2.8284947889634036        2.6693786674099629        2.2476139223641263        1.4925943921673166        5.7150423863193227        19.803778165323635     
   2.8985116485439169        2.8247348376330850        2.6702905750236958        2.2399565095767224        1.4294094126482746        5.6256059840637898        19.576686336989400     
   2.8878265942219219        2.8170853337291542        2.6665471251393944        2.2277932104713565        1.3688712344151222        5.5314145351183859        19.319904945452613     
   2.8745969515373337        2.8060035884333239        2.6585567520381348        2.2115868124064484        1.3096239363075080        5.4334772253439425        19.040427438930124     
   2.8591092557120330        2.7918551762928048        2.6466643872740550        2.1916749161177473        1.2506888215650884        5.3326513930981232        18.743797411348460     
   2.8415643272257021        2.7749252581955917        2.6311500937663292        2.1683156331180746        1.1915828012378502        5.2296456330596177        18.434429751019884     
   2.8220898976263360        2.7554287591111741        2.6122495719380132        2.1417555213778359        1.1320849573120644        5.1250508008790980        18.115866369262324     
   2.8007573826030230        2.7335189080431714        2.5901404153413030        2.1121459294335274        1.0722238038334291        5.0193757605625064        17.790935680904724     
   2.7776083913987817        2.7092966714826519        2.5649763231505496        2.0796574525465519        1.0121020668960206        4.9130612579282387        17.461918092753670     
   2.7526393988236837        2.6828153667918970        2.5368801422033256        2.0443460427488560       0.95187085533019267        4.8064857017271523        17.130621228100999     
   2.7258086775751886        2.6540913508420290        2.5059347957187614        2.0062851437801053       0.89168319901651505        4.6999808115529245        16.798483576577460     
   2.6970462182342150        2.6231092341772189        2.4721931914605708        1.9656097182958039       0.83167415257862365        4.5938315088676713        16.466642720361090     
   2.6662550669422171        2.5898106586636809        2.4356789471687992        1.9223968107763381       0.77199007306994638        4.4883009471644160        16.135992420840150     
   2.6333125839554974        2.5541173050212240        2.3964182069536442        1.8767240460552201       0.71278330694254666        4.3836133523898306        15.807228000506388     
   2.5980683886028677        2.5159200791586263        2.3544146333502889        1.8286582486641088       0.65420606784010527        4.2799647069809490        15.480886579842851     
   2.5603529790503328        2.4750710131099201        2.3096592085615990        1.7782325833846082       0.59640377408451706        4.1775221284453066        15.157369639218343     
   2.5199811938876584        2.4314067642028232        2.2620996665358248        1.7254480076248548       0.53950232829667688        4.0764261062892926        14.836982949698021     
   2.4767427987150565        2.3847503706837960        2.2116815227512521        1.6702688956272040       0.48358443851138355        3.9768080406170041        14.519958517932315     
   2.4303982302680183        2.3348842557194525        2.1581906916263356        1.6126603036565219       0.42874470895786143        3.8787740050751602        14.206465951739533     
   2.3806809768325841        2.2815526381132107        2.1014130796068482        1.5525703719338027       0.37508478802555328        3.7824159285338630        13.896637907774048     
   2.3272904718314211        2.2244811852581408        2.0411356411571062        1.4899340044864962       0.32268302212230032        3.6878153904986646        13.590588011603653     
   2.2698936884011247        2.1633735649156387        1.9770822028397339        1.4246477750796431       0.27158828259148926        3.5950393952141111        13.288409270166072     
   2.2081220994772770        2.0978890745645371        1.9089882072334259        1.3565641854649526       0.22182831004643599        3.5041431906535752        12.990175026908624     
   2.1415637231470286        2.0276418071753604        1.8365767549933036        1.2855419241428689       0.17340251246793745        3.4151667235751320        12.695943755021419     
   2.0697548634328511        1.9521867228765339        1.7595367283974601        1.2114268880476837       0.12626181189932542        3.3281415998648511        12.405776884586402     
   1.9921715343691879        1.8710137817744490        1.6775284555099967        1.1340268701441527        8.0318514045238640E-002   3.2430961469413946        12.119755320735495     
   1.9082099052394126        1.7835424046924924        1.5901925705957993        1.0530965088254030        3.5441931858485806E-002   3.1600478542639698        11.837952690887557     
   1.8171544684364107        1.6891453290965919        1.4971522700056243       0.96843650945986171       -8.5760716981033592E-003   3.0790022562017820        11.560455923880463     
   1.7181324015153556        1.5871568592925924        1.3979328715311605       0.87978286856000854       -5.2004145501247746E-002   2.9999555499666157        11.287347968864163     
   1.6100604775167471        1.4768334132567851        1.2919793328836597       0.78682069441530855       -9.5199523969172806E-002   2.9228975379157913        11.018724292331257     
   1.4915080781425469        1.3574509736695970        1.1786302953882706       0.68914501851266263      -0.13863410390073796        2.8478112029499418        10.754689138377234     
   1.3608692275386711        1.2283786860197874        1.0570884134107352       0.58625537757409529      -0.18288746912129522        2.7746840043865371        10.495363632562400     
   1.2171571190281669        1.0890467652751950       0.92641970797402673       0.47743291940023114      -0.22865771484816069        2.7034987001194803        10.240876649162482     
   1.0598139064518048       0.93869825388691797       0.78542466015196533       0.36187446440211740      -0.27675280236434191        2.6342598261606458        9.9913715399446197     
  0.88904863635919484       0.77651302430667024       0.63256841304951694       0.23850288849930201      -0.32813191666888081        2.5669790012051541        9.7470150316989805     
  0.70490962243138400       0.60042196277190207       0.46606568097995671       0.10594730566279180      -0.38400548990377525        2.5016419581509011        9.5080242216077995     
  0.50461326999839573       0.40777084577568473       0.28406007783062903       -3.7103173289708406E-002 -0.44584431261120649        2.4381966124125980        9.2746699057615878     
  0.28420459337545378       0.19571529659360737        8.4394515696804562E-002 -0.19237392935008510      -0.51505667734129157        2.3765397757913473        9.0472678290295345     
   3.9796583492099781E-002  -3.9165988849568081E-002 -0.13352489677622240      -0.36235541925316800      -0.59374379828216028        2.3165397348852390        8.8262094561264490     
 -0.23024503530357862      -0.29783825758312577      -0.36989041240121828      -0.54567438408143110      -0.68211889801061631        2.2586241357681671        8.6119596062029817     
 -0.16799310803277012      -0.22948015390821302      -0.29606369557524326      -0.46228383984291749      -0.61597678230469666        2.2261674578511026        8.4051231879841133     
 -0.11841614752900957      -0.17234450172252103      -0.23368780425260530      -0.38524037237775249      -0.54990181829584162        2.1945118301280369        8.2018766355062258     
  -7.8362685760882095E-002 -0.12635196830434467      -0.18198896237301379      -0.31565113134000439      -0.48411217871418288        2.1634953363813136        8.0019930631783538     
  -4.9264519552028881E-002  -8.8515307564432183E-002 -0.13855814028938285      -0.25408933106101000      -0.41891690030669648        2.1329369895782149        7.8052395141128468     
  -3.0122769146520567E-002  -5.8831774166896417E-002 -0.10194859025634301      -0.20057823210949435      -0.35467060840721149        2.1026593666536018        7.6114601259441486     
  -1.7994138542649869E-002  -3.7428558151547046E-002  -7.1925053252709481E-002 -0.15473499615169467      -0.29159799204739889        2.0725156128646565        7.4206588959339976     
  -1.0636458831444604E-002  -2.3027831783457676E-002  -4.8319579645295332E-002 -0.11597582153989332      -0.22987801796160920        2.0423849667939042        7.2329918035242340     
  -5.8843812731235552E-003  -1.3888470365717040E-002  -3.0821595044759148E-002  -8.3675143051718526E-002 -0.16933343389296088        2.0121167185592101        7.0485977065931662     
  -2.8793414661027945E-003  -8.1006091815460663E-003  -1.8697712219778395E-002  -5.7228536226595086E-002 -0.11123084921536802        1.9815262490794416        6.8675986155168305     
  -1.1621289302671319E-003  -4.3901744353370721E-003  -1.0791632210157377E-002  -3.6106431164151576E-002  -5.6163196993016626E-002   1.9504139289953422        6.6902164766835295     
  -3.1451207473583414E-004  -2.0883986907008108E-003  -5.8652596544856465E-003  -1.9847910669816258E-002  -3.8961804438483925E-003   1.9185762175414687        6.5168122109463509     
   2.0215759686048069E-005  -7.7794385755657882E-004  -2.8982280623414312E-003  -8.0127931408446665E-003   4.4570552538083320E-002   1.8857896883357461        6.3477526753295459     
   1.1415153874324438E-004  -1.3866902318626469E-004  -1.1538151910584502E-003  -1.3339732140102789E-004   8.7186999299962570E-002   1.8517881527140767        6.1833049936899362     
   1.2668284171185463E-004   1.0997663321478629E-004  -2.1003360508483007E-004   4.2921501765537592E-003  0.12270532335132815        1.8162567052316565        6.0236575911968888     
   1.2267921656688001E-004   1.8014537606039402E-004   2.1032880405085077E-004   5.9239275970002208E-003  0.14996646922120677        1.7788276676028674        5.8689478145989575     
   1.1925304985641128E-004   1.8978805090669307E-004   3.3764683541073602E-004   5.8040501950556139E-003  0.16799426065009515        1.7390742654572171        5.7192474729545095     
   1.1809502812478405E-004   1.8840666195659255E-004   3.3260760317813397E-004   4.6942253898504399E-003  0.17614599512816584        1.6965148928600005        5.5745558814746472     
   1.1806893938950578E-004   1.8849096736352696E-004   3.0090311066654563E-004   3.3782083404212491E-003  0.17426817013342025        1.6506113967475533        5.4347551413792674     
   1.1833610015239648E-004   1.9034014713770770E-004   2.8376314642566838E-004   2.2494554391343752E-003  0.16288564024915683        1.6007941294709211        5.2996224142559152     
   1.1858563024152417E-004   1.9250254045353506E-004   2.8504151059571717E-004   1.3988358152351270E-003  0.14360590108677834        1.5465047957952527        5.1688446741811793     
   1.1875995794391902E-004   1.9426128633524736E-004   2.9516131459782484E-004   8.6406055634780132E-004  0.11916458630674640        1.4872559739663103        5.0420416952736202     
   1.1886924783312498E-004   1.9549740910060107E-004   3.0616469291365337E-004   5.9399161177380673E-004   9.2418916754636177E-002   1.4227246162029263        4.9187570740985880     
   1.1893159942484085E-004   1.9629871022050548E-004   3.1471300421347456E-004   5.0156862816909083E-004   6.5962627063030299E-002   1.3527786033480480        4.7983888324489268     
   1.1896285445524304E-004   1.9678031727940151E-004   3.2041821996910467E-004   4.9788303343315237E-004   4.2818935033885522E-002   1.2774826229750760        4.6801464610073920     
   1.1897569056180105E-004   1.9704107994656975E-004   3.2386705319656280E-004   5.2061125272356162E-004   2.5139528270853962E-002   1.1969862433961906        4.5628738187694537     
   1.1897943233580388E-004   1.9716129297150600E-004   3.2575220781555866E-004   5.3982140135631505E-004   1.3618459034539098E-002   1.1111013679364761        4.4448436064721433     
   1.1897983960747030E-004   1.9720369959732188E-004   3.2663368587936963E-004   5.4886256901765266E-004   7.1211038613244442E-003   1.0182711200082464        4.3235528960484286     
   1.1897954361687284E-004   1.9721223776650299E-004   3.2693327423118405E-004   5.5053658913716810E-004   4.0090556971874693E-003  0.91434905128307553        4.1954267685352722     
   1.1897926013727411E-004   1.9721131218047400E-004   3.2696318359563516E-004   5.4886352180568332E-004   2.6598314817349554E-003  0.79235368412702767        4.0555758685677610     
   1.1897898980392071E-004   1.9720977926785703E-004   3.2692055865088350E-004   5.4635115943298823E-004   2.0051586975895199E-003  0.64537225116786423        3.8973494217557278     
   1.1897861980573741E-004   1.9720878726866537E-004   3.2688871563074705E-004   5.4414644383766033E-004   1.5778528110429635E-003  0.47673596403038937        3.7118186246515266     
   1.1897802866896198E-004   1.9720773908374578E-004   3.2687624960880729E-004   5.4271940074265303E-004   1.2674225601073121E-003  0.30812991312740406        3.4869131242922897     
   1.1897701357833111E-004   1.9720604941237852E-004   3.2687127883362086E-004   5.4204652823012546E-004   1.0701746435366698E-003  0.17191978055413243        3.2077019103811861     
   1.1897510638019895E-004   1.9720288862554647E-004   3.2686577930602728E-004   5.4182868410884558E-004   9.6757677995614464E-004   8.6766856766533715E-002   2.8564824643086095     
   1.1897090011243741E-004   1.9719591960057662E-004   3.2685421860526926E-004   5.4176799531752238E-004   9.2268330546169184E-004   4.4962655735500859E-002   2.4111687902216001     
   1.1895735409590153E-004   1.9717347795804354E-004   3.2681706123214286E-004   5.4170113688704435E-004   9.0535558462914451E-004   2.6316667955334067E-002   1.8470027833348359     
