  0.99161416934881208       0.98367926732747224       0.96312517389315677       0.92498890932496702       0.87000442183111970       0.98190703300689663       0.99999999999977507     
  0.99350368507585018       0.98639532880683389       0.97195285314946156       0.93039953506936945       0.87148226905698956       0.98154071519677899       0.99999999999968858     
  0.99495724665835594       0.98887873188141984       0.97529875166033941       0.93529249520491720       0.87262502620838411       0.98121319568113907       0.99999999999958078     
  0.99606736330512369       0.99078546099663689       0.97822000082278571       0.93970892380936299       0.87339773148362432       0.98247167363807342       0.99999999999972577     
  0.99691027788369901       0.99232138624338651       0.98076714589199565       0.94370934629880066       0.87365503078095597       0.98263375076305237       0.99999999999962497     
  0.99755312205228086       0.99357221802869289       0.98298454295399573       0.94730708861067336       0.87299898681607790       0.98228501107696642       0.99999999999949463     
  0.99804633273110144       0.99460609407404843       0.98491332152169964       0.95041481428224861       0.87141047663275195       0.98193950301297905       0.99999999999932199     
  0.99842649164152630       0.99544501363497939       0.98658471029163841       0.95279057117569799       0.86884594210282218       0.98159767912048979       0.99999999999957145     
  0.99872116632568586       0.99604885972279111       0.98804614905745713       0.95325739677575461       0.86531818411104000       0.98125902169704138       0.99999999999942857     
  0.99895101221243177       0.99662785140872723       0.98931801150943977       0.95424200369444612       0.86409618184304315       0.98092376324808062       0.99999999999925371     
  0.99913152940185646       0.99710937667636323       0.99042113722704150       0.95347200282295186       0.85763776227574307       0.98059183457656707       0.99999999999902867     
  0.99927437262264629       0.99750516572119563       0.99083086670259213       0.95307380083118209       0.84883519082466552       0.98027031849590707       0.99999999999940403     
  0.99938826823469584       0.99783204033798778       0.99107057485815531       0.95163360420981968       0.83759728082629448       0.97994526961032569       0.99999999999924061     
  0.99947633333036057       0.99811366746642372       0.99112981731967964       0.94868649086760015       0.82423145667513720       0.97963367585173489       0.99999999999904798     
  0.99955084499773283       0.99832080457232075       0.99117912305187084       0.94766731606092702       0.80926193480134523       0.97933232332361131       0.99999999999882472     
  0.99960978939393952       0.99846044030303915       0.99037399738274290       0.94634865955230152       0.79369512002423315       0.97902377289281262       0.99999999999930400     
  0.99966018239291832       0.99860776959632536       0.98983915626309649       0.94407492225584821       0.78544938632095129       0.97919212869677830       0.99999999999916034     
  0.99969107807486768       0.99860312070455715       0.98637578927648406       0.94045570580480309       0.76890043092095373       0.98066143501860892       0.99999999999899991     
  0.99972066717051367       0.99865469098430215       0.98545612511440006       0.93832483868665173       0.75305916731344591       0.98040626875520076       0.99999999999882716     
  0.99974798066711812       0.99786295965111393       0.98336102348856946       0.93467658426268774       0.73725303724829783       0.98011985238195243       0.99999999999934441     
  0.99975967121493026       0.99715417289613673       0.98159622516958733       0.93039009249839355       0.72120781701685654       0.97983779984336428       0.99999999999924982     
  0.99974849168519608       0.99580150818929869       0.97870603454874583       0.92504832364182044       0.70557872946094990       0.97956178668371341       0.99999999999915501     
  0.99969668221034202       0.99490847573563357       0.97624880470102549       0.91051787644559046       0.68880035549061303       0.97929367671951639       0.99999999999955547     
  0.99877566251494332       0.99107614415298850       0.97387587038133727       0.90440852977481401       0.68092254264456675       0.97904740520541633       0.99999999999951605     
  0.99828313344009123       0.99002251809617359       0.97209767431861327       0.89745440745540195       0.66600572642995970       0.97880311304086354       0.99999999999948186     
  0.99772937669995598       0.98813482901350724       0.96848028772546368       0.88939425119086357       0.65249199378208445       0.97861194005937868       0.99999999999974698     
  0.99559135793779863       0.98567996325751195       0.96555042680550895       0.88070632359538947       0.63933089600060855       0.97854321798266852       0.99999999999973832     
  0.99257236392750736       0.98158640313830925       0.96327976629171463       0.87340922968096713       0.62700071836630988       0.97909964945025529       0.99999999999974054     
  0.99056255512805080       0.97933631202472560       0.95778780670308372       0.85087532721236880       0.60815215047815296       0.98048102965064232       0.99999999999988554     
  0.98570749309444972       0.97612143618887337       0.95503404229686761       0.84292498470203148       0.59742916737811602       0.98034850076275348       0.99999999999988987     
  0.98398662210180265       0.97181119084204726       0.95319203166490851       0.82697540715275020       0.57628154325753367       0.98024089146284865       0.99999999999995570     
  0.97971863785031177       0.96856890811959240       0.94746547030684114       0.80100066853389573       0.56711124444434591       0.98015997075063566       0.99999999999996214     
  0.97686268101639917       0.96618809141638540       0.94164139913312850       0.78908489965670925       0.55846593255602361       0.98010790875902587       0.99999999999996403     
  0.97211133338822497       0.95926050693274001       0.93780286136283697       0.77274964026111370       0.54591353226347461       0.98009076637281889       0.99999999999999134     
  0.97030355779550737       0.95594983901185038       0.92847850185910974       0.75540078242377262       0.52204276653038151       0.98013494475766094       0.99999999999999012     
  0.96369670412285025       0.95343978720620792       0.92333788901840641       0.74996057298147889       0.51851021726128521       0.98024004832806222       0.99999999999999578     
  0.96086539710641772       0.94495141060668375       0.88163449194906052       0.72537338722070044       0.47755637092493203       0.98092919882390928       0.99999999999999778     
  0.95286005227513904       0.93841262819112647       0.87091402088602388       0.71536367856129457       0.45932578839020860       0.98294445564790711       0.99999999999999833     
  0.94733535924392942       0.91385435490414713       0.81965781796016890       0.68622499237602397       0.44446251215696819       0.98314183304533476        1.0000000000000004     
  0.93687190570775947       0.89642929014514117       0.80834125743363638       0.66474029704597326       0.41943014139803897       0.98338540424855947        1.0000000000000009     
  0.90485032931882325       0.82541372096818522       0.76776929591191789       0.64813297525355640       0.36212663479658774       0.98367766118539213        1.0000000000000002     
  0.84289287382946487       0.79974882868342867       0.73662127119358145       0.60477724313553227       0.33497289146120685       0.98402081592929358        1.0000000000000027     
  0.78932676472978403       0.74267559117782622       0.69361144374815131       0.57746625632903947       0.27794673596702096       0.98441799194760871        1.0000000000000004     
  0.73999467647027806       0.69748355798189443       0.64031363320739887       0.49593969348416328       0.23821567324054607       0.98487194085358909       0.99999999999999700     
  0.67662753471523562       0.56863210442129242       0.55116654428659484       0.36028891831361010       0.15727016105919031       0.98538479103875398        1.0000000000000016     
  0.73168681295623728       0.62987238338127816       0.58145343105425773       0.40342124249394301       0.16610031570249667       0.98586225909749003       0.99999999999999989     
  0.77046605878232577       0.69669631537967347       0.64418119430317877       0.45032008512653882       0.17668414180384798       0.98869824447776666       0.99999999999999878     
  0.82553454800672077       0.73664026601596677       0.68819191990106510       0.49838843098273500       0.18937508744729759       0.98925220223368371        1.0000000000000002     
  0.87812040088074317       0.78248332866773274       0.72700877713589251       0.54561903907932563       0.23862006786001824       0.98985110016543387        1.0000000000000016     
  0.91847338769497711       0.83385408765263191       0.76554986859738550       0.59126425412563322       0.30434168027862929       0.99049199856599546        1.0000000000000018     
  0.94932926099469950       0.88004158879700345       0.79825490695103374       0.63540142111497222       0.33193022638066449       0.99117120747025234        1.0000000000000000     
  0.96613032427240098       0.91968005235285932       0.83872067223116842       0.67846637916208818       0.36322813249343744       0.99188358247150199       0.99999999999999922     
  0.97778505898990387       0.94707872386319003       0.87784387895333194       0.72087196330092607       0.39833817358392848       0.99262291911032496       0.99999999999999778     
  0.98655579170309882       0.96491389946600836       0.91002874923589805       0.76269414503358535       0.43725074060362390       0.99397626884882884        1.0000000000000018     
  0.99259521380279514       0.97731428968226952       0.93751546574608924       0.80353200387054624       0.47983390200393666       0.99548056884743685       0.99999999999999833     
  0.99643030968249546       0.98611645281932314       0.95774787283317053       0.84250919796494594       0.52582290578607982       0.99609707156414862       0.99999999999999833     
  0.99851788713892042       0.99227329048175461       0.97220617567958700       0.87841488459467076       0.57477882337434516       0.99668824428516989       0.99999999999999978     
  0.99946079909433194       0.99620925263994164       0.98255413360248811       0.91001250147380885       0.62604720068000541       0.99724320844564107       0.99999999999999678     
  0.99982690837728527       0.99837329630985139       0.98981862896516781       0.93622932341903664       0.67871961195902253       0.99775176095498330       0.99999999999999889     
  0.99995220142119412       0.99939714536259683       0.99454419865627852       0.95699276382911824       0.73187410575532608       0.99820557188408454       0.99999999999999756     
  0.99998869433365023       0.99980348730359925       0.99739408699842913       0.97235514093091890       0.79220552328975213       0.99859928345048476        1.0000000000000022     
  0.99999714513446059       0.99993982290722372       0.99887678903083299       0.98325410098598354       0.85051783816118531       0.99918079011286587       0.99999999999999900     
  0.99999877575452700       0.99997906246016566       0.99954678033179978       0.99039849587233597       0.91338117247091810       0.99939598992516521        1.0000000000000009     
  0.99999923286745385       0.99998964090930154       0.99980591154023357       0.99483034169995532       0.93992859355363390       0.99957023506399256       0.99999999999999711     
  0.99999949779612640       0.99999338751427769       0.99989932964322636       0.99730688332180384       0.95669878692399202       0.99971541175422396        1.0000000000000016     
  0.99999968591842125       0.99999558487041673       0.99993721402248137       0.99853318890971399       0.97302588184686500       0.99983130057674574       0.99999999999999845     
  0.99999981777875302       0.99999714175730003       0.99995825611266520       0.99913932103197622       0.98622034596586627       0.99991573901900299        1.0000000000000016     
  0.99999990511920345       0.99999825222941130       0.99997271531001430       0.99945222668287337       0.99098508203542679       0.99996720323777155        1.0000000000000000     
  0.99999995760539340       0.99999901786987100       0.99998298709837485       0.99964718464128743       0.99413944035269086       0.99999114744466588       0.99999999999999989     
  0.99999998465615569       0.99999951268002996       0.99999005882454928       0.99977542123460184       0.99619878380099569       0.99999865982130653        1.0000000000000000     
  0.99999999579704901       0.99999979806700046       0.99999471258211403       0.99986602598851759       0.99746069529475900       0.99999991918116937       0.99999999999999944     
  0.99999999919561167       0.99999993491503625       0.99999756367655723       0.99992393017819137       0.99833748709516190       0.99999999786649107        1.0000000000000036     
  0.99999999990096822       0.99999998494257769       0.99999909155267930       0.99995798548167403       0.99903716322015346       0.99999999997846700        1.0000000000000024     
  0.99999999999277978       0.99999999770241510       0.99999974849121664       0.99997929474980130       0.99948267225375831       0.99999999999994826       0.99999999999999956     
  0.99999999999971378       0.99999999979172971       0.99999995314944112       0.99999164279571362       0.99976531049329076       0.99999999999999745       0.99999999999999833     
  0.99999999999999423       0.99999999998942901       0.99999999477842183       0.99999744018551573       0.99991132250680348        1.0000000000000004       0.99999999999999922     
  0.99999999999999933       0.99999999999971290       0.99999999967488218       0.99999950861502596       0.99997286987826761       0.99999999999999933       0.99999999999999989     
  0.99999999999999956       0.99999999999999656       0.99999999999008693       0.99999994748687593       0.99999537419671403       0.99999999999999978        1.0000000000000004     
  0.99999999999999944       0.99999999999999933       0.99999999999985467       0.99999999698706521       0.99999985884244069       0.99999999999999989       0.99999999999999867     
  0.99999999999999911       0.99999999999999933        1.0000000000000000       0.99999999993573119       0.99999995048180934        1.0000000000000004       0.99999999999999745     
   1.0000000000000000        1.0000000000000000       0.99999999999999978       0.99999999999994904       0.99999998870722440       0.99999999999999978        1.0000000000000002     
