  0.65006936328032405       0.66905781091459759       0.69600910869426769       0.72365789461243024       0.75972905335573748       0.94002620734364606        1.5880139529837241     
  0.66343745745207994       0.68042226557961194       0.70607187176856046       0.73662728574147440       0.78258593220668038       0.98690857929484821        1.7295797787870795     
  0.67840667297742974       0.69339965656998936       0.71722077185770139       0.74917323295557725       0.80490277996525295        1.0341178961988471        1.8802263403425372     
  0.69450860629887534       0.70750769748704134       0.72931160337384493       0.76182350737227200       0.82720969540365197        1.0818947129150274        2.0399031036180197     
  0.71138472137929576       0.72243913863687992       0.74217493368345255       0.77473564013299712       0.84971422769449978        1.1299351230529335        2.2087126107038579     
  0.72875055611056960       0.73797412232957371       0.75565394194969993       0.78796151655995150       0.87235922373393804        1.1772177517700400        2.3882030633634979     
  0.74639617702819439       0.75393812936736826       0.76960115681084829       0.80148316861686164       0.89492819046644501        1.2235188160379833        2.5795280424618725     
  0.76418097443848365       0.77017833921536305       0.78388631885264715       0.81525716064958054       0.91735276938383048        1.2691786257928139        2.7836476941231476     
  0.78194603340206414       0.78655155006220523       0.79836868070846911       0.82921830373566596       0.93949404382874302        1.3147171091816128        3.0012892069847754     
  0.79952847783572567       0.80292462461991443       0.81290033895130787       0.84329222437808327       0.96101133524710858        1.3604825702546888        3.2331821829067562     
  0.81678899540975503       0.81916362208702354       0.82745069604680865       0.85739917022558054       0.98166293786926484        1.4066719625835402        3.4800969446412076     
  0.83359844010490525       0.83512754822232393       0.84189287325646645       0.87145186167357402        1.0012247935259035        1.4533723468046429        3.7427844484621322     
  0.84984972146032589       0.85070146248191736       0.85612124772314480       0.88536936099013319        1.0198502807655485        1.5006745770408056        4.0221256261547405     
  0.86545433117701742       0.86577427674577234       0.87002235297743113       0.89905045671319084        1.0375480051616977        1.5486000445463706        4.3189393769681086     
  0.88035628693854817       0.88025401565153172       0.88351648361914692       0.91241255383160225        1.0543221351750509        1.5971750258725066        4.6341307956775033     
  0.89451553648667881       0.89407626250216332       0.89651473680308036       0.92537990361015265        1.0702408764133924        1.6464158272938836        4.9686391730969444     
  0.90789670504081399       0.90719032613358086       0.90891613797543946       0.93785877468678824        1.0853537972288292        1.6963148607214074        5.3233863916594339     
  0.92047641452840701       0.91956009716968545       0.92071349869079577       0.94977725349815023        1.0996635389742002        1.7468598743356272        5.6993126951103976     
  0.93222936711818338       0.93115354511285053       0.93188089697923682       0.96108963401001368        1.1131490376695115        1.7980348509471817        6.0973752546866784     
  0.94313132170156766       0.94191632424245086       0.94237464736881416       0.97174795248742574        1.1258435211165869        1.8498020898038348        6.5184783503886532     
  0.95316055538199507       0.95182403010148497       0.95215573138762999       0.98172756138502837        1.1377817917088924        1.9021494962096193        6.9636259022290856     
  0.96229104684571765       0.96086833091563362       0.96115087395292986       0.99100119428164635        1.1489764226710617        1.9550432282805437        7.4337675491912787     
  0.97049487315986305       0.96902355716021282       0.96931897270569722       0.99952355601894460        1.1594624700096285        2.0084478224136766        7.9298498459809839     
  0.97776384679011563       0.97625921972162277       0.97666105591533603        1.0072547333235196        1.1692704963404610        2.0623468693928411        8.4529019597088446     
  0.98408604203497840       0.98256710281475823       0.98318643005898276        1.0142097878087568        1.1784121017044082        2.1167353917469334        9.0040142412933157     
  0.98945253999676286       0.98792762138549051       0.98887593223688919        1.0204196138313577        1.1869336277690739        2.1715880555961067        9.5841958975620880     
  0.99384327998663269       0.99232768248030467       0.99371451478206418        1.0258602335425011        1.1948200804069806        2.2268430290898302        10.194304090172766     
  0.99723686564361291       0.99573985958132849       0.99766454275262684        1.0305141144282268        1.2020624420337422        2.2824470131320571        10.835207822953191     
  0.99963931763537717       0.99815865961228023        1.0007020138439786        1.0343729815937628        1.2086628941929585        2.3383687542990557        11.507861577537714     
   1.0009984931790163       0.99957767094957906        1.0028215285568476        1.0374378915679234        1.2146302085562808        2.3946022986731363        12.213337176721080     
   1.0012812191063629       0.99994918648996733        1.0039792702030415        1.0396661428563998        1.2199289850421062        2.4510532338336573        12.952220883732320     
   1.0004659359908163       0.99924973309898735        1.0041338033909211        1.0410348296025280        1.2245474005672592        2.5076595119829785        13.725242511740152     
  0.99846029095337274       0.99748409750846145        1.0032024030927378        1.0414945166127021        1.2284960628445019        2.5643020899970290        14.532746938899690     
  0.99518462992455670       0.99461269434798472        1.0011210721706398        1.0410029099858320        1.2317502117059258        2.6208811060068489        15.375098766260725     
  0.99055320143729053       0.99055050146521906       0.99780304690755550        1.0395032498094452        1.2343309123761621        2.6772605606212498        16.252354955074843     
  0.98451759195115551       0.98518185852388718       0.99302658671262145        1.0368935859655852        1.2361236412112349        2.7332942257530539        17.164318928849092     
  0.97702822494642361       0.97824448749122395       0.98675017377168883        1.0331319784650448        1.2370057869863351        2.7887919260014389        18.110468967744950     
  0.96798991981374283       0.96926067811860783       0.97868472608344348        1.0279925084493788        1.2367759654243760        2.8435487880642225        19.089963334946528     
  0.95713348936525455       0.95776123296610816       0.96870663460137363        1.0211581700439298        1.2351302729270743        2.8973411336928536        20.101648510793417     
  0.94294542615366317       0.94341365732841054       0.95656873538629261        1.0123648306346276        1.2321327407992768        2.9499923575347804        21.144481621854499     
  0.92339578549933743       0.92567042936708699       0.94156229592241680        1.0014450273067113        1.2277474904066485        3.0012599450447892        22.216530010105416     
  0.89921396356591887       0.90440433012811072       0.92339315998392757       0.98805217645528320        1.2217928946730321        3.0508472162243323        23.315484627353971     
  0.87079024356909229       0.87909735915737319       0.90192962411989142       0.97185111339503838        1.2141072707347276        3.0984784832335892        24.438693908574834     
  0.83742450293515724       0.84903813353097590       0.87605271080248681       0.95263693424130824        1.2042725117092374        3.1435564945594505        25.580463485917800     
  0.81014888068396451       0.82538980630192083       0.85660172288207581       0.93376620611919037        1.1924789089758574        3.1855914641273539        26.734374430680734     
  0.77148093582345867       0.79022019415538836       0.82663074701063177       0.91193754152323603        1.1800398354581658        3.2235847379181428        27.892414566646362     
  0.73545771143815875       0.75740181951011987       0.79854479406109613       0.89100213500197400        1.1674118178140485        3.2570202675021447        29.046200403738130     
  0.70259648561114840       0.72666621340471227       0.77198111602673392       0.87080969729259150        1.1541971579716725        3.2855928362896507        30.189901914835232     
  0.67366021469203319       0.69832792502109198       0.74674801325334883       0.85126528520744926        1.1399671453003111        3.3093198814842162        31.320314661841010     
  0.65028003126632683       0.67293049869139265       0.72285556860602029       0.83234463736252129        1.1260418889377402        3.3284791020092106        32.436684933327655     
  0.63178779784915007       0.65173043207657610       0.70041887698664962       0.81397557496079453        1.1131829766943651        3.3432850302278814        33.536743762617931     
  0.61627999089994734       0.63438573446942703       0.67953545461384091       0.79589263159241386        1.1013045419339511        3.3529305927355724        34.609945445338340     
  0.60339638683776575       0.61964756508494478       0.66038611998143548       0.77784784063439705        1.0890947506586814        3.3565439498877474        35.642858540321079     
  0.59358794221663558       0.60712653904986336       0.64326624682826961       0.75973441132700958        1.0762612832370058        3.3536077427287982        36.624810070292682     
  0.58724981071477356       0.59705323217038442       0.62826781385650998       0.74153067185763544        1.0628267529549047        3.3437151429225356        37.545269056225308     
  0.58371017210268983       0.58980090143475306       0.61532947878183020       0.72319635921321457        1.0487224736840342        3.3261507184806418        38.388973796613783     
  0.58185728231210621       0.58523553001940598       0.60443124965923756       0.70467924684573768        1.0334055080371689        3.2998784301217308        39.136003661626198     
  0.58101784368134990       0.58266574144292571       0.59572489314839916       0.68601912028581746        1.0169249908285529        3.2637482038323617        39.763437718696856     
  0.58074020195405107       0.58138559688272440       0.58932914670564429       0.66739885905850349       0.99904312636378645        3.2166932981824750        40.247053672613625     
  0.58067382345033836       0.58086900133053709       0.58510886486613345       0.64912288998317880       0.97919267162926571        3.1576015516108309        40.560984659215933     
  0.58066110952917482       0.58071014847710978       0.58265168932594757       0.63169677954278358       0.95639954680324535        3.0856571763718752        40.679290120212876     
  0.58065912283269350       0.58067126905219113       0.58141650896712149       0.61604369416403892       0.93026846249136752        2.9999954475269059        40.576009697966846     
  0.58065884105033760       0.58066314404620356       0.58090373628638148       0.60313827929606167       0.90064750715862396        2.9000340076145323        40.228358596221547     
  0.58065879496304384       0.58066155644650708       0.58073179069611847       0.59335177722551546       0.86755242219802886        2.7869732313452187        39.618642730769821     
  0.58065878310207042       0.58066119594258037       0.58068342668055828       0.58693058932677167       0.83119173431313964        2.6608962339240434        38.735230593411643     
  0.58065877791722664       0.58066107327228267       0.58067102015985284       0.58336274378460184       0.79198694633769839        2.5226120713324587        37.571875808697691     
  0.58065877523128606       0.58066101285001281       0.58066748599442497       0.58167534649666475       0.75065294410151862        2.3739961192466472        36.126490175411703     
  0.58065877389654463       0.58066098023059654       0.58066607412117832       0.58101290674755113       0.70855469221034872        2.2170148649734704        34.404855088099040     
  0.58065877329692461       0.58066096361505992       0.58066532648787572       0.58079146752926247       0.66811699326301133        2.0557414321861041        32.420278961143410     
  0.58065877306072833       0.58066095602340118       0.58066491341862581       0.58072107914663695       0.63313068621685686        1.8951082937901886        30.197316067927243     
  0.58065877298015967       0.58066095300328457       0.58066470397917147       0.58069497914669466       0.60729811783991194        1.7327762155111532        27.772834407866473     
  0.58065877295649382       0.58066095198116052       0.58066461128851798       0.58068246081433217       0.59195935445911252        1.5697028001605340        25.192976897145652     
  0.58065877295051216       0.58066095169031928       0.58066457664904303       0.58067582688310126       0.58483953858842186        1.4072225738070778        22.514514834894591     
  0.58065877294927015       0.58066095162026621       0.58066456601724692       0.58067255297485132       0.58218935139409367        1.2464225910288453        19.799533832046787     
  0.58065877294906942       0.58066095160636011       0.58066456338320949       0.58067117416531577       0.58128777980824231        1.0897764720272822        17.114682072810783     
  0.58065877294904367       0.58066095160422360       0.58066456285952694       0.58067070334752802       0.58093871010957499       0.94165693110595738        14.524896897485192     
  0.58065877294904122       0.58066095160397702       0.58066456277784084       0.58067057766666474       0.58078310125154164       0.80969284063334757        12.100447693318486     
  0.58065877294904111       0.58066095160395781       0.58066456276813683       0.58067055239240650       0.58071585639204404       0.70489556174576429        9.8986761635216691     
  0.58065877294904089       0.58066095160395614       0.58066456276731315       0.58067054873981239       0.58069046165226113       0.63655269108616352        7.9559187789123600     
  0.58065877294904178       0.58066095160395592       0.58066456276726497       0.58067054836884213       0.58068262637061629       0.60241377909191807        6.3013269309932651     
  0.58075179620625594       0.58075397486122815       0.58075758602458871       0.58076357160001624       0.58077382418594803       0.58897054687825501        4.9925221940228806     
