  0.98819785368623803       0.97827391691150667       0.95965701921939006       0.92975528456825662       0.84242349675370509       0.83860398231337296       0.99985459593240178     
  0.99093308720231055       0.98226551089939274       0.96522257552481283       0.93464249427379797       0.84164600153322344       0.84916524408578697       0.99983793834456081     
  0.99301910601962462       0.98547320701112961       0.96987785347058675       0.93875751371917493       0.83966969868105323       0.84203105428465441       0.99981877560000820     
  0.99460908308094642       0.98806016124169416       0.97364380466078970       0.94213369653667645       0.81746113877775406       0.83837813245567605       0.99979671852269503     
  0.99581869896127262       0.99015054780201872       0.97695332815529623       0.94531487075047427       0.80563966754041028       0.82954524375935024       0.99977136814452816     
  0.99673787241708045       0.99184214523309044       0.97976901056510024       0.94737062214544743       0.78804987677123883       0.82200599882025260       0.99974307879200475     
  0.99743609339527650       0.99320451054400682       0.98215813400482133       0.94908645338212805       0.77178489443957488       0.80781953283284735       0.99975932253225708     
  0.99796708407974266       0.99431296596768337       0.98396010802592904       0.94972633557332486       0.75432606637362853       0.79224036279199139       0.99972880430297750     
  0.99837254953294929       0.99520789066233761       0.98516821372621755       0.94965590452807658       0.73656625780602070       0.77389458075231565       0.99969415051160482     
  0.99868377040739498       0.99593896820279004       0.98629492772736038       0.94884918743040569       0.71918917696935925       0.75975007919747506       0.99965499282000214     
  0.99892421420779742       0.99649934058437117       0.98618238448670614       0.94876212921399750       0.70188737868160289       0.73717385355270271       0.99961097899626128     
  0.99910933977692218       0.99660578440602621       0.98584535314432475       0.94852001608840508       0.68450773606530080       0.72465123913946350       0.99963912573468539     
  0.99923814230656538       0.99667899542043281       0.98570374025684848       0.94666575995065638       0.66710906272541182       0.69600569873694429       0.99959378448256797     
  0.99932542893464316       0.99662466631221125       0.98454396905267971       0.94566568527005967       0.64222994480563467       0.68166095886212086       0.99954329449724355     
  0.99932307208120763       0.99641661586863406       0.98379296105232827       0.94094841905932025       0.62593644720925545       0.65079961399824171       0.99948733811782020     
  0.99922079344603931       0.99602202534187401       0.98142514226798550       0.93854688116254670       0.60953379724023893       0.63865194435353745       0.99942554913557224     
  0.99906519035835883       0.99552380457343925       0.98011882872081180       0.93496811035788452       0.59327003615266594       0.60771817918910920       0.99946900387318660     
  0.99803062138370724       0.99423473209117030       0.97863191527201865       0.93085548867703383       0.57658973358942034       0.58395435986643329       0.99940546478134895     
  0.99757965188281661       0.99339365752852093       0.97643161850604276       0.92631446012009544       0.55979407578710483       0.55220744747211381       0.99933456913187646     
  0.99701859719254482       0.99257581058725264       0.97439926311530256       0.92015661336643229       0.54193454903675120       0.52110921715391378       0.99925474293989158     
  0.99641224809600160       0.98892883329861148       0.97322954335560374       0.91399053286418119       0.52817693781265962       0.50620659206971641       0.99916412914398767     
  0.99571075458091829       0.98776292020530276       0.97107110831613608       0.89931373084801292       0.52100020521792623       0.47473999351886004       0.99922227208899772     
  0.99410358228444484       0.98594411922927039       0.96989043978675638       0.89376576972206423       0.50526854589144821       0.44524372861553352       0.99912337117907657     
  0.99334586128311919       0.98498362592174438       0.96791538310930803       0.88794272960241838       0.49009368905275630       0.42491348550703639       0.99901222457793504     
  0.98940286877936690       0.98317488713958490       0.96661780674275399       0.88219186483833134       0.47560693627907297       0.39738076581570309       0.99889014675590948     
  0.98834243486870010       0.98036809348145182       0.96491863245530918       0.87627033362731044       0.46775724648108558       0.38262012186738686       0.99896175550600430     
  0.98684127988133630       0.97885683466499751       0.96250286241342176       0.86746633692220654       0.46366731698604552       0.37334173118382796       0.99883866983763459     
  0.98600623186621450       0.97671049835706736       0.95854576151346527       0.85899047904513226       0.45220604312387008       0.39247263456865772       0.99871144353833941     
  0.98435348452772076       0.97481581146511265       0.95591848329789442       0.85333313217420770       0.44422702573720352       0.38363822553493160       0.99858318915208999     
  0.98102051521516620       0.97249459285266471       0.95366495258952833       0.84771244552981917       0.43455235869424419       0.38523148920777722       0.99867991306294068     
  0.98027840966955704       0.97161127946173631       0.95170479068200131       0.83813464971677587       0.46351768211935207       0.36660640535243461       0.99856326665571027     
  0.97798953482951911       0.96955280393554677       0.94971358243390458       0.83329884532292431       0.45714032979559988       0.35017282998220500       0.99845081518064238     
  0.97520346869148489       0.96771142078335592       0.94755016633436584       0.82883941083492374       0.45050910565039332       0.33465648301470707       0.99834403293472118     
  0.97266133324835624       0.96455059604349747       0.94510528968389429       0.82445613944630347       0.44480347674065956       0.32801442881596987       0.99847127037806904     
  0.97150408650032305       0.96011185936133925       0.93413357556521992       0.82587814282343042       0.45140659006019557       0.32365601984311754       0.99838174965332316     
  0.96628530125210799       0.95874530951293802       0.93079334139180170       0.82252536196302772       0.44848979524427435       0.31247596280008633       0.99829979381645972     
  0.96317583651224803       0.95774212547935456       0.92742595232392044       0.81941139295110865       0.45281031971066671       0.35574989557893882       0.99844780760153551     
  0.96220886891208135       0.95472556271068354       0.92371394614569657       0.81695326379906208       0.45278698846805421       0.38656870888998396       0.99838473916112913     
  0.95966924831632383       0.95178452656924450       0.91998251801932929       0.81435624008409335       0.46213177874384587       0.38230487772602889       0.99833038827917941     
  0.95813365083186885       0.94799567364157222       0.91582263739505043       0.81432094561785606       0.48028794843407918       0.38003753105104832       0.99849868867785374     
  0.95547374097967230       0.94240775995859660       0.91091003403750315       0.81202346258374236       0.51148406140967240       0.37990275311960059       0.99846430716440704     
  0.95140535732081133       0.93327992037959218       0.90380720609214882       0.80873274671300377       0.51574190130638797       0.38174773326174855       0.99843963258310120     
  0.94248997107129207       0.92357376915122624       0.89794300470287369       0.80886532034756953       0.52911311520096904       0.38658037117647837       0.99842507922204160     
  0.94687202404639204       0.92928115404490708       0.89682022214031687       0.82618830502660578       0.56182583740424963       0.39429847381595967       0.99862245954451334     
  0.92994648586728834       0.91326006159771678       0.91713538989609522       0.82431252699179236       0.58730252035933794       0.40548711324208780       0.99862876117192767     
  0.95593374741353920       0.93964490661346090       0.93680761101635368       0.85004175829578754       0.60942365156764966       0.40693335902030836       0.99864639240293085     
  0.96902187496150716       0.95772708193195133       0.95279737428985056       0.87452996449681875       0.63255363292727884       0.41055939764073135       0.99885766158709399     
  0.97834240663578198       0.96999828258676435       0.96514717743253742       0.89672917142096720       0.65674466671310106       0.41644256128514029       0.99889369722630605     
  0.98619463287725706       0.97920790438590521       0.97464880956305211       0.91643112378986835       0.68197873365279038       0.42511883764064434       0.99893951761916888     
  0.99161922708869843       0.98626094694802668       0.98203183231676172       0.93356447742769477       0.70816190054534423       0.55539615590157432       0.99915278040994526     
  0.99532496385300218       0.99144431586956994       0.98712821363495928       0.94814743405907342       0.73512864026802205       0.56934650571852663       0.99921182363900696     
  0.99765683359066237       0.99503713859201903       0.99148540702248722       0.96031073713694559       0.76263728265083264       0.58586254633630852       0.99927869472959174     
  0.99895133472797681       0.99736403919714156       0.99364420242206564       0.97026809608278475       0.79035606690137328       0.60500065378053314       0.99947526494679384     
  0.99955586174544697       0.99872355259216850       0.99557233496579944       0.97826760105148558       0.81787163728189127       0.62676001756775235       0.99954576498254144     
  0.99982421266384858       0.99942718340021619       0.99738878787405483       0.98455813580444174       0.84471273925807444       0.65107657596118595       0.99961902051610829     
  0.99993906819194167       0.99976252849153113       0.99838069709143384       0.98937522329550720       0.87037425001639102       0.72795571384028102       0.99976863079005640     
  0.99998267331953106       0.99990768784040174       0.99919078721776966       0.99294150377924417       0.89434105670771025       0.79391875906131615       0.99982746555843249     
  0.99999570185490994       0.99996565123316117       0.99960172886407417       0.99547162591430538       0.91814604491564922       0.81781422793289194       0.99988062238141939     
  0.99999860995235612       0.99998603222594917       0.99980660392295773       0.99717682937341912       0.96064462448964227       0.84187476773227476       0.99995108557409229     
  0.99999922748568582       0.99999258839905469       0.99989807184399748       0.99826204700295318       0.97103827028117418       0.86547614977316556       0.99997387617177647     
  0.99999947449342230       0.99999508897174627       0.99993843385542225       0.99891496445088268       0.97899421161348266       0.88794823980862936       0.99998802679974874     
  0.99999964445693801       0.99999653493241014       0.99995638149829980       0.99929315914403793       0.98501472849587124       0.90863342611521913       0.99999766968551584     
  0.99999977233057169       0.99999759904615104       0.99996920137739864       0.99951726814914321       0.98939195840202887       0.94953227911825577       0.99999937934553473     
  0.99999986582477529       0.99999841451102767       0.99997835621392428       0.99966149060010645       0.99247080159046008       0.95928008938109055       0.99999989019447899     
  0.99999992964380580       0.99999902809332042       0.99998525457473497       0.99976364795898154       0.99460366076096229       0.96720906132400564       0.99999999501549131     
  0.99999996856945739       0.99999946523640981       0.99999044407217530       0.99983955570488459       0.99610220078246059       0.97359971700814851       0.99999999965952291     
  0.99999998869792273       0.99999974776499068       0.99999425065014769       0.99989531722061087       0.99721629346413221       0.97886661936315578       0.99999999998740075     
  0.99999999692210573       0.99999990354648349       0.99999690939883801       0.99993487921154500       0.99809481555582225       0.98352388795594359       0.99999999999987010     
  0.99999999940900774       0.99999997194102297       0.99999859132877389       0.99996199097813332       0.99878012042950226       0.98792334573077012       0.99999999999999989     
  0.99999999992566690       0.99999999421509811       0.99999948975613173       0.99997986585364762       0.99927697110412095       0.99193716763539996        1.0000000000000000     
  0.99999999999432354       0.99999999921648486       0.99999986336291102       0.99999075107940005       0.99959588989280279       0.99522289834906641       0.99999999999999944     
  0.99999999999975620       0.99999999993596178       0.99999997506646254       0.99999654891239897       0.99978277139475946       0.99774271792504943        1.0000000000000036     
  0.99999999999999512       0.99999999999712552       0.99999999716271626       0.99999907180268988       0.99988888672516085       0.99912114145945496        1.0000000000000024     
   1.0000000000000000       0.99999999999993661       0.99999999981967269       0.99999975850028622       0.99994759504817543       0.99969486286579468       0.99999999999999956     
  0.99999999999999922       0.99999999999999922       0.99999999999449396       0.99999996427904780       0.99998074905370704       0.99982984865208890       0.99999999999999833     
   1.0000000000000002        1.0000000000000002       0.99999999999993672       0.99999999694595632       0.99999508102585399       0.99994082937239104       0.99999999999999922     
  0.99999999999999933       0.99999999999999989       0.99999999999999989       0.99999999991985078       0.99999946844805299       0.99999795603776764       0.99999999999999989     
  0.99999999999999956        1.0000000000000004       0.99999999999999867       0.99999999999970013       0.99999998932443335       0.99999980122282717        1.0000000000000004     
  0.99999999999999944       0.99999999999999933       0.99999999999999978       0.99999999999999800       0.99999999999910283       0.99999994429753947       0.99999999999999867     
  0.99999999999999911       0.99999999999999933        1.0000000000000004       0.99999999999999989       0.99999999999986933       0.99999999999733169       0.99999999999999745     
   1.0000000000000000        1.0000000000000000       0.99999999999999978        1.0000000000000002        1.0000000000000004       0.99999999999999978        1.0000000000000002     
