   1.8730472214668794        1.8484502511555942        1.7529040005620455        1.8289375949772118        2.0594981915785731        4.2552683166744041        18.091037407540831     
   1.8813262361623306        1.8626012348141030        1.7788708446213946        1.8620447843383772        2.0736230791073100        4.2163026809625723        18.173851826171095     
   1.8859760358776334        1.8726584990417667        1.7997187633593530        1.8903726815494306        2.0707892921992217        4.0835646984018714        17.976340405129100     
   1.8877544758552758        1.8793922508041643        1.8161511007153897        1.9144963078396826        2.0539421248773042        3.8772952219401939        17.588337837720921     
   1.8872416186300349        1.8834061556568160        1.8287563765402080        1.9347028673281530        2.0236829674277335        3.6087617436929222        17.090300226290267     
   1.8848501112910774        1.8851371274877340        1.8380181400496010        1.9511446045205261        1.9805683073464433        3.2898566726757235        16.572084802950773     
   1.8808853224691973        1.8849147529792765        1.8443154990684003        1.9639386823869176        1.9249575782074795        2.9428934038550234        16.111514326795284     
   1.8755659966277973        1.8829827167921716        1.8479336456994422        1.9731901641926213        1.8576818776922284        2.5999370532455601        15.727352300545142     
   1.8690468421270894        1.8795188652112385        1.8490913683769246        1.9790193563274938        1.7805581582637779        2.2818867845745565        15.379045241646166     
   1.8614318379977906        1.8746490274254199        1.8479632915005655        1.9815429580320330        1.6957894704477374        1.9995301786022210        15.051486738463653     
   1.8527853948750495        1.8684565442556285        1.8446879806288681        1.9808531422007192        1.6057975373572024        1.7527807226734387        14.730938327199363     
   1.8431356496060651        1.8609895599277300        1.8393737174022902        1.9769883187516379        1.5125534525913513        1.5366419306108028        14.412175510307604     
   1.8324837006881529        1.8522680388494071        1.8321095154837495        1.9700352285808358        1.4175661588242048        1.3457829184414203        14.093803076847596     
   1.8208180531096383        1.8422910594152684        1.8229814645920217        1.9600683087969795        1.3219721221478236        1.1757245941097039        13.775873802562069     
   1.8081074103921355        1.8310422257126326        1.8120697872868106        1.9471745070485413        1.2267602361996797        1.0230816512616308        13.458968575307365     
   1.7943009041342737        1.8184892495741067        1.7994557519873635        1.9314129088768319        1.1327826904103655       0.88530147347784927        13.143836900618236     
   1.7793321976966894        1.8045847972496361        1.7851821468272739        1.9128500055999753        1.0408238182171972       0.76035118901406817        12.831224088625863     
   1.7631213715181382        1.7892746257952319        1.7692775775371596        1.8915914719256759       0.95166377508266853       0.64667348229717647        12.521799745829259     
   1.7455772504919540        1.7725017286521776        1.7517586231205409        1.8677701478923878       0.86601936369878285       0.54303739114102556        12.216129215302793     
   1.7266002623895207        1.7542009030043157        1.7326215332808155        1.8415336450583264       0.78459213589732524       0.44848899855525259        11.914672261086183     
   1.7060892497395179        1.7342980559547276        1.7118556164428587        1.8130356365693165       0.70809683182029104       0.36226986459801669        11.617785142252965     
   1.6839350695172484        1.7127120664852489        1.6894212400290920        1.7824426065943220       0.63718939482697967       0.28376282712698769        11.325743002617092     
   1.6600078388231867        1.6893434615056218        1.6652445804788252        1.7499205802183320       0.57248138290359063       0.21249683435799388        11.038757787722394     
   1.6341690117581726        1.6640863015720295        1.6392322811911189        1.7155927583716599       0.51447349928037667       0.14807981901460265        10.756984561214237     
   1.6062507009385358        1.6368044571632532        1.6112684713236971        1.6796112847119113       0.46356060772368696        9.0174595241548333E-002   10.480541507144068     
   1.5760920585757381        1.6073498602327927        1.5812128914910974        1.6421457926183320       0.42004149361492410        3.8518488759422674E-002   10.209524345806384     
   1.5434915030527365        1.5755482852090601        1.5488995059575763        1.6033180448121191       0.38415923918996703       -7.1197250625757895E-003   9.9440053416862000     
   1.5082432687753766        1.5411980510680463        1.5141446080684835        1.5631792755308245       0.35605404038708049       -4.6940401076029259E-002   9.6840378049047970     
   1.4701259728628231        1.5040592768394221        1.4767251161324846        1.5217180094380454       0.33576353114906121       -8.1130318646820146E-002   9.4296580603160916     
   1.4288950109196850        1.4638638377181832        1.4363902805117859        1.4788870757300736       0.32326583334295106      -0.10986649698212962        9.1808998080708086     
   1.3842455062797567        1.4202902671778330        1.3928410211952871        1.4346005042520398       0.31864943690280328      -0.13332643135456246        8.9378064797468397     
   1.3358469625223526        1.3729823642477246        1.3457217901365139        1.3886728994660587       0.32192545346674944      -0.15168401807893056        8.7004119071097499     
   1.2832834039948107        1.3215397057257019        1.2946506095870911        1.3408650558077888       0.33308649202173396      -0.16512215327342475        8.4687561396530597     
   1.2261062090356973        1.2655057115896045        1.2391719163564894        1.2908721959614269       0.35191897440158987      -0.17382774851575544        8.2428713346693794     
   1.1637504259508082        1.2043479639903922        1.1787555112337242        1.2382919114198285       0.37777849776253969      -0.17801108036342289        8.0227947052794413     
   1.0955922010694925        1.1374329117573381        1.1128004310967405        1.1826001756621622       0.40927049469424853      -0.17790777746376024        7.8085656733656554     
   1.0208324063069019        1.0640068754114158        1.0405346704614273        1.1231182658587751       0.44554584065055369      -0.17374411454457905        7.6002325789585026     
  0.93859220439873770       0.98314324961623611       0.96096550343070253        1.0590103307799359       0.48594522504599119      -0.16576810651229770        7.3978436053196868     
  0.84780988230057819       0.89368299296744047       0.87304084941489102       0.98924427942292603       0.52955667288870523      -0.15420675474451212        7.2014514957524209     
  0.74723772344447337       0.79400763508351135       0.77569088707348044       0.91253164497483930       0.57669064210552223      -0.13928478742893702        7.0111204300162031     
  0.63516211910322151       0.68191893608460574       0.66717335303834802       0.82724118274263936       0.62779225779261583      -0.12113238253074232        6.8269444978558722     
  0.50858908842320971       0.55449303841179765       0.54512116372243280       0.73158947028880683       0.68330374337212041      -0.10013495591137032        6.6490511009837086     
  0.36386352942579286       0.40833053241961798       0.40725704982109007       0.62336499782314603       0.74028058021767362       -7.6726233655929219E-002   6.4775885119896941     
  0.19629492216963809       0.23935130781491143       0.25046163867568472       0.49924482290768224       0.79613845653116166       -5.1381397393266359E-002   6.3127488850798521     
   1.3759039790501963E-004   4.1689129733806327E-002   6.9643113897981501E-002  0.35382767664796499       0.85498590106218042       -2.4201218982939868E-002   6.1547739254492368     
   7.0770490838623591E-003   4.3753518744827039E-002   8.4418384350693404E-002  0.37593500554919868       0.98947938285653403        1.5340599163483163E-002   6.0040539531194588     
   1.0571011740403769E-002   4.1412734605890594E-002   8.9200915273735706E-002  0.38711918422793956        1.1122531576425045        5.8570507188732614E-002   5.8580275929585142     
   1.1701192899965738E-002   3.6999114780656768E-002   8.6856270482427778E-002  0.38723128972931553        1.2220932439756895       0.10557605289571308        5.7164839167897483     
   1.0968684165041620E-002   3.1584675208122727E-002   7.9889848632570787E-002  0.37691452558516397        1.3177058209384438       0.15648196101139966        5.5792088011093854     
   9.2771210655565265E-003   2.5805698751339843E-002   7.0407885690969785E-002  0.35750900260835344        1.3981043446844375       0.21147648970376923        5.4460437296562416     
   7.1664935359694983E-003   2.0125518544769239E-002   5.9898595272362444E-002  0.33073202518286021        1.4649938037086017       0.27083284008167924        5.3169435245897212     
   5.0844276260044521E-003   1.4887120302805666E-002   4.9280404685736294E-002  0.29851308140129684        1.5179504340105485       0.33515317738346295        5.1919718646769377     
   3.3582820107506727E-003   1.0423192123450114E-002   3.9102699745556260E-002  0.26282562270745841        1.5510491647690083       0.40519239834302684        5.0711764577853371     
   2.1178258447174126E-003   6.9370105030454625E-003   2.9792754219604534E-002  0.22558864452701097        1.5621423210784096       0.48152799004944613        4.9546045548040043     
   1.2961441367936532E-003   4.4257677402593414E-003   2.1724023696625631E-002  0.18858353435981765        1.5500719832086087       0.56499350372392032        4.8423987145954639     
   7.7124851434871953E-004   2.7287540066015304E-003   1.5135074886604918E-002  0.15333682151837241        1.5141942011258331       0.65671454963425513        4.7348246231585867     
   4.5141280078476667E-004   1.6330324080577258E-003   1.0074992263507871E-002  0.12101538829430537        1.4544965171323161       0.75807932322487048        4.6321368719322491     
   2.7350857256492380E-004   9.5757706310630744E-004   6.4121805052108002E-003   9.2476939449177981E-002   1.3718030876634650       0.87070466352546505        4.5344728007854878     
   1.8652087802140981E-004   5.6862961815393404E-004   3.9141568692369214E-003   6.8167924369673241E-002   1.2679685510653336       0.99645139536018701        4.4418903519079604     
   1.5023477485289060E-004   3.6576021082241901E-004   2.3110779528828862E-003   4.8113326856199623E-002   1.1458524956153191        1.1374903935926348        4.3544038091849755     
   1.3761525446796512E-004   2.7301825918801624E-004   1.3502261202608069E-003   3.2404048783377305E-002   1.0094310416033694        1.2962088534742946        4.2719791464281887     
   1.3407989952140856E-004   2.3703970412059183E-004   8.2025823102965920E-004   2.0720093116205946E-002  0.86386704178712415        1.4733977093133845        4.1945319131719074     
   1.3333544111621411E-004   2.2553834301231179E-004   5.5767667268654731E-004   1.2583984706445187E-002  0.71518766520635657        1.6685590044666023        4.1218919062787958     
   1.3323875746883409E-004   2.2263441178215228E-004   4.4373558497359268E-004   7.4094020162373351E-003  0.56985637167345693        1.8797349482384618        4.0538200517782927     
   1.3323362461716430E-004   2.2201874168720047E-004   4.0098486479859819E-004   4.3008181783182426E-003  0.43451593400631816        2.1023352921810883        3.9900216162792685     
   1.3322228144505897E-004   2.2177826790803493E-004   3.8645855927591167E-004   2.5736851515515569E-003  0.31535163865751814        2.3313079701092692        3.9301692950524858     
   1.3320316026541111E-004   2.2152777411068138E-004   3.8079097573838364E-004   1.6772289638021071E-003  0.21684779075889266        2.5490657329927839        3.8739055753162193     
   1.3318479344728460E-004   2.2126646503281458E-004   3.7717086452444880E-004   1.2291130515529871E-003  0.14033604738297312        2.7312897530145990        3.8208180501411881     
   1.3317145163940720E-004   2.2104476080499433E-004   3.7398431322181595E-004   9.9755773545794784E-004   8.5331654641202445E-002   2.8504021915962361        3.7704322330719280     
   1.3316338794415870E-004   2.2088799611642078E-004   3.7116837788508125E-004   8.6227126646185081E-004   4.8996238803727707E-002   2.8769794509013749        3.7220478086595836     
   1.3315916681010044E-004   2.2079294671042911E-004   3.6894354831324902E-004   7.7153742314566476E-004   2.7416883984798596E-002   2.7840992291614972        3.6748378116374893     
   1.3315722246195745E-004   2.2074278359316912E-004   3.6742206465012261E-004   7.0709050832569822E-004   1.5458138982725519E-002   2.5507722036181950        3.6275933198345647     
   1.3315640754593729E-004   2.2071991639740371E-004   3.6653266339661480E-004   6.6268485688566147E-004   9.1252759423561761E-003   2.1808555206021651        3.5788013009170685     
   1.3315602662277690E-004   2.2071106682336852E-004   3.6608968897136249E-004   6.3454340205459144E-004   5.6891900337660293E-003   1.7216540025376463        3.5269894049462049     
   1.3315571886255237E-004   2.2070809118088672E-004   3.6590460463583322E-004   6.1870971876843176E-004   3.6734221787243222E-003   1.2450539634641309        3.4713202688972751     
   1.3315530437281117E-004   2.2070685776388185E-004   3.6584202134132060E-004   6.1096922605012756E-004   2.4287507850147215E-003  0.81859636146152703        3.4132883706700046     
   1.3315464267936385E-004   2.2070567766455825E-004   3.6582484780194388E-004   6.0775939472999590E-004   1.6856261298872927E-003  0.48736644613383179        3.3602235371767191     
   1.3315350666261334E-004   2.2070378647459399E-004   3.6581906268886346E-004   6.0667671388644248E-004   1.2890417526250685E-003  0.26501212515122641        3.3330496760192005     
   1.3315137250909247E-004   2.2070024936353728E-004   3.6581289993282089E-004   6.0639207702206535E-004   1.1074189211781962E-003  0.13631141948477790        3.3640509206240119     
   1.3314666603610005E-004   2.2069245094740415E-004   3.6579996158544369E-004   6.0632148805043497E-004   1.0369640567664828E-003   6.9542749890882535E-002   3.4828630233116975     
   1.3313150964843604E-004   2.2066733900145394E-004   3.6575837678899230E-004   6.0624658888638254E-004   1.0133933621036303E-003   3.4983477457596980E-002   3.3874946852123986     
