   2.1238905986347687     
   2.1452275589392271     
   2.1515137199276828     
   2.1457388775751811     
   2.1295624635497079     
   2.1046450304399693     
   2.0731185219268387     
   2.0374118993827883     
   1.9991003303856281     
   1.9593785479132824     
   1.9188106000851404     
   1.8775739201965300     
   1.8357504656521388     
   1.7933875131059596     
   1.7505699387740750     
   1.7073906661159888     
   1.6639507829071358     
   1.6203901971733319     
   1.5768601622906122     
   1.5335248097878666     
   1.4905629211498235     
   1.4481446595524612     
   1.4064283706589698     
   1.3655286659275785     
   1.3255412428239823     
   1.2865431070966504     
   1.2485732851214522     
   1.2116149201831845     
   1.1755912865271774     
   1.1403897132618572     
   1.1058941119574273     
   1.0719161008088101     
   1.0382321781604822     
   1.0045223366541389     
  0.97030047452596169     
  0.93482772987187746     
  0.89738895058077706     
  0.85718923135285574     
  0.81326944751789898     
  0.76483467923140624     
  0.71079693594257154     
  0.64978998446729241     
  0.57945174814160616     
  0.49683006339139180     
  0.39922925883648114     
  0.44532802595351834     
  0.48199177283397693     
  0.50971803469006260     
  0.52911986662489630     
  0.54103310686044925     
  0.54693090009362733     
  0.54772808632549863     
  0.54294584185855599     
  0.53294751769886506     
  0.51827269213379634     
  0.49946435903661002     
  0.47704867584449090     
  0.45160823239742620     
  0.42381139170315224     
  0.39442103149838370     
  0.36451362704726875     
  0.33520870499402133     
  0.30770749525027719     
  0.28319650048100714     
  0.26263562687121356     
  0.24693434145580101     
  0.23587349457890330     
  0.22812327909256061     
  0.22177187461804607     
  0.21426612297388239     
  0.20297303666167993     
  0.18534085220191615     
  0.16063035638719828     
  0.13109243210487614     
  0.10080273263870096     
   7.3783577880374041E-002
   5.2800649401462126E-002
   3.8795166286791347E-002
   3.1005789224085860E-002
   2.7641922304621740E-002
   2.4878645620103456E-002
