  0.58526112715656120       0.59491370116778108       0.60477051216414457       0.60059864748549274       0.55847512402412691       0.51424380271347336       0.51938098063383731     
  0.57833854098892379       0.58725106864466581       0.59732099830207486       0.59757575265253282       0.56540255201236134       0.53483808194835369       0.55616231111962700     
  0.57273721120225118       0.58083446722123433       0.59069791094976021       0.59404964638446611       0.57119262639362200       0.55417652512780691       0.59230675708119529     
  0.56819744759925139       0.57541659144119195       0.58487977259210921       0.59052657504322281       0.57641477095589488       0.57267403086247692       0.62773459683592081     
  0.56452780672574832       0.57084775559224121       0.57980315556291129       0.58719514559822061       0.58132306770623521       0.59036076104025637       0.66177499100753145     
  0.56158390921847734       0.56702583211538093       0.57540248313281117       0.58414109362526145       0.58603488371766443       0.60689539953462512       0.69456520500746233     
  0.55925362295678860       0.56386877170363869       0.57161382363991209       0.58139901043062181       0.59058962029056572       0.62206642846192672       0.72610584805104883     
  0.55745858654129077       0.56130277737466505       0.56838061010688090       0.57898221571900010       0.59497853187519201       0.63590970943259328       0.75626580578390534     
  0.55611751642550455       0.55925449424013707       0.56564255801766561       0.57688123210820907       0.59917834933929359       0.64887260138726688       0.78493793267870993     
  0.55514261105846607       0.55765429093451047       0.56332878149844978       0.57508616441662652       0.60313197218976844       0.66120864716470340       0.81185710746923601     
  0.55445550578854375       0.55643181832701438       0.56140126365212983       0.57358673154192530       0.60683693961809393       0.67305564062823708       0.83678327914267392     
  0.55398402657549217       0.55551601262829564       0.55984822023283931       0.57235356613165478       0.61026737340047277       0.68450679269719161       0.85953704832217948     
  0.55366841555960111       0.55484552225290229       0.55861657145282029       0.57137309330021424       0.61344300982429212       0.69565815293038225       0.88002868748544094     
  0.55345887773230862       0.55436411538977903       0.55764928742865705       0.57061643948492169       0.61636773512561427       0.70655136670376462       0.89824373131650215     
  0.55332289857171002       0.55402740550146878       0.55690191229756913       0.57006331472804150       0.61906117841325214       0.71723173508030591       0.91424577508283311     
  0.55323970501223418       0.55380015382584302       0.55633653370719693       0.56968841617686172       0.62156362805555343       0.72773790696430929       0.92815615568827736     
  0.55319526417137010       0.55365237282062607       0.55590831414704178       0.56946859240781034       0.62390337221829051       0.73808717187959172       0.94013514380541341     
  0.55317987281750336       0.55356326522634192       0.55558980144485248       0.56939043289238533       0.62611301527019092       0.74828856817959166       0.95036587566760555     
  0.55318746362106430       0.55352084265631329       0.55538440558935731       0.56943590128357546       0.62820507373868928       0.75834523669653442       0.95904054407814399     
  0.55320879505864962       0.55351318305345409       0.55527782846108542       0.56958453135647102       0.63020464568675294       0.76825318825344835       0.96634834652856838     
  0.55323870039729472       0.55352706512952987       0.55525445764642800       0.56982814279333838       0.63215166301530867       0.77801452446257247       0.97247076464331428     
  0.55327709834821537       0.55356348324290239       0.55529399248675670       0.57015453040398067       0.63407404188068772       0.78762090001983898       0.97757410827442037     
  0.55331734460768578       0.55361716021593177       0.55537416870322320       0.57057567367984241       0.63599376444959754       0.79706539474377458       0.98180751331637772     
  0.55336514649590929       0.55368220793093958       0.55548861631174762       0.57108219485173251       0.63794057768599222       0.80634507674933276       0.98530382256697169     
  0.55340918468660294       0.55375457103432335       0.55564475734308749       0.57167155959333138       0.63994758366381121       0.81545789029826066       0.98817931384552027     
  0.55345711334734315       0.55383209574455572       0.55584782598430649       0.57234271942705783       0.64203583212622717       0.82440392689966302       0.99053407432680507     
  0.55349959284224182       0.55390852439009086       0.55608540109986149       0.57309447725391494       0.64421722224358657       0.83316760347478391       0.99245394479883808     
  0.55352714258931845       0.55398123211680406       0.55634334127199037       0.57392543065645185       0.64650460660492359       0.84174013686157234       0.99401196159552851     
  0.55353804425448494       0.55404402676312914       0.55661878543039367       0.57483827684402722       0.64891266497235078       0.85011711992222871       0.99527064652413599     
  0.55353479772406489       0.55409771327743496       0.55691088151752843       0.57583843595823059       0.65145933383289201       0.85829754679757209       0.99628305832439779     
  0.55349842791933701       0.55412993000394062       0.55720298872428120       0.57692090489902315       0.65414659792395946       0.86627600064189003       0.99709324367561325     
  0.55343020554161004       0.55411995110252099       0.55748574843122711       0.57808176139765455       0.65693877659086508       0.87403979646841157       0.99773861400596842     
  0.55330016327074250       0.55407155727322088       0.55773661362109372       0.57930198996335069       0.65987787986480295       0.88157639323462011       0.99824981326788775     
  0.55309985131787232       0.55398000032133254       0.55793178022966516       0.58056957655338293       0.66303429037465256       0.88887784036990802       0.99865254769073730     
  0.55278886868149879       0.55381755355367945       0.55803066324388506       0.58186446215330501       0.66641441225724762       0.89593364624005545       0.99896807294689960     
  0.55235510345914063       0.55354222588233959       0.55800996000224934       0.58315945753120002       0.66992561088068481       0.90271870414903266       0.99921367743296163     
  0.55175148743737146       0.55305646370205874       0.55781777840620972       0.58441810448106768       0.67347970175214278       0.90922965445386783       0.99940388633474475     
  0.55094433494626094       0.55213884089280330       0.55739166484486757       0.58559664322821325       0.67706283713671300       0.91544780793096303       0.99955034618755645     
  0.54984036691716498       0.55062091752474673       0.55654667848443418       0.58664657680914778       0.68061026030829830       0.92134451781066917       0.99966247390475382     
  0.54783726966011814       0.54830597164874151       0.55534130692539674       0.58751851201248051       0.68402842940968289       0.92689267379972851       0.99974784524785376     
  0.54387056267250089       0.54514521514832615       0.55368011779317083       0.58814597128912105       0.68720186163726560       0.93206183516324081       0.99981248334459361     
  0.53834855108538759       0.54095045952842091       0.55136249576633944       0.58840027204885570       0.69074877728125950       0.93682197537926049       0.99986116029415240     
  0.53132003869706423       0.53556737666997012       0.54791816854253583       0.58823516500075768       0.69412238201284748       0.94115404604824338       0.99989762184179865     
  0.52270396710353118       0.52878822597074104       0.54348185235577140       0.58760394299003083       0.69713105146844156       0.94502234036387245       0.99992474711980539     
   1.0000000000000000        1.0000000000000000        1.0000000000000000        1.0000000000000000        1.0000000000000000        1.0000000000000000        1.0000000000000000     
   1.0000000000000000        1.0000000000000000        1.0000000000000000        1.0000000000000000        1.0000000000000000        1.0000000000000000        1.0000000000000000     
   1.0000000000000000        1.0000000000000000        1.0000000000000000        1.0000000000000000        1.0000000000000000        1.0000000000000000        1.0000000000000000     
   1.0000000000000000        1.0000000000000000        1.0000000000000000        1.0000000000000000        1.0000000000000000        1.0000000000000000        1.0000000000000000     
   1.0000000000000000        1.0000000000000000        1.0000000000000000        1.0000000000000000        1.0000000000000000        1.0000000000000000        1.0000000000000000     
   1.0000000000000000        1.0000000000000000        1.0000000000000000        1.0000000000000000        1.0000000000000000        1.0000000000000000        1.0000000000000000     
   1.0000000000000000        1.0000000000000000        1.0000000000000000        1.0000000000000000        1.0000000000000000        1.0000000000000000        1.0000000000000000     
   1.0000000000000000        1.0000000000000000        1.0000000000000000        1.0000000000000000        1.0000000000000000        1.0000000000000000        1.0000000000000000     
   1.0000000000000000        1.0000000000000000        1.0000000000000000        1.0000000000000000        1.0000000000000000        1.0000000000000000        1.0000000000000000     
   1.0000000000000000        1.0000000000000000        1.0000000000000000        1.0000000000000000        1.0000000000000000        1.0000000000000000        1.0000000000000000     
   1.0000000000000000        1.0000000000000000        1.0000000000000000        1.0000000000000000        1.0000000000000000        1.0000000000000000        1.0000000000000000     
   1.0000000000000000        1.0000000000000000        1.0000000000000000        1.0000000000000000        1.0000000000000000        1.0000000000000000        1.0000000000000000     
   1.0000000000000000        1.0000000000000000        1.0000000000000000        1.0000000000000000        1.0000000000000000        1.0000000000000000        1.0000000000000000     
   1.0000000000000000        1.0000000000000000        1.0000000000000000        1.0000000000000000        1.0000000000000000        1.0000000000000000        1.0000000000000000     
   1.0000000000000000        1.0000000000000000        1.0000000000000000        1.0000000000000000        1.0000000000000000        1.0000000000000000        1.0000000000000000     
   1.0000000000000000        1.0000000000000000        1.0000000000000000        1.0000000000000000        1.0000000000000000        1.0000000000000000        1.0000000000000000     
   1.0000000000000000        1.0000000000000000        1.0000000000000000        1.0000000000000000        1.0000000000000000        1.0000000000000000        1.0000000000000000     
   1.0000000000000000        1.0000000000000000        1.0000000000000000        1.0000000000000000        1.0000000000000000        1.0000000000000000        1.0000000000000000     
   1.0000000000000000        1.0000000000000000        1.0000000000000000        1.0000000000000000        1.0000000000000000        1.0000000000000000        1.0000000000000000     
   1.0000000000000000        1.0000000000000000        1.0000000000000000        1.0000000000000000        1.0000000000000000        1.0000000000000000        1.0000000000000000     
   1.0000000000000000        1.0000000000000000        1.0000000000000000        1.0000000000000000        1.0000000000000000        1.0000000000000000        1.0000000000000000     
   1.0000000000000000        1.0000000000000000        1.0000000000000000        1.0000000000000000        1.0000000000000000        1.0000000000000000        1.0000000000000000     
   1.0000000000000000        1.0000000000000000        1.0000000000000000        1.0000000000000000        1.0000000000000000        1.0000000000000000        1.0000000000000000     
   1.0000000000000000        1.0000000000000000        1.0000000000000000        1.0000000000000000        1.0000000000000000        1.0000000000000000        1.0000000000000000     
   1.0000000000000000        1.0000000000000000        1.0000000000000000        1.0000000000000000        1.0000000000000000        1.0000000000000000        1.0000000000000000     
   1.0000000000000000        1.0000000000000000        1.0000000000000000        1.0000000000000000        1.0000000000000000        1.0000000000000000        1.0000000000000000     
   1.0000000000000000        1.0000000000000000        1.0000000000000000        1.0000000000000000        1.0000000000000000        1.0000000000000000        1.0000000000000000     
   1.0000000000000000        1.0000000000000000        1.0000000000000000        1.0000000000000000        1.0000000000000000        1.0000000000000000        1.0000000000000000     
   1.0000000000000000        1.0000000000000000        1.0000000000000000        1.0000000000000000        1.0000000000000000        1.0000000000000000        1.0000000000000000     
   1.0000000000000000        1.0000000000000000        1.0000000000000000        1.0000000000000000        1.0000000000000000        1.0000000000000000        1.0000000000000000     
   1.0000000000000000        1.0000000000000000        1.0000000000000000        1.0000000000000000        1.0000000000000000        1.0000000000000000        1.0000000000000000     
   1.0000000000000000        1.0000000000000000        1.0000000000000000        1.0000000000000000        1.0000000000000000        1.0000000000000000        1.0000000000000000     
   1.0000000000000000        1.0000000000000000        1.0000000000000000        1.0000000000000000        1.0000000000000000        1.0000000000000000        1.0000000000000000     
   1.0000000000000000        1.0000000000000000        1.0000000000000000        1.0000000000000000        1.0000000000000000        1.0000000000000000        1.0000000000000000     
   1.0000000000000000        1.0000000000000000        1.0000000000000000        1.0000000000000000        1.0000000000000000        1.0000000000000000        1.0000000000000000     
   1.0000000000000000        1.0000000000000000        1.0000000000000000        1.0000000000000000        1.0000000000000000        1.0000000000000000        1.0000000000000000     
   1.0000000000000000        1.0000000000000000        1.0000000000000000        1.0000000000000000        1.0000000000000000        1.0000000000000000        1.0000000000000000     
