   3.6094761522590790     
   3.6106858367963737     
   3.6038646167161343     
   3.5898167848695977     
   3.5688014031064106     
   3.5411560638591473     
   3.5072316863229114     
   3.4676053098820372     
   3.4230530996915292     
   3.3742080705791286     
   3.3217774413374710     
   3.2663671301083412     
   3.2084490628823472     
   3.1485544086624211     
   3.0871025500150546     
   3.0244686389252671     
   2.9609414618693561     
   2.8967827362235097     
   2.8321628789499353     
   2.7672892845653916     
   2.7022907758759627     
   2.6373063458095301     
   2.5723468921749117     
   2.5074656685793086     
   2.4426834712794139     
   2.3779954140149453     
   2.3132653401699699     
   2.2483425495236089     
   2.1832550903367411     
   2.1176315344684737     
   2.0511781895506194     
   1.9835481569545654     
   1.9143804562131757     
   1.8430585997446307     
   1.7687421030811805     
   1.6905089212168785     
   1.6071993865733858     
   1.5174748999675880     
   1.4197673296873730     
   1.3115188313993735     
   1.1895713121456428     
   1.0501235381710476     
  0.88785790745911508     
  0.69495690904743379     
  0.45952473643608682     
  0.49395917952166263     
  0.52516098302681702     
  0.55308610756683330     
  0.57767344157047651     
  0.59887325154204252     
  0.61664586216856432     
  0.63092997935132056     
  0.64164182974905681     
  0.64870524409939534     
  0.65207964761668225     
  0.65175820630892556     
  0.64788478931780336     
  0.64058010139504284     
  0.62999038244860206     
  0.61632486103074724     
  0.59983339752455000     
  0.58065899528680620     
  0.55881553432237463     
  0.53449031374699696     
  0.50804508983958874     
  0.47992565508561796     
  0.45055227599695463     
  0.42050440050934357     
  0.39033615037326030     
  0.36054312709066405     
  0.33162195669452621     
  0.30413159853736843     
  0.27853758541718449     
  0.25484348684378100     
  0.23282343101755568     
  0.21225404540755102     
  0.19259090692111519     
  0.17295791450000128     
  0.15174746294594732     
  0.12546465968882087     
   9.3427226363707858E-002
