   3.0657826656026392        2.9493589696092193        2.8262035827254683        2.9339249906728444        4.0573214465394063        8.0726178855036608        19.917895622609578     
   3.0762101009690270        2.9633053012522734        2.8427439142943682        2.9467663992660942        4.0396007711620809        8.0077751533268611        19.870061667639369     
   3.0817058047690273        2.9723093570613948        2.8545805230157923        2.9540064493652571        4.0109139013382338        7.9197037525219365        19.769691774300316     
   3.0825198424219407        2.9765965947725257        2.8616539797042195        2.9558578187526496        3.9727374987353858        7.8130986282526598        19.628341809074932     
   3.0789048959780598        2.9763389368572670        2.8639852222218685        2.9523595682968220        3.9256701393341542        7.6888085386014478        19.450579005350885     
   3.0710701647695999        2.9716295097829066        2.8615855881158128        2.9434661936852393        3.8701971005245825        7.5496851059872281        19.244311878411718     
   3.0592211912935561        2.9625805646351209        2.8544684974747332        2.9290616981241846        3.8066663500621818        7.3995405571338813        19.019333957971334     
   3.0435561707383725        2.9493093788559319        2.8426766604676890        2.9092039079950265        3.7358514050314890        7.2426096282809409        18.789078041050562     
   3.0242035764914199        2.9319286315723656        2.8262616963051284        2.8840966161914254        3.6589465734713733        7.0841379110924434        18.563629925456336     
   3.0012524541020440        2.9105375568881282        2.8053508766037720        2.8541291031463638        3.5771601668025164        6.9260119986087689        18.348973256971817     
   2.9747403859058168        2.8852429410248588        2.7799894206856748        2.8197845241161001        3.4916525230568634        6.7719726890080540        18.144250602838881     
   2.9447399222250041        2.8561271052172041        2.7504109401383938        2.7816022862989493        3.4034781170436199        6.6235273398556274        17.948081638380618     
   2.9113079087529683        2.8232532461912143        2.7169572235228925        2.7401289199253638        3.3134172454411437        6.4808492849093398        17.757108163869798     
   2.8744798518045709        2.7868292790407483        2.6799501881035241        2.6958848346753785        3.2222118733580576        6.3451696423801067        17.569366505295516     
   2.8343637678817020        2.7470206609353842        2.6397328712052901        2.6492961963229917        3.1308460791951260        6.2155379425693198        17.382483320442503     
   2.7910574785543019        2.7039883141477929        2.5966421646178053        2.6007354179064897        3.0399899143980131        6.0917180799808932        17.195583432598355     
   2.7446800924424175        2.6579453752389646        2.5510088745820005        2.5505248583886266        2.9502603839303121        5.9727321683820138        17.006169475365901     
   2.6953626903571331        2.6089998891084303        2.5030916002545083        2.4988598905955706        2.8622097273759302        5.8582424881026673        16.814985208045538     
   2.6432383410284412        2.5573818883850032        2.4531031474511575        2.4458837327654241        2.7763147574814213        5.7473941609243733        16.620052083240960     
   2.5883862093454963        2.5033681403922210        2.4012190512956315        2.3917857972742174        2.6929790805771257        5.6398755326179559        16.420925306449853     
   2.5308877348278038        2.4471315311889472        2.3475409512583099        2.3367363251360649        2.6125123463338444        5.5350042765024803        16.216940128250776     
   2.4709370950527894        2.3888049546054320        2.2921676604936847        2.2809088039149623        2.5351458790832981        5.4325236104876717        16.008043078041620     
   2.4087108991790132        2.3284960036715070        2.2349691061338537        2.2243816167045289        2.4610330719553821        5.3319058859840025        15.794272070323347     
   2.3441469875551655        2.2662648086408868        2.1759858391312412        2.1672500000911872        2.3902605747730550        5.2329478153119577        15.574947538357206     
   2.2773226622026157        2.2021447177178479        2.1153077727945804        2.1095778290893596        2.3228489642463424        5.1352110507229645        15.349200628220533     
   2.2082885331501321        2.1360987659184998        2.0529674439460179        2.0513812333101056        2.2587468301439140        5.0385423474029709        15.117789723083119     
   2.1369643394430171        2.0680282995693089        1.9888718050357252        1.9926413964341192        2.1978437788673433        4.9422805265504017        14.875757189528148     
   2.0632362932519190        1.9977809759259100        1.9228860251293851        1.9332573472988801        2.1399677447956456        4.8469652872486000        14.613717699819469     
   1.9869208219729548        1.9251386151200889        1.8548295054491608        1.8730453807274423        2.0848834458073462        4.7519521398214541        14.370357765874704     
   1.9077770528047473        1.8498373525977054        1.7844951184964499        1.8117756913456522        2.0323430083885765        4.6572490513920863        14.121694643003069     
   1.8254874471711002        1.7715371768063435        1.7116277531681430        1.7491276193935166        1.9820043175510349        4.5623894046897346        13.871462679804699     
   1.7396473449037957        1.6898789571447725        1.6359521987522698        1.6846982865371742        1.9334612571861152        4.4675401924021028        13.617428228714527     
   1.6498465490344043        1.6043884770770358        1.5570374112318675        1.6180304661242466        1.8864836648114585        4.3724291954673919        13.362863970025327     
   1.5553531835981329        1.5144570463548488        1.4741730142432337        1.5485041070274814        1.8404771175046655        4.2768200076943881        13.106466148254389     
   1.4552917669605163        1.4193773717047735        1.3866398095974994        1.4753249625242952        1.7941476256105662        4.1806353874549291        12.848549935607128     
   1.3488797791778853        1.3181734287115272        1.2934975480377309        1.3974793366438671        1.7465185471894564        4.0837034535074546        12.589498493478324     
   1.2352676828218456        1.2096860442840958        1.1936897226280740        1.3134374721285766        1.6965302770009301        3.9859551155962882        12.331549962782399     
   1.1133702186449896        1.0927045031181408        1.0857879937712902        1.2213598556120477        1.6432801015594261        3.8874519602716577        12.075018568484722     
  0.98181394049961057       0.96569208715329502       0.96792527907509174        1.1193116639135745        1.5856444138580523        3.7880582564517291        11.820260805603123     
  0.83876007163300570       0.82679024360630349       0.83740432927839015        1.0046653469637883        1.5204120572945254        3.6875031205898985        11.569141679884972     
  0.68174684679671038       0.67343212997636404       0.69116699101914059       0.87415933584585648        1.4435121186939830        3.5853459442659510        11.322611511084274     
  0.50750758647362271       0.50198530292719090       0.52508702208351232       0.72343325157629357        1.3512708959803443        3.4811163502677567        11.083094548033722     
  0.31056832385185446       0.30694698638827395       0.33335346826098089       0.54603046792312981        1.2391049166345904        3.3749159110166711        10.853335434199753     
   8.1820438162637912E-002   7.9454326360129543E-002  0.10731550403954938       0.33271759829486308        1.1005514930362834        3.2656709656378933        10.636052686481705     
 -0.19613469473389825      -0.19669798729656782      -0.16781883986296067        6.9786929871423584E-002  0.92725262143797660        3.1533652197693831        10.435012675491580     
 -0.15881957318230033      -0.15770871499820677      -0.12747969342237517       0.10983272360969090       0.97171451280938836        3.1088885116060299        10.253766821179758     
 -0.12743137877910959      -0.12450890039190936       -9.1644382907483821E-002  0.14625701361134835        1.0145644249757737        3.0648115471174231        10.071523338510932     
 -0.10099280709668915       -9.6374781592709138E-002  -6.0403311700711747E-002  0.17887754701651429        1.0558085577183443        3.0210505967741459        9.8882342277162341     
  -7.8860568267986125E-002  -7.2713883442761307E-002  -3.3686029717288520E-002  0.20751857895160250        1.0952605529399337        2.9775228859638685        9.7035982698301968     
  -6.0383021183589854E-002  -5.3026657452709007E-002  -1.1314473939580873E-002  0.23202643507318585        1.1326538273866615        2.9341495361613505        9.5175916699202094     
  -4.5328527528597916E-002  -3.6849599270736333E-002   6.9484312383992089E-003  0.25226598999249972        1.1676846534620091        2.8908958074216469        9.3301856434814905     
  -3.3221679548961679E-002  -2.3919663563191525E-002   2.1382909348968561E-002  0.26813718073041470        1.1998917763873740        2.8477527861906697        9.1416383679635054     
  -2.3603753181405760E-002  -1.3809633320283416E-002   3.2297199460995171E-002  0.27956250879024813        1.2286200241763370        2.8047151080156150        8.9520205671959499     
  -1.6106694474078535E-002  -6.1074561579151721E-003   4.0015313106283604E-002  0.28648544005549087        1.2531973470574649        2.7617899835409743        8.7615028297241651     
  -1.0383291999556269E-002  -4.7643622615092335E-004   4.4896607018602333E-002  0.28892066627260965        1.2729434171899978        2.7191041341812601        8.5701614014320970     
  -6.1311112807121634E-003   3.4362336641550572E-003   4.7325759834423428E-002  0.28696342461898605        1.2871461099228538        2.6768275133162431        8.3782727341221701     
  -3.0804581939001419E-003   5.9497044024478685E-003   4.7684682201888963E-002  0.28085054351566108        1.2951873937781442        2.6363755097247079        8.1861413642390612     
  -9.9332747432382112E-004   7.3288395690705686E-003   4.6346776379972414E-002  0.27093845880866735        1.2964955156661944        2.5979637650230747        7.9940542057568820     
   3.3762318520197962E-004   7.8215590242681852E-003   4.3709330139289543E-002  0.25765027909258653        1.2905308562551043        2.5616129975187745        7.8022882756306364     
   1.0961598293054010E-003   7.6741818721574803E-003   4.0043225640709182E-002  0.24153436663747169        1.2769087508805961        2.5275015498296636        7.6109655516644903     
   1.4417624560003966E-003   7.0888281136027749E-003   3.5731180930740965E-002  0.22310541975292411        1.2553100151429657        2.4959942163703999        7.4205087098936540     
   1.5062184659339803E-003   6.2371673031899342E-003   3.1023750595869596E-002  0.20273804681407012        1.2251710044142630        2.4681504071859033        7.2308148539033867     
   1.3961837574706381E-003   5.2602173623622021E-003   2.6238598538248104E-002  0.18098386795462149        1.1854458443052180        2.4435053878242847        7.0417887113579720     
   1.1942137231845055E-003   4.2665850793414681E-003   2.1582438863433851E-002  0.15852330275026663        1.1355131160303120        2.4224286187645330        6.8532351101121556     
   9.6182790868630183E-004   3.3338181504194938E-003   1.7241328119217716E-002  0.13609336374349609        1.0754478279657194        2.4051678569813100        6.6648432439557146     
   7.3911955694815740E-004   2.5144702860729483E-003   1.3363511504122216E-002  0.11444410098302195        1.0057347070792979        2.3918486556522609        6.4760660950501938     
   5.4967820885667182E-004   1.8348188391129967E-003   1.0036990249825916E-002   9.3942548903871631E-002  0.92745186232942689        2.3824530908166599        6.2866452241891340     
   4.0294145629103640E-004   1.3029055890838432E-003   7.3010439290823771E-003   7.5116432688398335E-002  0.84222770928117285        2.3766622898444334        6.0958180211408415     
   2.9879041237574727E-004   9.1078442420651875E-004   5.1440162851960130E-003   5.8368919155248639E-002  0.75197265931115964        2.3736379223745967        5.9027205111823653     
   2.3127567527745382E-004   6.3963897485235248E-004   3.5229559998525557E-003   4.3968999285785598E-002  0.65872993440474026        2.3720766344126352        5.7060903374248291     
   1.9140639438487803E-004   4.6538501161232294E-004   2.3648136694825101E-003   3.2046755251946973E-002  0.56491157465377040        2.3702630866737397        5.5043273101728767     
   1.7005023090199521E-004   3.6171839651087597E-004   1.5837569628097449E-003   2.2590774217032736E-002  0.47339623692550631        2.3666559536991998        5.2952003208756331     
   1.5976571559384484E-004   3.0541040559000705E-004   1.0888563047464731E-003   1.5446749220180333E-002  0.38703096231895512        2.3592833574414316        5.0758910063129994     
   1.5537078572042061E-004   2.7753376240889871E-004   7.9585276479208838E-004   1.0332678191410262E-002  0.30802384810256567        2.3420336393247672        4.8427733054049025     
   1.5372118453816275E-004   2.6503143754445915E-004   6.3449178258954920E-004   6.8717523645019643E-003  0.23833390607169777        2.3066868183745983        4.5911848037454668     
   1.5314920120565006E-004   2.5979715779572606E-004   5.5037990338294672E-004   4.6573035922815300E-003  0.17931266024383893        2.2476923818058969        4.3151808859701886     
   1.5293847588426066E-004   2.5743506563778278E-004   5.0660054167846495E-004   3.3030632147167502E-003  0.13141427443644249        2.1578063964512832        4.0069988635495291     
   1.5282791217409138E-004   2.5606939312956074E-004   4.8075126779371290E-004   2.4734715603953730E-003   9.4254854864491672E-002   2.0275258544393728        3.6569425862454734     
   1.5274771695161709E-004   2.5505591300735317E-004   4.6244865717132968E-004   1.9311541502328269E-003   6.6141016595764573E-002   1.8400220660319411        3.2548509472270051     
   1.5268509835572602E-004   2.5426142075641651E-004   4.4782986513319567E-004   1.5319759451561453E-003   4.4846598733991348E-002   1.5487767832021320        2.7963576756504551     
   1.5262683069536471E-004   2.5365125480848196E-004   4.3618780825415077E-004   1.2121229389797908E-003   2.8180608987922327E-002   1.1517808233400095        2.2807869834302985     
