  0.60653755712672897       0.61527105632980306       0.62722364125344854       0.65034503949122191       0.73168613375924541        1.0193026617281791        1.9763579525982049     
  0.62247056252708799       0.63104796437420796       0.64324397038984948       0.66760373187837641       0.75284053290564046        1.0561347694974459        2.0875673605909641     
  0.63844824309306991       0.64664795446287182       0.65892472741188179       0.68441207184517616       0.77331803447953129        1.0930815566693235        2.2028101698776248     
  0.65442788340249713       0.66216601684825005       0.67442152587723536       0.70099986532700864       0.79343598600835819        1.1301712776678787        2.3227843181114198     
  0.67035394939356907       0.67760156055489584       0.68976177414327533       0.71740468655302136       0.81379112382721419        1.1673611430133857        2.4484247130373293     
  0.68615882179088206       0.69292194913074445       0.70494334360521294       0.73364902569942347       0.83401548330593867        1.2061992808305479        2.5783899157749550     
  0.70178316300387578       0.70808335963447044       0.71995252083322880       0.74969761783152089       0.85407141867108383        1.2417952611375571        2.7133733364435613     
  0.71718610360472013       0.72304346259411534       0.73477056428564558       0.76552208764344021       0.87381697914662493        1.2841550781114603        2.8535099189446558     
  0.73231865276603059       0.73777055551835791       0.74933403861314685       0.78108336930869193       0.89327609775578476        1.3153798122485962        2.9999211814048938     
  0.74714068697083746       0.75220440398908484       0.76368781764373173       0.79636264229880382       0.91241536803979073        1.3539912917238759        3.1519745807703878     
  0.76160600847903581       0.76631781029321799       0.77770408951606795       0.81131521074599255       0.93122133308495181        1.3905432138334588        3.3107336570972534     
  0.77566806353576245       0.78008623583040171       0.79134524382835159       0.82592126119565779       0.94973025688589319        1.4292129150897954        3.4753516217190636     
  0.78930365747964726       0.79343336017307453       0.80461323697069864       0.84017174240540204       0.96791478491776850        1.4660819684081283        3.6465334232726958     
  0.80244940958695754       0.80634499746175314       0.81748118537916981       0.85404834381804973       0.98563376708617723        1.5046545777091027        3.8246216198239673     
  0.81508475597148211       0.81879607021000977       0.82992502659096667       0.86753705789281987        1.0029564553635315        1.5415546501481976        4.0114334622313628     
  0.82718133397832938       0.83074863386620956       0.84192824513017273       0.88062341017292656        1.0198862577089025        1.5801155041733137        4.2049080546058262     
  0.83871570607491208       0.84223469427717890       0.85348533528512727       0.89329199143881455        1.0364120401244703        1.6172936585959103        4.4080858465879968     
  0.84966562557745418       0.85317995516040002       0.86457571893443663       0.90553299782464070        1.0525240146055956        1.6558758703782364        4.6199519181024087     
  0.86003486383590377       0.86353892997284842       0.87518609845088302       0.91731962976914649        1.0682145786925943        1.6932964191184698        4.8366061414336148     
  0.86980576250702712       0.87333056679394427       0.88530886769347450       0.92863942668940025        1.0834715924015277        1.7318919279905174        5.0631630665703442     
  0.87893113518899446       0.88255395418559635       0.89491404432563104       0.93948465357062805        1.0982907177203480        1.7694638638781426        5.3001407240225369     
  0.88740327500849048       0.89119496934260389       0.90405156986291690       0.94986159058432840        1.1126563519872075        1.8080673605120152        5.5462226369792065     
  0.89530760475422444       0.89925040550976798       0.91265907436776494       0.95974292269694750        1.1265597330847479        1.8457661412259290        5.8025766610283265     
  0.90256352274481666       0.90671712381389347       0.92071029396514159       0.96912322728762923        1.1399974718913419        1.8845452939299037        6.0688571145382593     
  0.90916650838084379       0.91360343824314205       0.92820745553260242       0.97798729144560548        1.1529678898543008        1.9221143423686706        6.3470466886814041     
  0.91515494936021990       0.91991274368826059       0.93517176656588896       0.98633033574861173        1.1654675586353247        1.9607665389178948        6.6355174308392089     
  0.92052250260603896       0.92564393919178123       0.94159477842942529       0.99413972897777869        1.1774820681944667        1.9985065282773167        6.9343819455413991     
  0.92527521286171210       0.93079947911307914       0.94747026821151470        1.0014078851126860        1.1889948101244032        2.0375332043469605        7.2447470331135460     
  0.92941697043843352       0.93537796051232980       0.95279315179124047        1.0081205603400063        1.2000015915863140        2.0744115566648902        7.5668670132214642     
  0.93295595144776666       0.93938824170880453       0.95755579872037289        1.0142690256132154        1.2104952347094746        2.1131714691794268        7.9019510655593619     
  0.93589253622671909       0.94280996885122204       0.96172981117286116        1.0198320838298716        1.2204786235785499        2.1498294014766102        8.2453591216329691     
  0.93820165078239559       0.94563999224022177       0.96531906278912416        1.0248041064869109        1.2299180806937522        2.1885113715192519        8.6018216936812504     
  0.93989302821936327       0.94787236351346360       0.96835296545000626        1.0291748201139390        1.2388105910886771        2.2246555668882340        8.9712417805233819     
  0.94100182466042737       0.94948330064718645       0.97076660984851915        1.0329418570496838        1.2471820901511805        2.2627017181481910        9.3466341934230481     
  0.94145728707728715       0.95044367506067795       0.97255799006575472        1.0360755792600946        1.2548572481314970        2.2983819376881711        9.7351376830438863     
  0.94121671662860718       0.95072104247592792       0.97365193641142189        1.0385748771484027        1.2618873895495200        2.3357914631277890        10.135051915549166     
  0.94024590819265441       0.95026041913725623       0.97399020457027163        1.0403241764824218        1.2683075318642916        2.3705375526014096        10.543223406205886     
  0.93848040723279835       0.94900855678893481       0.97351064185747782        1.0412496346436440        1.2739965445129073        2.4070289721793467        10.961951600134508     
  0.93584369172796900       0.94686872312027848       0.97212614791388519        1.0413341297155294        1.2789572949550509        2.4403529818374210        11.390682941136467     
  0.93223402927300114       0.94372806992770442       0.96973391517804131        1.0405268039745073        1.2831868469507610        2.4760472219576553        11.827345566641332     
  0.92746360074696055       0.93941313429627038       0.96620985335818266        1.0386711896040028        1.2865522273334871        2.5084300832811861        12.271153304137274     
  0.92127743089866354       0.93368235241965813       0.96135170339776144        1.0356283176515388        1.2890521493168565        2.5456191618334620        12.724271098721204     
  0.91329697229739448       0.92622815727214824       0.95495652619332538        1.0312218558087711        1.2904688712188697        2.5781956211715311        13.182560168359467     
  0.90299124451845958       0.91666952633754339       0.94676039906231446        1.0252844926465554        1.2908032945411123        2.6189090799111736        13.644741139654805     
  0.65858155955155451       0.67181053382120359       0.70082479590365021       0.78024120514132811        1.0750821169324865        2.5382596227615055        14.102697291969756     
  0.64573270792500426       0.66015307620658581       0.69134206980069124       0.77440486250031360        1.0758320572379103        2.5735636322640745        14.553014154740508     
  0.63323938621068343       0.64872976390776493       0.68183858393150842       0.76827760840681414        1.0759111590160217        2.6075536945063349        15.004782732896711     
  0.62114483675964005       0.63757447996618510       0.67235001126635663       0.76189663137245978        1.0753201247728248        2.6401219961234359        15.458846172250007     
  0.60951614869529447       0.62670144168069863       0.66291460161552873       0.75530066111458827        1.0741426315030695        2.6712379739478482        15.913644812671764     
  0.59857720066472941       0.61615497310600564       0.65356241598631870       0.74853014897487402        1.0724345047549801        2.7009734984143061        16.368496244062936     
  0.58837138045681414       0.60609715946733633       0.64435122422153490       0.74162695903599141        1.0702815260033338        2.7289680005176455        16.824433679397355     
  0.57889359905294968       0.59646159223981066       0.63525505299053120       0.73454721488557473        1.0676408220787701        2.7552780737978946        17.276725893335765     
  0.57008687824249027       0.58725671392780021       0.62623985965879259       0.72723401875809168        1.0643869833674009        2.7795569355864078        17.725169736379335     
  0.56187793833177968       0.57851931961267378       0.61730370112745314       0.71966909712043403        1.0604638586699071        2.8017630339100608        18.167689460798698     
  0.55421071932840471       0.57023613826253805       0.60844488049398515       0.71182366934896868        1.0558090740840669        2.8216131402556299        18.603683734926232     
  0.54707224107061081       0.56239623903582747       0.59966996901303171       0.70366387225472038        1.0503323283896955        2.8387696179138442        19.027834506490834     
  0.54047036371143597       0.55498116254939178       0.59097468674568321       0.69511877685917778        1.0439013480976838        2.8525811328672446        19.437017220709947     
  0.53443976572316709       0.54798641932828751       0.58238170327572825       0.68610931277030818        1.0363708339667472        2.8629714202615215        19.824538427584944     
  0.52904135365943239       0.54143227974128783       0.57396215440418075       0.67655949386793890        1.0275837616050578        2.8682836302729600        20.185239755482002     
  0.52433819918760471       0.53536472355172671       0.56569605822231495       0.66638143112466175        1.0173949873544565        2.8685045089733783        20.512546745090287     
  0.52038146287821430       0.52986965378514883       0.55766443194549797       0.65554284463657919        1.0057692237343296        2.8628893589556088        20.801485625227112     
  0.51716922025741086       0.52502783470016989       0.54992880635428887       0.64401135446208135       0.99259562486069741        2.8509034944273726        21.043908200464148     
  0.51465985149068039       0.52090261911250724       0.54260547692130323       0.63178444037686243       0.97759701186946546        2.8317370800860000        21.235023857323235     
  0.51277196188772989       0.51752324951031115       0.53582318642670490       0.61895674383130261       0.96056286706998772        2.8048984124550982        21.365865145784209     
  0.51140597289124790       0.51486535380230236       0.52971354446987340       0.60566806100321124       0.94136271409892791        2.7698395116083998        21.429962774819515     
  0.51046045495182635       0.51286856366346967       0.52441931203422210       0.59215411636388149       0.91992809178030521        2.7261974721271343        21.415670745498687     
  0.50984052178116102       0.51143527569512237       0.52002109730185964       0.57871992363524605       0.89620758445213755        2.6733871510545613        21.323533924111992     
  0.50945961653062832       0.51045711609720590       0.51653730463898551       0.56573242013949110       0.87015291550327156        2.6111292498777883        21.145103920897498     
  0.50924364141541190       0.50982913805395691       0.51392126885073575       0.55357342528762377       0.84174078050747458        2.5390064186044339        20.871653352289552     
  0.50913249558779983       0.50945240965533389       0.51206296533778051       0.54264056054243237       0.81097584573799808        2.4567689859155522        20.500306679520417     
  0.50908138857862351       0.50924522963528362       0.51082405887841975       0.53329704179801807       0.77803644179153231        2.3645042477422575        20.027538732589882     
  0.50906041634605337       0.50914134980724246       0.51005084526599798       0.52574509914755774       0.74325671196279564        2.2625895239034253        19.448613480384921     
  0.50905261542532176       0.50909374578293420       0.50960150908904878       0.52002321170452404       0.70729811364344042        2.1520846914920551        18.763327336848580     
  0.50904974165114614       0.50907309511240428       0.50935753340721357       0.51596923842636433       0.67114792948939805        2.0337962646460976        17.977116696342666     
  0.50904850877275887       0.50906374496352513       0.50923118563987979       0.51328484223159643       0.63623859638328528        1.9082342013815063        17.095145293357000     
  0.50904781538918331       0.50905876419777096       0.50916525615707664       0.51161995029497331       0.60429636792647901        1.7770815454544859        16.127261490090905     
  0.50904734918878425       0.50905556809304087       0.50912789343160136       0.51063856341032976       0.57695962899775932        1.6430454858310561        15.091846325331241     
  0.50904702197736729       0.50905331661451236       0.50910389504195919       0.51006981945319574       0.55527023304464029        1.5087698689578102        14.011704615959189     
  0.50904679769214223       0.50905171480971090       0.50908710007242908       0.50972923685481897       0.53931321252708153        1.3774330873471117        12.908752970474319     
  0.50904665169945873       0.50905061459980927       0.50907511624808111       0.50951090883339689       0.52843679431068136        1.2502012478125020        11.814710550508465     
  0.50913958534450754       0.50914291877706397       0.50915978592090927       0.50945508804849848       0.52155717052071182        1.1317387385246322        10.765650208142347     
