   1.1277234346659689E-004   1.0655666542114422E-003   4.1687228104967076E-003   6.5604178601869467E-003   4.1687228104967085E-003   1.0655666542114409E-003   1.1277234346659614E-004
   1.1267232542393164E-004   1.0646216007718431E-003   4.1650255609485889E-003   6.5545994109707968E-003   4.1650255609485811E-003   1.0646216007718457E-003   1.1267232542393007E-004
   1.1256830665955847E-004   1.0636387451946668E-003   4.1611804214185368E-003   6.5485482237860231E-003   4.1611804214185455E-003   1.0636387451946623E-003   1.1256830665955739E-004
   1.1246028717347944E-004   1.0626180874799107E-003   4.1571873919065685E-003   6.5422642986325795E-003   4.1571873919065668E-003   1.0626180874799061E-003   1.1246028717347879E-004
   1.1235169615572810E-004   1.0615920294597756E-003   4.1531732352543156E-003   6.5359471251979226E-003   4.1531732352543460E-003   1.0615920294597728E-003   1.1235169615572738E-004
   1.1224424820132119E-004   1.0605767720503821E-003   4.1492013328826259E-003   6.5296964483257253E-003   4.1492013328826311E-003   1.0605767720503823E-003   1.1224424820132057E-004
   1.1213737177858679E-004   1.0595669149463596E-003   4.1452505576512122E-003   6.5234790197347551E-003   4.1452505576512243E-003   1.0595669149463596E-003   1.1213737177858603E-004
   1.1203106688752526E-004   1.0585624581477000E-003   4.1413209095600501E-003   6.5172948394250536E-003   4.1413209095600692E-003   1.0585624581477061E-003   1.1203106688752364E-004
   1.1192304740144582E-004   1.0575418004329386E-003   4.1373278800481122E-003   6.5110109142715797E-003   4.1373278800480914E-003   1.0575418004329430E-003   1.1192304740144512E-004
   1.1181102719366031E-004   1.0564833405805963E-003   4.1331869605542131E-003   6.5044942511494827E-003   4.1331869605542105E-003   1.0564833405806008E-003   1.1181102719365928E-004
   1.1169386320082290E-004   1.0553762779799338E-003   4.1288558967978355E-003   6.4976783534962937E-003   4.1288558967978320E-003   1.0553762779799299E-003   1.1169386320082186E-004
   1.1156926929624524E-004   1.0541990114094667E-003   4.1242501802178878E-003   6.4904302281870588E-003   4.1242501802178713E-003   1.0541990114094624E-003   1.1156926929624404E-004
   1.1143838854327089E-004   1.0529623414799346E-003   4.1194120650949228E-003   6.4828163717842160E-003   4.1194120650949236E-003   1.0529623414799335E-003   1.1143838854327001E-004
   1.1129950634688317E-004   1.0516500672752439E-003   4.1142781700081003E-003   6.4747370394440612E-003   4.1142781700081151E-003   1.0516500672752441E-003   1.1129950634688263E-004
   1.1115262270708235E-004   1.0502621887953827E-003   4.1088484949574440E-003   6.4661922311666613E-003   4.1088484949574370E-003   1.0502621887953842E-003   1.1115262270708171E-004
   1.1099773762386868E-004   1.0487987060403552E-003   4.1031230399429259E-003   6.4571819469519459E-003   4.1031230399429259E-003   1.0487987060403545E-003   1.1099773762386766E-004
   1.1083370803389680E-004   1.0472488183994200E-003   4.0970595506840037E-003   6.4476396902374807E-003   4.0970595506840133E-003   1.0472488183994192E-003   1.1083370803389600E-004
   1.1065939087382225E-004   1.0456017252618423E-003   4.0906157729001438E-003   6.4374989644607628E-003   4.0906157729001281E-003   1.0456017252618353E-003   1.1065939087382137E-004
   1.1047364308029961E-004   1.0438466260168813E-003   4.0837494523107707E-003   6.4266932730593666E-003   4.0837494523107759E-003   1.0438466260168833E-003   1.1047364308029909E-004
   1.1027417852664053E-004   1.0419619194430600E-003   4.0763760803548127E-003   6.4150896229082845E-003   4.0763760803548231E-003   1.0419619194430606E-003   1.1027417852663927E-004
   1.1006042568117171E-004   1.0399422052350168E-003   4.0684745298919531E-003   6.4026547657263779E-003   4.0684745298919739E-003   1.0399422052350146E-003   1.1006042568117076E-004
   1.0983066994887632E-004   1.0377712824766339E-003   4.0599814195014152E-003   6.3892889566698526E-003   4.0599814195014326E-003   1.0377712824766322E-003   1.0983066994887563E-004
   1.0958319673473783E-004   1.0354329502518058E-003   4.0508333677623815E-003   6.3748924508950722E-003   4.0508333677623772E-003   1.0354329502518063E-003   1.0958319673473661E-004
   1.0931743450708252E-004   1.0329218082551716E-003   4.0410092475345093E-003   6.3594320001207315E-003   4.0410092475345041E-003   1.0329218082551683E-003   1.0931743450708173E-004
   1.0903338326591160E-004   1.0302378564867227E-003   4.0305090588178376E-003   6.3429076043468946E-003   4.0305090588178298E-003   1.0302378564867195E-003   1.0903338326591058E-004
   1.0872989994787975E-004   1.0273702943357237E-003   4.0192905473318222E-003   6.3252527670110328E-003   4.0192905473318318E-003   1.0273702943357224E-003   1.0872989994787884E-004
   1.0840412689462532E-004   1.0242921202753320E-003   4.0072480773751034E-003   6.3063012467070309E-003   4.0072480773750956E-003   1.0242921202753275E-003   1.0840412689462411E-004
   1.0805377797945847E-004   1.0209817330840661E-003   3.9942971403865218E-003   6.2859200503098912E-003   3.9942971403865400E-003   1.0209817330840663E-003   1.0805377797945767E-004
   1.0767771013903513E-004   1.0174283321511923E-003   3.9803954820856009E-003   6.2640426812571896E-003   3.9803954820855957E-003   1.0174283321511899E-003   1.0767771013903459E-004
   1.0727592337335443E-004   1.0136319174767054E-003   3.9655431024722956E-003   6.2406691395489279E-003   3.9655431024723017E-003   1.0136319174767034E-003   1.0727592337335364E-004
   1.0684441696071041E-004   1.0095546869230308E-003   3.9495921115647002E-003   6.2155666872164049E-003   3.9495921115646950E-003   1.0095546869230312E-003   1.0684441696070954E-004
   1.0638090477441330E-004   1.0051750392686804E-003   3.9324580008016927E-003   6.1886023311347547E-003   3.9324580008016892E-003   1.0051750392686782E-003   1.0638090477441256E-004
   1.0588081456108382E-004   1.0004497720707091E-003   3.9139717530610975E-003   6.1595100850540133E-003   3.9139717530610948E-003   1.0004497720707056E-003   1.0588081456108305E-004
   1.0534071713068852E-004   9.9534648349689620E-004   3.8940066055012401E-003   6.1280904592868474E-003   3.8940066055012444E-003   9.9534648349689598E-004   1.0534071713068752E-004
   1.0475604022984743E-004   9.8982197110429886E-004   3.8723935409999328E-003   6.0940774675833200E-003   3.8723935409999532E-003   9.8982197110429604E-004   1.0475604022984651E-004
   1.0412221160518212E-004   9.8383303244995650E-004   3.8489635424349953E-003   6.0572051236935888E-003   3.8489635424349892E-003   9.8383303244995324E-004   1.0412221160518170E-004
   1.0343351593996862E-004   9.7732566448017577E-004   3.8235053384036532E-003   6.0171409448052807E-003   3.8235053384036511E-003   9.7732566448017729E-004   1.0343351593996784E-004
   1.0268423791748370E-004   9.7024586414127200E-004   3.7958076575031583E-003   5.9735524481060349E-003   3.7958076575031578E-003   9.7024586414127124E-004   1.0268423791748295E-004
   1.0186866222100296E-004   9.6253962837955227E-004   3.7656592283307846E-003   5.9261071507835401E-003   3.7656592283307659E-003   9.6253962837955010E-004   1.0186866222100204E-004
   1.0098335966049182E-004   9.5417455536279776E-004   3.7329332880448323E-003   5.8746055631503638E-003   3.7329332880448318E-003   9.5417455536279863E-004   1.0098335966049081E-004
   1.0002318645089947E-004   9.4510204234269323E-004   3.6974396923828900E-003   5.8187484506753706E-003   3.6974396923828839E-003   9.4510204234269431E-004   1.0002318645089879E-004
   9.8981855743830133E-005   9.3526268596017556E-004   3.6589460428018846E-003   5.7581700822650090E-003   3.6589460428018751E-003   9.3526268596017209E-004   9.8981855743829320E-005
   9.7854223754231942E-005   9.2460788346691934E-004   3.6172621950393592E-003   5.6925712233881374E-003   3.6172621950393553E-003   9.2460788346691858E-004   9.7854223754230939E-005
   9.6625430658622876E-005   9.1299722692332966E-004   3.5718388434481676E-003   5.6210874187326348E-003   3.5718388434481667E-003   9.1299722692332749E-004   9.6625430658622008E-005
   9.5282331228538643E-005   9.0030650930591897E-004   3.5221900638019829E-003   5.5429539578301327E-003   3.5221900638019803E-003   9.0030650930591918E-004   9.5282331228537572E-005
   9.3815209425548676E-005   8.8644392542341129E-004   3.4679566947161213E-003   5.4576056198996159E-003   3.4679566947161244E-003   8.8644392542340945E-004   9.3815209425547822E-005
   9.2212634616205768E-005   8.7130146916842785E-004   3.4087161933850883E-003   5.3643774393163654E-003   3.4087161933850957E-003   8.7130146916842535E-004   9.2212634616204616E-005
   9.0475749863853930E-005   8.5488994115170253E-004   3.3445108140894488E-003   5.2633359126428702E-003   3.3445108140894467E-003   8.5488994115169603E-004   9.0475749863853171E-005
   8.8614842738596750E-005   8.3730654686987502E-004   3.2757208453541250E-003   5.1550795089413456E-003   3.2757208453541345E-003   8.3730654686987340E-004   8.8614842738595937E-005
   8.6646487658932777E-005   8.1870789517865463E-004   3.2029589742471249E-003   5.0405724283676054E-003   3.2029589742471210E-003   8.1870789517865582E-004   8.6646487658932180E-005
   8.4580972194964960E-005   7.9919119157469175E-004   3.1266054892933712E-003   4.9204131399839457E-003   3.1266054892933725E-003   7.9919119157469208E-004   8.4580972194964323E-005
   8.2408580308262463E-005   7.7866463086670066E-004   3.0463012291081881E-003   4.7940364230092845E-003   3.0463012291081959E-003   7.7866463086670142E-004   8.2408580308262341E-005
   8.0117309833706196E-005   7.5701480664193844E-004   2.9616025237458282E-003   4.6607440635377199E-003   2.9616025237458191E-003   7.5701480664193714E-004   8.0117309833705816E-005
   7.7705446176278624E-005   7.3422551798429003E-004   2.8724459917854306E-003   4.5204363167255660E-003   2.8724459917854363E-003   7.3422551798429003E-004   7.7705446176277892E-005
   7.5174703930996252E-005   7.1031296580986887E-004   2.7788950146478537E-003   4.3732129274165017E-003   2.7788950146478563E-003   7.1031296580986736E-004   7.5174703930995886E-005
   7.2520510844481019E-005   6.8523394767571930E-004   2.6807805752108722E-003   4.2188079093606456E-003   2.6807805752108783E-003   6.8523394767571637E-004   7.2520510844480314E-005
   6.9733722409974117E-005   6.5890205869593402E-004   2.5777646392301065E-003   4.0566892900582427E-003   2.5777646392301026E-003   6.5890205869593120E-004   6.9733722409973941E-005
   6.6805194120718125E-005   6.3123089398461115E-004   2.4695091724611334E-003   3.8863250970095544E-003   2.4695091724611356E-003   6.3123089398461180E-004   6.6805194120717515E-005
   6.3729210659989059E-005   6.0216645048805670E-004   2.3558029035012245E-003   3.7073828474021827E-003   2.3558029035012197E-003   6.0216645048805442E-004   6.3729210659988381E-005
   6.0502914369425083E-005   5.7168172667942658E-004   2.2365401966489991E-003   3.5196962998299804E-003   2.2365401966489970E-003   5.7168172667942669E-004   6.0502914369424290E-005
   5.7128591375715480E-005   5.3979832378019989E-004   2.1118055604655507E-003   3.3233984474179044E-003   2.1118055604655533E-003   5.3979832378019642E-004   5.7128591375714897E-005
   5.3613100058928946E-005   5.0658104545479854E-004   1.9818525206341878E-003   3.1188882695407354E-003   1.9818525206341964E-003   5.0658104545479735E-004   5.3613100058928601E-005
   4.9971300242547248E-005   4.7217029964282493E-004   1.8472303828020575E-003   2.9070302215106155E-003   1.8472303828020551E-003   4.7217029964282515E-004   4.9971300242547031E-005
   4.6226624725137907E-005   4.3678749886441034E-004   1.7088053597204263E-003   2.6891874828581653E-003   1.7088053597204282E-003   4.3678749886441116E-004   4.6226624725137697E-005
   4.2409936217009245E-005   4.0072425960949003E-004   1.5677183169641525E-003   2.4671554607701091E-003   1.5677183169641544E-003   4.0072425960948943E-004   4.2409936217008967E-005
   3.8556669681848266E-005   3.6431540081094627E-004   1.4252791372302810E-003   2.2429955486829929E-003   1.4252791372302788E-003   3.6431540081094583E-004   3.8556669681847975E-005
   3.4703974678359862E-005   3.2791194231777021E-004   1.2828610846366841E-003   2.0188688848771195E-003   1.2828610846366828E-003   3.2791194231777032E-004   3.4703974678359571E-005
   3.0893001486954918E-005   2.9190270611654048E-004   1.1419853132831608E-003   1.7971693456014077E-003   1.1419853132831597E-003   2.9190270611654048E-004   3.0893001486954566E-005
   2.7166614983061553E-005   2.5669271510993827E-004   1.0042363586903282E-003   1.5803905519484866E-003   1.0042363586903287E-003   2.5669271510993729E-004   2.7166614983061299E-005
   2.3570537700469988E-005   2.2271399372749385E-004   8.7130439208019475E-004   1.3711923664171770E-003   8.7130439208019377E-004   2.2271399372749426E-004   2.3570537700469802E-005
   2.0151635236315136E-005   1.9040936700947370E-004   7.4492183895530167E-004   1.1723011480687447E-003   7.4492183895530047E-004   1.9040936700947419E-004   2.0151635236314980E-005
   1.6953343997697476E-005   1.6018925816393013E-004   6.2669436197654727E-004   9.8624376627707232E-004   6.2669436197654749E-004   1.6018925816393072E-004   1.6953343997697307E-005
   1.4015099670011070E-005   1.3242628826133261E-004   5.1807973382290637E-004   8.1531435244737059E-004   5.1807973382290702E-004   1.3242628826133195E-004   1.4015099670010981E-005
   1.1367764963564152E-005   1.0741207379161196E-004   4.2021882006922849E-004   6.6130831376634059E-004   4.2021882006922854E-004   1.0741207379161179E-004   1.1367764963564026E-005
   9.0330580819070595E-006   8.5351826358794628E-005   3.3391445204596033E-004   5.2548908492091478E-004   3.3391445204596098E-004   8.5351826358794560E-005   9.0330580819069680E-006
   7.0206950634701752E-006   6.6337351154155706E-005   2.5952579113777783E-004   4.0842188669209286E-004   2.5952579113777712E-004   6.6337351154155543E-005   7.0206950634701405E-006
   5.3329620349430261E-006   5.0390249399171918E-005   1.9713734590578048E-004   3.1023971220481235E-004   1.9713734590578021E-004   5.0390249399171864E-005   5.3329620349429973E-006
   3.9572852995333372E-006   3.7391714375722451E-005   1.4628431926391863E-004   2.3021109927190222E-004   1.4628431926391852E-004   3.7391714375722404E-005   3.9572852995332999E-006
   2.8668028686393968E-006   2.7087931731459347E-005   1.0597373561926867E-004   1.6677337867531221E-004   1.0597373561926840E-004   2.7087931731459208E-005   2.8668028686393774E-006
   2.0289374369357813E-006   1.9171084060342989E-005   7.5001347976157013E-005   1.1803139838464077E-004   7.5001347976156891E-005   1.9171084060342969E-005   2.0289374369357626E-006
   1.4025387240113814E-006   1.3252349375797676E-005   5.1846002234785570E-005   8.1591282150960065E-005   5.1846002234785692E-005   1.3252349375797649E-005   1.4025387240113693E-006
