  0.97554007750576610       0.96340906016454508       0.93944853516172733       0.88319301879077727       0.82370346692760121       0.99450456310301161        1.0000000000000000     
  0.97841395724302549       0.96689196021632429       0.94304708499062118       0.88639469282733363       0.82421727213678608       0.99442662562152984       0.99999999999999833     
  0.98090319524319547       0.96978746832129292       0.94631922037291827       0.88920947149212604       0.82431419752923996       0.99467224657715936       0.99999999999999878     
  0.98304638313621573       0.97243020474569486       0.94882511617536247       0.89149471818799819       0.82400276980423370       0.99458842552195570       0.99999999999999978     
  0.98486293227002453       0.97431723888695854       0.95115641893891290       0.89291356308877579       0.82429967022349104       0.99494157838935393       0.99999999999999800     
  0.98643992252369483       0.97530750536622024       0.95291918774701845       0.89367093288907795       0.82308475431248185       0.99519245773820486       0.99999999999999944     
  0.98777943884339936       0.97651894562584673       0.95398083338271422       0.89359886613548278       0.82805612254295147       0.99571225245662209        1.0000000000000000     
  0.98865907472615333       0.97729204432207450       0.95426702893874971       0.89141917258514203       0.82493851081114300       0.99575264811850039       0.99999999999999911     
  0.98913717280886260       0.97692938172101229       0.95428374612830835       0.89002438170708398       0.82447123278158552       0.99578667889784134        1.0000000000000004     
  0.98782661209991474       0.97691911727195468       0.95361050551882898       0.88782080996828838       0.83267692351241274       0.99570851773038005       0.99999999999999889     
  0.98693054507528866       0.97486714431292965       0.95183723003536713       0.88177193543336052       0.82713417594295424       0.99589378723213884        1.0000000000000009     
  0.98477505878366867       0.97341741621213251       0.94324486860861756       0.87667680318902430       0.82023080827391226       0.99597041990657464        1.0000000000000002     
  0.98356556920297600       0.97133830936574062       0.93936935819761458       0.87153224169263122       0.81339275455097082       0.99593221687766464        1.0000000000000004     
  0.98216653652749586       0.96942808915044199       0.93670783689061476       0.86511524081461866       0.80385188712550648       0.99588026343721725       0.99999999999999956     
  0.97987550602894125       0.96761784716040267       0.93325064025931947       0.85753123965073264       0.79328691454132061       0.99579973360658403        1.0000000000000011     
  0.97669436742142079       0.96543584105097358       0.92822518602326987       0.84048297275795114       0.78170670081058535       0.99575064937513080       0.99999999999999856     
  0.97381300956128081       0.96226938697707776       0.92120537403442626       0.83116863361868532       0.78605798856641218       0.99572447462136204       0.99999999999999600     
  0.97024758772021213       0.95786809346289936       0.91556891938292218       0.82177746722159872       0.77458759816224143       0.99568151264783922       0.99999999999999967     
  0.96774640283307822       0.94913314335524579       0.90932753997750215       0.81223601839463144       0.76207032480246961       0.99572133672894692       0.99999999999999789     
  0.96507172219786164       0.94519886615419446       0.90234378076350641       0.80584852627812276       0.74908905637512502       0.99572146674197293        1.0000000000000020     
  0.96043685618064867       0.93550570389315468       0.89535531361204590       0.79654942803255147       0.73667599733872502       0.99556006717537138       0.99999999999999956     
  0.95765145398860851       0.92822285592127918       0.88779851527248987       0.78747791950181401       0.72330633745149864       0.99552578449479212        1.0000000000000016     
  0.94734929869561957       0.92237630942846460       0.88050861373482947       0.78648862456528024       0.70998885313257876       0.99549427222949582       0.99999999999999967     
  0.93717980712255577       0.91642421476815572       0.87356421973966891       0.77838228666197606       0.69684510508412034       0.99544417697263921       0.99999999431190933     
  0.93071775842166771       0.90949340751546048       0.85976378983590407       0.77063129187767654       0.68699445832929595       0.99539491477848474       0.99999999095126579     
  0.92560948821332767       0.90316566783981156       0.85365451573776241       0.76328250366573569       0.68223107014275053       0.99534698885639838       0.99999998655351496     
  0.92060448902444825       0.89766753717791326       0.84728429122966431       0.75622003851081021       0.67066062596631093       0.99530722390969162       0.99999999999999967     
  0.91526502687806555       0.89254332010268833       0.84004053396080403       0.74982517214225397       0.65967113158993007       0.99526566092184177       0.99999996221546184     
  0.91085555568736909       0.88785172190790018       0.83511485480428838       0.74439763264130965       0.64934164266302530       0.99522405432132643       0.99999999999999845     
  0.90686261918004607       0.87631869325497314       0.83041293722408394       0.73880307510548182       0.63979122342582473       0.99520745660319965        1.0000000000000004     
  0.90275694924424998       0.87261831725283678       0.82665684767264558       0.73417540800545833       0.63046083827741961       0.99520474668952230       0.99999999999999978     
  0.89145482510342233       0.86925499167835840       0.82360116793764560       0.73040065480968752       0.62296492521083979       0.99522429633503340        1.0000000000000000     
  0.88576864129583310       0.86258770569035803       0.81564330577945676       0.72722965581726684       0.61664738018609200       0.99519849863151955       0.99999994451317975     
  0.88374787710787062       0.83985061268107586       0.79488022764608590       0.72484641022407137       0.61148086504475219       0.99517902791008672        1.0000000000000000     
  0.87641387059463061       0.83885116979836105       0.79480099371913260       0.72361710920641620       0.60759389420724774       0.99512497788950816       0.99999999999999900     
  0.87593116487243461       0.82969658249991163       0.79434199929857552       0.72292282383549555       0.60507230102438514       0.99511694334985279       0.99999999999999867     
  0.84880824353608897       0.82433525113414186       0.79301864863528526       0.71507743742433216       0.60387914484939043       0.99511314551822783        1.0000000000000009     
  0.84868135890818153       0.82520329200603604       0.78946755746862041       0.71644007359672224       0.60377092359021711       0.99513411948705932       0.99999999999999845     
  0.85015820380919160       0.82689322993856507       0.79149119604412743       0.71816191818794595       0.60031354223943556       0.99515456804511615        1.0000000000000011     
  0.84732837202538613       0.82863495765663864       0.78227731791386956       0.72180233424620577       0.58154527833987824       0.99546944611590227       0.99999999999999911     
  0.84976745109753260       0.82635904608360866       0.78563822803055738       0.72686952976883668       0.57948783039471308       0.99550949542051825       0.99999999999999922     
  0.85015933733601834       0.82999615919764369       0.80144086894295119       0.73046088285062827       0.53129027896463166       0.99576327561894662       0.99999999999999811     
  0.85382782055184014       0.83356929759046627       0.80644760497476931       0.73692518925433637       0.53664233410753659       0.99583753226621785        1.0000000000000002     
  0.84626244363605108       0.83599798148417470       0.81170854699464468       0.71096277525722096       0.53252212690404321       0.99588688580878593       0.99999999999999989     
  0.85048096259983563       0.82184775165098867       0.82518130860183847       0.71909905470122715       0.54757630811108982       0.99596337824573966       0.99999999999999789     
  0.87251836884496881       0.84384845483504467       0.84293477725095012       0.73372328755033323       0.55517132100749755       0.99600101062934787        1.0000000000000016     
  0.89134569104132766       0.86384247604222697       0.85955897952866844       0.74887514481395201       0.56368690718684134       0.99604719667541941       0.99999999999999833     
  0.90800647067367846       0.88199648509633854       0.87515191494885203       0.76443239519635453       0.57315916561681124       0.99610791975108348       0.99999999999999900     
  0.92279420503634346       0.89850194954905782       0.88976662952901941       0.78028018943942035       0.58362809829808393       0.99672671812018854       0.99999999999999767     
  0.93578010147606772       0.91344584211017532       0.90340756102321818       0.79629969760601305       0.59512518457458830       0.99679998304451023        1.0000000000000000     
  0.94704423649980540       0.92686420875913456       0.91606095106267238       0.81238223612304050       0.60768844902074759       0.99688388813475182        1.0000000000000011     
  0.95672165941376575       0.93879075358579189       0.92770776319686477       0.82842172197446251       0.62135561844856380       0.99697932948640577        1.0000000000000011     
  0.96498176695087767       0.94928279292013507       0.93833426780625140       0.84430694625070013       0.63615289129675312       0.99708747683587995        1.0000000000000016     
  0.97199842674027714       0.95842813337891164       0.94794165256718466       0.85992360529675949       0.65209688960980716       0.99720938542243864       0.99999999999999967     
  0.97792529257440652       0.96633068236113395       0.95654358208089019       0.87514539585282780       0.67033577987499404       0.99734640365843097       0.99999999999999933     
  0.98289288661098617       0.97310355342457389       0.96377637144243788       0.88984811135797770       0.70785352969535409       0.99802772494989034       0.99999999999999867     
  0.98700905518186743       0.97885552980401891       0.97022452236764078       0.90390772550856235       0.78449936384399499       0.99818767772862882        1.0000000000000020     
  0.99036617899440837       0.98368571958395967       0.97222063774128165       0.91720213764416603       0.80343412988456353       0.99835509364260988        1.0000000000000013     
  0.99304909158963206       0.98768438097811462       0.97787100068442645       0.92961906119663917       0.82081573640247607       0.99852669647711367       0.99999999999999833     
  0.99513956343529286       0.99093454478095511       0.98188652036806401       0.94105451412080998       0.83839242059477936       0.99869880939722977       0.99999999999999889     
  0.99672016425462751       0.99351736838897264       0.98493485752362331       0.95142514555991431       0.85595926409251466       0.99886749019307242       0.99999999999999822     
  0.99787402295035399       0.99551456368644065       0.99006767354462821       0.96067191134870666       0.87328623251005499       0.99902922361043811       0.99999999999999922     
  0.99868286891997049       0.99700967253030925       0.99241019614733039       0.96876322295796591       0.89012431178538221       0.99940081661269220       0.99999999999999933     
  0.99922433011885936       0.99808738555411747       0.99411590272925410       0.97569869732321290       0.90621866053102806       0.99950597455729573        1.0000000000000007     
  0.99956833276614065       0.99883110915586126       0.99557523214635391       0.98150790605976101       0.92131857466480549       0.99960322190435469       0.99999999999999922     
  0.99977441571793757       0.99931957999406029       0.99707552866569726       0.98625106917377214       0.93519636850207233       0.99969238995520471        1.0000000000000004     
  0.99988931565552208       0.99962309990236387       0.99804879510237854       0.99001598687646497       0.94766526245967897       0.99977205555310789       0.99999999999999800     
  0.99994933486806403       0.99979973799133826       0.99878448222402938       0.99291297644380316       0.95859280577462636       0.99984045906119001        1.0000000000000007     
  0.99997769631726718       0.99989674855634170       0.99926223559540273       0.99506886271753869       0.96791443295709245       0.99989605844338714       0.99999999999999956     
  0.99999032981295266       0.99994621808714568       0.99954761872084408       0.99661917900904762       0.97564099313693375       0.99993884599377858       0.99999999999999800     
  0.99999558927064025       0.99997084361138400       0.99972475930279703       0.99769856616614694       0.98185799101101989       0.99996738333465929        1.0000000000000033     
  0.99999777329325923       0.99998317186132202       0.99982807340889435       0.99843105783372665       0.98672034558198307       0.99998474597457176        1.0000000000000031     
  0.99999877595769027       0.99998980884720001       0.99988929889671330       0.99892451682604821       0.99202516581711475       0.99999395460979412        1.0000000000000016     
  0.99999931169531286       0.99999379603214611       0.99992801934828213       0.99926287547735138       0.99513263825131815       0.99999809115998628       0.99999999999999989     
  0.99999962934247022       0.99999637321924961       0.99995393678036815       0.99950511023040356       0.99678959140107870       0.99999956479482710        1.0000000000000004     
  0.99999982026326395       0.99999806994924401       0.99997271946657029       0.99968687701606673       0.99701678852452313       0.99999994410648152       0.99999999999999944     
  0.99999992624827305       0.99999911881674219       0.99998585707394183       0.99982469221285286       0.99815711309855248       0.99999999671389195       0.99999999999999878     
  0.99999997633896187       0.99999968056962263       0.99999401863318471       0.99991911059894945       0.99913720339195367       0.99999999969716569        1.0000000000000018     
  0.99999999493687808       0.99999992040603169       0.99999819241628141       0.99996938757798426       0.99930361507051013       0.99999999999935596       0.99999999999999989     
  0.99999999959160046       0.99999999168934484       0.99999973815462317       0.99998713065933831       0.99993460418159219        1.0000000000000016       0.99999999999999600     
  0.99999999999875366       0.99999999995658340       0.99999999719660526       0.99999964442032185       0.99993105906979707        1.0000000000000009       0.99999999999999956     
