  0.58337021989171045       0.58880632109290576       0.59458416869245889       0.60095830916863435       0.61559131701350445       0.65772161923424577       0.74133989891661667     
  0.57896505244414842       0.58456181749931690       0.59094735748428417       0.59881868414098371       0.61662170750291712       0.66390223041815533       0.75402867342858648     
  0.57498242058289017       0.58051651665946813       0.58733124590122043       0.59656666148006288       0.61742232493427318       0.66974064542531320       0.76617835938050027     
  0.57141732423508718       0.57679761126244478       0.58390349940404962       0.59437567954693227       0.61815271578482778       0.67539335514579235       0.77794318637702387     
  0.56825041629825168       0.57342550225366051       0.58072483420126653       0.59231675630467018       0.61889705654106208       0.68093640646187581       0.78938603111838790     
  0.56544821853086846       0.57039579921091055       0.57781119218627086       0.59043424843225067       0.61970020682686211       0.68640718241145282       0.80052375597340852     
  0.56297773352219860       0.56769111048981347       0.57517000003229868       0.58873110742412882       0.62057777866192654       0.69178098284084266       0.81134633256919009     
  0.56081653346129801       0.56529260921908786       0.57279876604994129       0.58721240909288008       0.62149515008505118       0.69708823192478941       0.82187554194505796     
  0.55893916311166003       0.56318096367730364       0.57067969112140182       0.58587599471716401       0.62247933411129608       0.70233918571962173       0.83212791073390413     
  0.55732087576105449       0.56133150308212909       0.56881876856632574       0.58472165139639320       0.62353301370950809       0.70754938883058882       0.84203720680198180     
  0.55593598637818864       0.55972653625994762       0.56718382116687971       0.58374160404616626       0.62466386267225560       0.71273909047371176       0.85165415679884693     
  0.55475909774046972       0.55835220274185626       0.56575414455759843       0.58293419631605914       0.62591367444294577       0.71792822318771554       0.86100242467638688     
  0.55377180157567307       0.55717510273488557       0.56452927174175482       0.58230046237068911       0.62727342948856701       0.72313829771530569       0.87007888530074495     
  0.55294974958382859       0.55618625857612947       0.56349795707092698       0.58183769617988967       0.62867554866468600       0.72838330949252761       0.87887444922393421     
  0.55227849065763779       0.55537161194720341       0.56264892643605346       0.58154502918729289       0.63017826029704671       0.73367446797718983       0.88737814025013984     
  0.55174401270604501       0.55471478219565962       0.56197740381641226       0.58142040242023441       0.63179069121812304       0.73902569773350879       0.89557906365995510     
  0.55133332926082745       0.55421721129874890       0.56147955490677148       0.58146191654838797       0.63351883241804741       0.74444423031340679       0.90346282755397378     
  0.55103554242274155       0.55385628032396561       0.56114705158786926       0.58166856715781412       0.63536794682296582       0.74993505946409245       0.91101700454103829     
  0.55084920884420718       0.55361818487770675       0.56097432203330910       0.58203609546097124       0.63734413317590366       0.75550132274502957       0.91823076580471086     
  0.55076631252110309       0.55350360471252380       0.56095770875326811       0.58256303865351899       0.63945152373352265       0.76114339738618153       0.92509377896548062     
  0.55077112648308868       0.55351066137728222       0.56108461643890006       0.58325023150797795       0.64169556584361609       0.76686167220442936       0.93160087756787924     
  0.55086110781097286       0.55363459718390240       0.56137727270692794       0.58410549260894951       0.64407901538205559       0.77265484816496965       0.93774578041630052     
  0.55105612634663625       0.55387479030477949       0.56181764333775741       0.58512043987543738       0.64660688270395916       0.77852028812440000       0.94352638409261680     
  0.55134051231502612       0.55423153609131171       0.56239841569458582       0.58629676482542536       0.64928635879355778       0.78445548524150099       0.94894382820898049     
  0.55171590370929613       0.55470981394961194       0.56312222955422053       0.58763674332398064       0.65212455239094258       0.79045765447662697       0.95400098117963106     
  0.55219393997747923       0.55531331336972023       0.56399751956334976       0.58914015315567037       0.65512567046018100       0.79652154434294897       0.95870465827393003     
  0.55277559605710302       0.55604459683461172       0.56502503530097570       0.59080936715675447       0.65829171182530632       0.80264034566810005       0.96306014420745789     
  0.55346646712331948       0.55690831792074047       0.56620826999741103       0.59264557849937594       0.66162307669100229       0.80880683150028210       0.96707673134573313     
  0.55427189082938111       0.55790728123712274       0.56755018485873088       0.59464636085673472       0.66512277276471832       0.81501427996468645       0.97076597392611463     
  0.55519952950668228       0.55904989594137855       0.56905266458307913       0.59681378875011382       0.66879376510207000       0.82125662765759277       0.97414040382081690     
  0.55625408121302333       0.56033270238458244       0.57070909929692837       0.59914492699941369       0.67263274757678682       0.82752272109311575       0.97721491903435975     
  0.55743268914885802       0.56176112199978623       0.57252547270447407       0.60164280852255536       0.67664175955089612       0.83380420565892766       0.98000265723586777     
  0.55874386745009230       0.56334005085936589       0.57451564194972904       0.60431115942480074       0.68082239222777463       0.84008976450361406       0.98251907462652666     
  0.56020482216312628       0.56506508020952151       0.57666279744578675       0.60715578401757875       0.68518295732033097       0.84636914544720809       0.98478067424329896     
  0.56180024040682286       0.56693074097336305       0.57897769248079300       0.61017257338882736       0.68968339402737588       0.85263044998693627       0.98680352969832741     
  0.56351980667256640       0.56893182526329855       0.58143301300731454       0.61336316167782046       0.69435313573782975       0.85885837188267744       0.98860311864625683     
  0.56535860389488624       0.57105290430436551       0.58401405307038035       0.61669058291160095       0.69917009932631047       0.86504474036206380       0.99019841830016597     
  0.56730086718675965       0.57328775387094832       0.58670662550666619       0.62013287320493982       0.70410472934340096       0.87117773084987926       0.99160588724154386     
  0.56932701677961917       0.57560753362103900       0.58948790174854782       0.62369983956284480       0.70915847597282267       0.87724428747364314       0.99284178316693894     
  0.57141198761473821       0.57798463914788800       0.59233444360094234       0.62738552693522043       0.71435091030925824       0.88322738800865985       0.99392156542738630     
  0.57349759032410408       0.58036785886864173       0.59521694824513460       0.63114058686725916       0.71961572507123273       0.88911290436426516       0.99486048429171980     
  0.57551004178807319       0.58268425690615955       0.59807607854993516       0.63493653577478770       0.72497097650014508       0.89488046490462281       0.99567270461654755     
  0.57732568773678306       0.58484368192518965       0.60087034998875055       0.63873403971506115       0.73033107634533834       0.90049228224878297       0.99637149450861373     
  0.57876688203948889       0.58673842498056483       0.60354967460284981       0.64251594597911232       0.73570721789616944       0.90591307464024884       0.99696872302540174     
   1.0000000000000000        1.0000000000000000        1.0000000000000000        1.0000000000000000        1.0000000000000000        1.0000000000000000        1.0000000000000000     
   1.0000000000000000        1.0000000000000000        1.0000000000000000        1.0000000000000000        1.0000000000000000        1.0000000000000000        1.0000000000000000     
   1.0000000000000000        1.0000000000000000        1.0000000000000000        1.0000000000000000        1.0000000000000000        1.0000000000000000        1.0000000000000000     
   1.0000000000000000        1.0000000000000000        1.0000000000000000        1.0000000000000000        1.0000000000000000        1.0000000000000000        1.0000000000000000     
   1.0000000000000000        1.0000000000000000        1.0000000000000000        1.0000000000000000        1.0000000000000000        1.0000000000000000        1.0000000000000000     
   1.0000000000000000        1.0000000000000000        1.0000000000000000        1.0000000000000000        1.0000000000000000        1.0000000000000000        1.0000000000000000     
   1.0000000000000000        1.0000000000000000        1.0000000000000000        1.0000000000000000        1.0000000000000000        1.0000000000000000        1.0000000000000000     
   1.0000000000000000        1.0000000000000000        1.0000000000000000        1.0000000000000000        1.0000000000000000        1.0000000000000000        1.0000000000000000     
   1.0000000000000000        1.0000000000000000        1.0000000000000000        1.0000000000000000        1.0000000000000000        1.0000000000000000        1.0000000000000000     
   1.0000000000000000        1.0000000000000000        1.0000000000000000        1.0000000000000000        1.0000000000000000        1.0000000000000000        1.0000000000000000     
   1.0000000000000000        1.0000000000000000        1.0000000000000000        1.0000000000000000        1.0000000000000000        1.0000000000000000        1.0000000000000000     
   1.0000000000000000        1.0000000000000000        1.0000000000000000        1.0000000000000000        1.0000000000000000        1.0000000000000000        1.0000000000000000     
   1.0000000000000000        1.0000000000000000        1.0000000000000000        1.0000000000000000        1.0000000000000000        1.0000000000000000        1.0000000000000000     
   1.0000000000000000        1.0000000000000000        1.0000000000000000        1.0000000000000000        1.0000000000000000        1.0000000000000000        1.0000000000000000     
   1.0000000000000000        1.0000000000000000        1.0000000000000000        1.0000000000000000        1.0000000000000000        1.0000000000000000        1.0000000000000000     
   1.0000000000000000        1.0000000000000000        1.0000000000000000        1.0000000000000000        1.0000000000000000        1.0000000000000000        1.0000000000000000     
   1.0000000000000000        1.0000000000000000        1.0000000000000000        1.0000000000000000        1.0000000000000000        1.0000000000000000        1.0000000000000000     
   1.0000000000000000        1.0000000000000000        1.0000000000000000        1.0000000000000000        1.0000000000000000        1.0000000000000000        1.0000000000000000     
   1.0000000000000000        1.0000000000000000        1.0000000000000000        1.0000000000000000        1.0000000000000000        1.0000000000000000        1.0000000000000000     
   1.0000000000000000        1.0000000000000000        1.0000000000000000        1.0000000000000000        1.0000000000000000        1.0000000000000000        1.0000000000000000     
   1.0000000000000000        1.0000000000000000        1.0000000000000000        1.0000000000000000        1.0000000000000000        1.0000000000000000        1.0000000000000000     
   1.0000000000000000        1.0000000000000000        1.0000000000000000        1.0000000000000000        1.0000000000000000        1.0000000000000000        1.0000000000000000     
   1.0000000000000000        1.0000000000000000        1.0000000000000000        1.0000000000000000        1.0000000000000000        1.0000000000000000        1.0000000000000000     
   1.0000000000000000        1.0000000000000000        1.0000000000000000        1.0000000000000000        1.0000000000000000        1.0000000000000000        1.0000000000000000     
   1.0000000000000000        1.0000000000000000        1.0000000000000000        1.0000000000000000        1.0000000000000000        1.0000000000000000        1.0000000000000000     
   1.0000000000000000        1.0000000000000000        1.0000000000000000        1.0000000000000000        1.0000000000000000        1.0000000000000000        1.0000000000000000     
   1.0000000000000000        1.0000000000000000        1.0000000000000000        1.0000000000000000        1.0000000000000000        1.0000000000000000        1.0000000000000000     
   1.0000000000000000        1.0000000000000000        1.0000000000000000        1.0000000000000000        1.0000000000000000        1.0000000000000000        1.0000000000000000     
   1.0000000000000000        1.0000000000000000        1.0000000000000000        1.0000000000000000        1.0000000000000000        1.0000000000000000        1.0000000000000000     
   1.0000000000000000        1.0000000000000000        1.0000000000000000        1.0000000000000000        1.0000000000000000        1.0000000000000000        1.0000000000000000     
   1.0000000000000000        1.0000000000000000        1.0000000000000000        1.0000000000000000        1.0000000000000000        1.0000000000000000        1.0000000000000000     
   1.0000000000000000        1.0000000000000000        1.0000000000000000        1.0000000000000000        1.0000000000000000        1.0000000000000000        1.0000000000000000     
   1.0000000000000000        1.0000000000000000        1.0000000000000000        1.0000000000000000        1.0000000000000000        1.0000000000000000        1.0000000000000000     
   1.0000000000000000        1.0000000000000000        1.0000000000000000        1.0000000000000000        1.0000000000000000        1.0000000000000000        1.0000000000000000     
   1.0000000000000000        1.0000000000000000        1.0000000000000000        1.0000000000000000        1.0000000000000000        1.0000000000000000        1.0000000000000000     
   1.0000000000000000        1.0000000000000000        1.0000000000000000        1.0000000000000000        1.0000000000000000        1.0000000000000000        1.0000000000000000     
   1.0000000000000000        1.0000000000000000        1.0000000000000000        1.0000000000000000        1.0000000000000000        1.0000000000000000        1.0000000000000000     
