   5.6789454419360474     
   5.6703772046975542     
   5.6578111510908728     
   5.6412239949755714     
   5.6208980524105598     
   5.5968820516572979     
   5.5691336680122774     
   5.5375936442645521     
   5.5024001441223911     
   5.4637248728196006     
   5.4216400850358850     
   5.3761438169243032     
   5.3271277414689413     
   5.2744874658317649     
   5.2181713143232642     
   5.1581102901927700     
   5.0942946979887775     
   5.0266865276825810     
   4.9551728305919731     
   4.8795996710996867     
   4.7998125942884089     
   4.7156500236000154     
   4.6269272264511949     
   4.5334387129142755     
   4.4349331692938891     
   4.3311182720535442     
   4.2216803773478615     
   4.1062442081712538     
   3.9843626454245742     
   3.8555116118581321     
   3.7190730451997154     
   3.5743172655842610     
   3.4203724020389439     
   3.2561757073721052     
   3.0804327385548618     
   2.8915664303110771     
   2.6876091593828724     
   2.4660604531533994     
   2.2236669311470143     
   1.9560703241357258     
   1.6572245049597816     
   1.3182827547999894     
  0.92534575654687989     
  0.45371982557481222     
 -0.14857052793221009     
 -0.11820718059751667     
  -8.9923372886337116E-002
  -6.3647283235273869E-002
  -3.9325043121213994E-002
  -1.6911201730995994E-002
   3.6354458640367954E-003
   2.2335562021799083E-002
   3.9219968674558493E-002
   5.4323605903847175E-002
   6.7688471122098262E-002
   7.9367186640909540E-002
   8.9411378642923520E-002
   9.7881598084854679E-002
  0.10484314705095572     
  0.11036918453513404     
  0.11453976989202065     
  0.11743947898298164     
  0.11916015038698141     
  0.11978179486804923     
  0.11938833015535351     
  0.11803643316499703     
  0.11583529832580207     
  0.11287979633701246     
  0.10922948960266507     
  0.10495652263589836     
  0.10012766506138249     
   9.4807385053592125E-002
   8.9050667670109857E-002
   8.2903307538897408E-002
   7.6396606489796653E-002
   6.9540944948872752E-002
   6.2317323759656179E-002
   5.4671156051267343E-002
   4.6467285333132220E-002
   3.7522832286540159E-002
   2.7663785003361498E-002
