   3.4473601252308668        3.2304563804455171        2.8570716142942625        2.4152422434730054        3.2452318861088529        8.9487880410585561        21.102563914716622     
   3.4629662855210097        3.2441001177072328        2.8637072651408291        2.4077536403475546        3.2257885076146926        8.9486203285916055        21.156224745147330     
   3.4710569259827357        3.2503575227426067        2.8640045274050721        2.3957428288533844        3.2028141448612013        8.9395466759963398        21.181135347647743     
   3.4720611930425593        3.2497719173424939        2.8580523980146881        2.3793607775659105        3.1768068083732772        8.9243127088682872        21.184693015105189     
   3.4663549178665964        3.2426368691561809        2.8461514632734009        2.3587634781925773        3.1481365182372256        8.9033881487540434        21.168978090864609     
   3.4541165553970514        3.2291663327021429        2.8285684371507074        2.3341335138619188        3.1170241051810263        8.8775534074294828        21.134915593084987     
   3.4358920150273922        3.2096506932795155        2.8055705228359993        2.3056700527778005        3.0835515164385843        8.8470308533857640        21.085337709742628     
   3.4120872243061537        3.1844264821659336        2.7774383472909085        2.2735797769480919        3.0478536119832516        8.8121990092028621        21.019877128026760     
   3.3830258435846550        3.1537995649067851        2.7444326925518521        2.2380684847852512        3.0100536763245924        8.7731191571398757        20.939951434181975     
   3.3488911881326828        3.1180335818454008        2.7068150129838267        2.1993459954587298        2.9702669535940878        8.7300372727544655        20.846390921798271     
   3.3097417595758820        3.0773659574427699        2.6648366405625419        2.1576112236384555        2.9285932501260392        8.6817268412943047        20.739682241732496     
   3.2656703085160328        3.0320158161480362        2.6187442169223423        2.1130606852775755        2.8851249056925967        8.6307363320126296        20.621630485085877     
   3.2168493989356408        2.9821856402072049        2.5687753326249654        2.0658909354546320        2.8399449851587995        8.5740061555890232        20.491470526272249     
   3.1634868894041444        2.9280590268834188        2.5151610694584372        2.0162923337667640        2.7931311290908560        8.5152894217358384        20.351102592879631     
   3.1057812436532228        2.8698193780234780        2.4581313045583637        1.9644511189292386        2.7447552773705626        8.4520357789339240        20.199750970957371     
   3.0438854312911245        2.8076444180150237        2.3979006655416910        1.9105393070480750        2.6948776065646007        8.3857623596249997        20.037825211179662     
   2.9779306710545859        2.7417168544876858        2.3346834794229210        1.8547225701537380        2.6435549368175897        8.3153547018126890        19.867059637635613     
   2.9080392893000631        2.6722149865949101        2.2686842574237001        1.7971575083102305        2.5908371740209022        8.2416656664703698        19.687059943992836     
   2.8343099346335867        2.5993190340196848        2.2001021960633205        1.7379932220067724        2.5367657206302963        8.1644079679767181        19.497498059284720     
   2.7568618030140501        2.5232076221714679        2.1291328228321720        1.6773715541713108        2.4813759414170673        8.0833911158825149        19.295969523350134     
   2.6758323978770169        2.4440544660382137        2.0559579862925759        1.6154142430969392        2.4246886037268047        7.9991459920140660        19.086858028418892     
   2.5913649341214238        2.3620229168400044        1.9807456488049882        1.5522299708435103        2.3667173447708314        7.9107374680308773        18.868714904679031     
   2.5035892103677213        2.2772707682999265        1.9036543422111856        1.4879099855610056        2.3074626696634604        7.8189063955358700        18.642247031603308     
   2.4126401476832910        2.1899627312390932        1.8248307449664818        1.4225272857344355        2.2469106174733144        7.7230320349016077        18.407066936210139     
   2.3186602069627025        2.1002542154378565        1.7444100852599642        1.3561354922893372        2.1850344413005738        7.6234288511116777        18.162560651887972     
   2.2217769995277772        2.0082676408131590        1.6624909340284837        1.2887541887383627        2.1217862586454550        7.5199767132806938        17.909563753147101     
   2.1220963408389677        1.9141082092416852        1.5791445982189181        1.2203736916749626        2.0570992879259817        7.4122858663307767        17.643345923176646     
   2.0197041223445829        1.8178628066926454        1.4944041161427282        1.1509484157858829        1.9908774100860160        7.3013505684410207        17.354233753969567     
   1.9146769440564058        1.7195927311831525        1.4082460099490861        1.0803905595355903        1.9229975133429049        7.1864815248636793        17.083493205231441     
   1.8070681080116151        1.6193204251256987        1.3206165688070173        1.0085638776511958        1.8532942393096992        7.0683108355983997        16.804830618970961     
   1.6968836265493472        1.5170028160406308        1.2314017889816320       0.93526681816743074        1.7815578966013366        6.9462531780803891        16.522255684639838     
   1.5840685382469148        1.4125296711821977        1.1404025742236812       0.86022725502269526        1.7075450965162913        6.8211414479164798        16.233597166423237     
   1.4684898312883621        1.3057047460271201        1.0473242948889112       0.78308661388659040        1.6309227623450142        6.6925813885653271        15.942884331129076     
   1.3499307697947236        1.1962316656572343       0.95175978708451947       0.70338798040739792        1.5512845434296041        6.5609768097562648        15.649118563375591     
   1.2280575477400577        1.0836862431132444       0.85318389015537754       0.62055052881958672        1.4681368948974471        6.4266583025486561        15.352654229994480     
   1.1023915638497130       0.96749133836870649       0.75092732077274382       0.53382633993701456        1.3808559269405771        6.2891023488820803        15.054814980589237     
  0.97226840622329747       0.84687892406783827       0.64413038335343609       0.44227167971710618        1.2886602205355762        6.1494694963450236        14.756194337184516     
  0.83679473391431958       0.72083714198873483       0.53169347329192562       0.34470490589768416        1.1905589027636039        6.0066694295413070        14.457358443782976     
  0.69477480243099388       0.58804428477434145       0.41220099030017820       0.23960035587071574        1.0853075440160758        5.8615626854787539        14.159804276156340     
  0.54459766626705197       0.44679027855721065       0.28381756393585333       0.12499115827809081       0.97128267420730585        5.7136629743921414        13.865485559183158     
  0.38407889439698562       0.29476568028483940       0.14407088339260793      -1.70582939353543239E-003  0.84637541982113729        5.5633532072127903        13.575771984753121     
  0.21016424301518744       0.12876002783116394      -1.04412647527160288E-002 -0.14397084736920909       0.70775169452680031        5.4100099791674410        13.293735629815759     
  1.82529357513402796E-002 -5.59729879263675331E-002 -0.18462424286458973      -0.30667360921198700       0.55148066942948959        5.2537749095996542        13.022191594342685     
 -0.19941992549752957      -0.26712600023035271      -0.38597103982266234      -0.49694995807730469       0.37197645121281586        5.0941538115924985        12.765167466126039     
 -0.45687372311519220      -0.51733575788417208      -0.62514776894721025      -0.72416576341783634       0.16035873355256361        4.9321423634279711        12.527025307627419     
 -0.40388696264212942      -0.46394411439919747      -0.57202490745576584      -0.67769544129930626       0.16949131359101696        4.8518471894983515        12.312187876766613     
 -0.35506986522049777      -0.41402143802410174      -0.52127223275109191      -0.63216387309109046       0.17809297555145989        4.7698918582992320        12.095284865462036     
 -0.31031835689073306      -0.36752374315577896      -0.47292163785041313      -0.58758847555233296       0.18620362062280812        4.6862182091117459        11.876230325983107     
 -0.26946185107439036      -0.32437241229585240      -0.42697748369839772      -0.54401764465586244       0.19380107285149392        4.6007458601473186        11.654700234423661     
 -0.23231304745401771      -0.28449503958946804      -0.38347077005532865      -0.50153902371810288       0.20083982418598564        4.5134128396314859        11.430644863379914     
 -0.19868191673283556      -0.24779874598673815      -0.34242339055839233      -0.46024714371136871       0.20725483398027286        4.4241986276672582        11.204054229561102     
 -0.16840166028063061      -0.21419259551253336      -0.30386140871359824      -0.42024769572325776       0.21297550048799446        4.3330985318081519        10.975221718589452     
 -0.14132510136240675      -0.18358288627674008      -0.26780190036291363      -0.38164556658964249       0.21792312916596365        4.2400804218561303        10.744267999426469     
 -0.11730555191094431      -0.15586623706105029      -0.23423789121427763      -0.34452824893470935       0.22201067493510609        4.1450611439024128        10.511394940512785     
 -9.62079275860447392E-002 -0.13095899918060461      -0.20317930518231439      -0.30900911230810513       0.22515029879009277        4.0480342865652901        10.276731405945167     
 -7.78812016036911914E-002 -0.10877027475403503      -0.17462393497893200      -0.27519644789402059       0.22724643547775403        3.9488688403567620        10.040620121580483     
 -6.21606170306608016E-002 -8.92026167074115445E-002 -0.14856255307847380      -0.24318866995760374       0.22821172225361563        3.8476255942027695        9.8034433390786138     
 -4.88627416777817278E-002 -7.21466916542004844E-002 -0.12497696491556509      -0.21306622852475335       0.22796069019360579        3.7443354778573981        9.5655680253164128     
 -3.77827326571229735E-002 -5.74697408540572469E-002 -0.10383115321633675      -0.18492547850401778       0.22640928251992834        3.6390065521973871        9.3273416513666731     
 -2.87055881479615360E-002 -4.50265975877035679E-002 -8.50853147234645751E-002 -0.15885828499741458       0.22348713509155305        3.5316165001373592        9.0889545664657110     
 -2.13994360580087445E-002 -3.46473681139715731E-002 -6.86726164669727857E-002 -0.13492847748359713       0.21913372533603709        3.4222051259463520        8.8508495988955520     
 -1.56283845303778826E-002 -2.61460338890889508E-002 -5.45068303131805224E-002 -0.11322024986054312       0.21331054528210938        3.3107082550641604        8.6129596259592205     
 -1.11606223839880864E-002 -1.93161596732065767E-002 -4.24739255749089287E-002 -9.37402544995343395E-002  0.20600216062368140        3.1970241558038017        8.3752006018135496     
 -7.77631272105553436E-003 -1.39440032211184586E-002 -3.24320182017936928E-002 -7.63895322871292609E-002  0.19720501835196047        3.0810119115895289        8.1373765097580435     
 -5.27566896944587759E-003 -9.81501043869342088E-003 -2.42218985853682976E-002 -6.12028020308203399E-002  0.18695019659632944        2.9625384827819619        7.8991657164542133     
 -3.48042169671328259E-003 -6.71961228874455932E-003 -1.76548482651042449E-002 -4.81241076552353236E-002  0.17531700075809073        2.8414478341695433        7.6600117417986660     
 -2.23402698507471544E-003 -4.46464104580227179E-003 -1.25334746155833371E-002 -3.70614317783034206E-002  0.16246256319449565        2.7175911570186941        7.4195906558528639     
 -1.40248768411649805E-003 -2.87446295138230360E-003 -8.64464774649759474E-003 -2.78960698433685685E-002  0.14861044024215464        2.5908165742966545        7.1770684200790571     
 -8.73645801894010654E-004 -1.79429273090404070E-003 -5.78094159401410131E-003 -2.04775833223242651E-002  0.13397108949632375        2.4609636303687843        6.9314484672202035     
 -5.55392739767065460E-004 -1.09149708753776033E-003 -3.74076015493413246E-003 -1.46333524506516190E-002  0.11871148138389745        2.3278829831516101        6.6812633736348088     
 -3.75894252045415615E-004 -6.56663524300669216E-004 -2.34027572099707384E-003 -1.01598798657262460E-002  0.10325813720501426        2.1914243340606734        6.4246008467800753     
 -2.81618320417206520E-004 -4.02343847086334176E-004 -1.41593376740233490E-003 -6.84426358928507273E-003  8.79991595538649890E-002   2.0514521929175271        6.1587917764215119     
 -2.35923276210255105E-004 -2.62111270108399716E-004 -8.31077318986577222E-004 -4.47020829993047698E-003  7.32858416619457803E-002   1.9078376025038770        5.8803771280570372     
 -2.15505421715829552E-004 -1.89143278216851428E-004 -4.75953432210141037E-004 -2.82668509565939729E-003  5.94819707191289390E-002   1.7604484983768538        5.5848238547067357     
 -2.06900030198658693E-004 -1.52865266179130272E-004 -2.67778506603857805E-004 -1.72723482047500696E-003  4.69592433827400665E-002   1.6091271401892855        5.2661641161661796     
 -2.03330964113768387E-004 -1.34967677610468167E-004 -1.48547370333424801E-004 -1.01185124626903666E-003  3.60731642446740358E-002   1.4535916742696091        4.9165856132322521     
 -2.01762156636871792E-004 -1.25785968889116645E-004 -7.97625834595003588E-005 -5.51792210492538823E-004  2.70431993625577342E-002   1.2931925268388504        4.5256936141236164     
 -2.00975941661412331E-004 -1.20674139721679380E-004 -3.85519106428983390E-005 -2.54035209950991437E-004  1.98948628868303064E-002   1.1267444733399901        4.0800724962195956     
 -2.00533904001691320E-004 -1.17577667327740609E-004 -1.24277688011772997E-005 -5.58376325079718009E-005  1.44442880281058644E-002  0.95110305384567606        3.5621994461112876     
 -2.00263941112348401E-004 -1.15599501560305796E-004  5.14196611785424191E-006  8.15877571613673395E-005  1.03599210435900771E-002  0.76042535237266529        2.9499082240055525     
 -2.00079439551282396E-004 -1.14298876796760748E-004  1.72884642408495974E-005  1.79603485357055946E-004  7.23360797370521755E-003  0.55318697643875225        2.2147434767224206     
