  0.67256868286928029       0.67887003970536053       0.69381115811382910       0.73550928907159030       0.89741477008837622        1.7506245772099474        6.1005258376691174     
  0.69452888207737973       0.70014055996409175       0.71391942909416728       0.75463790350069770       0.91717038063114975        1.7905258062537917        6.4086999401667821     
  0.71648921627397288       0.72144650279127220       0.73410195936081413       0.77339990435010986       0.93610404055394947        1.8300275860590014        6.7292908039992829     
  0.73830020328127377       0.74264053085606097       0.75421019282366475       0.79192577252411378       0.95454170688119033        1.8694104983866957        7.0631090618293149     
  0.75984507218314679       0.76361737871806301       0.77413417777298632       0.81023521497911577       0.97259466886202806        1.9088030436077514        7.4109071484929983     
  0.78102600670653055       0.78428316657100516       0.79382653060798503       0.82830153413370733       0.99031141692514835        1.9482576632680824        7.7733824211055893     
  0.80176109214407798       0.80455708978502982       0.81320185025541425       0.84608152065355957        1.0077084290732476        1.9877823875035012        8.1511765722330747     
  0.82198760446545260       0.82437058359257265       0.83215454964003677       0.86353235105417747        1.0247929514416196        2.0273841732883757        8.5449737477229242     
  0.84165485290156627       0.84366725069952919       0.85061319552700931       0.88060977199630741        1.0415576630187240        2.0670451745642469        8.9554094323798719     
  0.86071605924641248       0.86239732290409865       0.86860965583372129       0.89727230897516985        1.0579906165675872        2.1067434080369982        9.3831373683112211     
  0.87913084189926793       0.88051692858421327       0.88605428775821327       0.91348280846855301        1.0740793062842728        2.1464621225750133        9.8288709884956909     
  0.89686068546129127       0.89798637962024697       0.90289033455517320       0.92920447247452453        1.0898045938809380        2.1861695743324665        10.293298862008887     
  0.91387305911720162       0.91477247354495062       0.91910987387067278       0.94441098207991403        1.1051572095761650        2.2258683497060772        10.777270386109095     
  0.93013691098954632       0.93084237441243511       0.93467857081387207       0.95907382862085000        1.1201199787214717        2.2655354286979583        11.281547401922587     
  0.94562645657239186       0.94614622446907282       0.94955712737057518       0.97317120471808016        1.1346806743672171        2.3051603010250461        11.806981008170720     
  0.96031950773549590       0.96064199066592160       0.96371933981868363       0.98668456588410203        1.1488260490685944        2.3447330580252239        12.354447166297062     
  0.97419665569254554       0.97434190561659173       0.97714751391755772       0.99959497708915790        1.1625377539333890        2.3842272717630029        12.924780843261146     
  0.98724194673820054       0.98720072043314988       0.98982612232205269        1.0118870681840191        1.1757997897615466        2.4236335398771187        13.518844423976905     
  0.99944233786889558       0.99926367085811596        1.0017432007126783        1.0235479048493632        1.1885956252722187        2.4629347348130710        14.137502887318959     
   1.0107711406366704        1.0104969957069592        1.0128886960638728        1.0345637663713243        1.2009064286230280        2.5021050321768077        14.781565011134463     
   1.0211222836544334        1.0209038810594564        1.0232567159984713        1.0449271533888311        1.2127192345137083        2.5411330359031536        15.451935170373016     
   1.0305899114129289        1.0304721048910155        1.0328430205917642        1.0546296159635624        1.2240155828705748        2.5799857216550430        16.149440591996242     
   1.0392273796562153        1.0391917408947831        1.0416446102294505        1.0636655236274861        1.2347811343417738        2.6186561295955357        16.874932980138002     
   1.0470216843172357        1.0470634735262505        1.0496631828077365        1.0720326451197495        1.2450039753733566        2.6571354064560939        17.629322938706952     
   1.0539756221733561        1.0540966318154628        1.0569047390441921        1.0797326089680197        1.2546749548587712        2.6954211538143564        18.413569749137761     
   1.0600861339208163        1.0603043037307949        1.0633766343637634        1.0867648859069559        1.2637815316511707        2.7335027418228632        19.228561897561523     
   1.0653513330041822        1.0656978599690483        1.0690828434062822        1.0931242323244579        1.2723026596458311        2.7713346975196291        20.075024934058767     
   1.0697783673836121        1.0702890855951626        1.0740300445245934        1.0988119866167270        1.2802249954665452        2.8089164473246746        20.953754599859732     
   1.0733848818323097        1.0740918788683398        1.0782280915748310        1.1038274480184767        1.2875359950207512        2.8462396562248973        21.865600332942069     
   1.0761958802142677        1.0771214684486885        1.0816883623906044        1.1081741724266796        1.2942268865552864        2.8833091115808207        22.811509557509034     
   1.0782231941648401        1.0793821882670536        1.0844113582148283        1.1118450814543681        1.3002741114898515        2.9200911100112297        23.792065861691846     
   1.0794778008188735        1.0808799941651284        1.0863993850382814        1.1148356841814662        1.3056543617844349        2.9565380791338916        24.807915515795692     
   1.0799590640752015        1.0816120434473675        1.0876451555528137        1.1171336118941904        1.3103423740807432        2.9926399645162323        25.859528079056926     
   1.0796604072954006        1.0815717787035699        1.0881395871984536        1.1187220035961913        1.3143095539311955        3.0283672696308392        26.947375039871396     
   1.0785634824432417        1.0807409155601750        1.0878645315340223        1.1195796950073491        1.3175186207066334        3.0636768388351054        28.071735007013849     
   1.0766378941610937        1.0790900981516132        1.0867934414919025        1.1196820440915078        1.3199261338182666        3.0985223570964586        29.232791940579574     
   1.0738355909396757        1.0765736439328375        1.0848859528472197        1.1189788536750427        1.3214695679421580        3.1327928492611208        30.430384152131577     
   1.0700897968542331        1.0731291179382254        1.0820881624941205        1.1174042080383091        1.3220879552698599        3.1664659055620508        31.664369616746843     
   1.0653099023643420        1.0686734038195598        1.0783263798624043        1.1148669162156681        1.3216987018884385        3.1994652176393839        32.934370561764958     
   1.0593819300391247        1.0631037923183950        1.0734984865899031        1.1112473904594846        1.3202093169416937        3.2317316608668643        34.240139571813231     
   1.0521484306637703        1.0562720992687626        1.0674373250196345        1.1063699192697023        1.3174968477230227        3.2631747359048124        35.581033116479702     
   1.0433812380414367        1.0479363482540514        1.0598786067937571        1.0999770150574795        1.3133964355177967        3.2936052908229754        36.955844489632092     
   1.0326794863067037        1.0376727340542606        1.0503902110069929        1.0916944555712047        1.3077395235893008        3.3229919856746912        38.363582505424937     
   1.0191654520189790        1.0245904653765006        1.0380923628097383        1.0809039821552735        1.3002899114345896        3.3511004166509335        39.801187744913513     
  0.74487338445688012       0.75076348800127624       0.76493938431028485       0.80842377056902781        1.0342515345530390        3.2401866061621605        41.262944859351911     
  0.72549664124164448       0.73197283968783755       0.74777032864857018       0.79450235624884114        1.0270390082961065        3.2711750686696139        42.748554640249317     
  0.70872972208560336       0.71523476559228760       0.73148149361488624       0.78067131383603761        1.0191634187386263        3.3001382141928333        44.250813068530199     
  0.69410901990836027       0.70048076456093855       0.71652998823326930       0.76705716243448119        1.0107008840860237        3.3270333019536524        45.766957078536215     
  0.68109178876716858       0.68737467001863950       0.70306419982630963       0.75380594619279695        1.0017168345698624        3.3518554683506845        47.295615397487133     
  0.66911568004567568       0.67540522923483903       0.69092287543374864       0.74105890432489829       0.99229512525008279        3.3747051673529636        48.836868387214537     
  0.65821257491516916       0.66440784774141104       0.67974149055949917       0.72893536512866586       0.98249138614262443        3.3955953575518403        50.389499542611148     
  0.64848313788768686       0.65444304728257163       0.66937369475198705       0.71744021903981769       0.97224316533444688        3.4143374059762999        51.953580580690193     
  0.64001417018511120       0.64557115383777264       0.65983059740501726       0.70654205845039020       0.96148771197383764        3.4303530390229109        53.514493330936034     
  0.63291656738314439       0.63788817738330339       0.65116568990891988       0.69620446069782926       0.95020400261336269        3.4433599023319066        55.065304394460668     
  0.62724063968308263       0.63147369452680024       0.64344742417245837       0.68640240461815538       0.93838742635889483        3.4531057675160937        56.599034056529703     
  0.62288974527255903       0.62633088993235631       0.63673757470383863       0.67712428578501382       0.92600201677449656        3.4591841833728250        58.105481754625465     
  0.61963233249837091       0.62234555440162598       0.63106114821394821       0.66837006409700805       0.91296794260242942        3.4610233246305304        59.570969267947099     
  0.61718914668523273       0.61930534236118295       0.62639362102900309       0.66016661745859706       0.89920643945912726        3.4579615341137941        60.979111930516531     
  0.61534475325210503       0.61698873793953679       0.62265237971627696       0.65256213015507225       0.88465431669470185        3.4493099286001048        62.311664451527186     
  0.61396452878797625       0.61522682927603567       0.61970615538785823       0.64561405934807903       0.86925395340773348        3.4343262658456286        63.547963527559531     
  0.61296165951431270       0.61390692921368117       0.61741026445612701       0.63938816610995075       0.85297707455192584        3.4122699066913684        64.665568945145949     
  0.61226676192095586       0.61294763293276877       0.61563996955700606       0.63392925477687689       0.83583954408296401        3.3823579915394588        65.639838138399028     
  0.61181590800211694       0.61228169079423567       0.61430000757837355       0.62925939198290026       0.81791589663709174        3.3438682831930406        66.445493393817841     
  0.61154557429865941       0.61184726236787357       0.61331662138749976       0.62536330103264126       0.79929891778654483        3.2961878821858757        67.057586356064490     
  0.61139705770747088       0.61158452713211520       0.61262470964156612       0.62218990256073670       0.78027179664237212        3.2388140028809462        67.451775725295008     
  0.61132296073930248       0.61143761431895216       0.61216126108099123       0.61966726740108258       0.76118997506871644        3.1713235019843795        67.603546734899624     
  0.61128915360220482       0.61136149261193451       0.61186749891680536       0.61770202213491565       0.74232591016977967        3.0932720110470364        67.486923081065029     
  0.61127488554821652       0.61132418960550561       0.61168951949063333       0.61620626463357075       0.72397622633161585        3.0043256171219479        67.076822852171730     
  0.61126902951589379       0.61130586155059308       0.61158330368541536       0.61509240458636960       0.70658987656930883        2.9042497573410229        66.348892280469883     
  0.61126639260518878       0.61129586851564077       0.61151754223391575       0.61427826558116572       0.69047650459203069        2.7930376096798657        65.282839230552909     
  0.61126486557406856       0.61128925479020091       0.61147244382700128       0.61368648152493122       0.67597702496964451        2.6710020907990377        63.864715171937398     
  0.61126372344274005       0.61128404391407021       0.61143746915379404       0.61324824378667975       0.66335452540470363        2.5386651188541309        62.086162096286508     
  0.61126276162346838       0.61127957410818667       0.61140785921565799       0.61290950055723881       0.65274926921500964        2.3969226375102086        59.948424246168678     
  0.61126193388308325       0.61127566600555439       0.61138180530312491       0.61263230918826450       0.64413136466261434        2.2469599551000332        57.461076687688241     
  0.61126122917959236       0.61127227716453125       0.61135877046644060       0.61239489561855875       0.63731549059326942        2.0903590217024650        54.645806580378441     
  0.61126064128991509       0.61126939039718042       0.61133862248703519       0.61218675682667811       0.63199588280591945        1.9290244858988947        51.534685799001466     
  0.61126016356386581       0.61126699019559727       0.61132134886445866       0.61200437266666408       0.62784226453877789        1.7658255294309233        48.189098831495286     
  0.61125978667383085       0.61126504790228875       0.61130688014597456       0.61184667898947298       0.62454126909926277        1.6040321164894142        44.683831404525684     
  0.61125949850734163       0.61126352172716247       0.61129506195973671       0.61171288859222472       0.62185228673847170        1.4470371194772733        41.096449178818276     
  0.61125928634410087       0.61126236365808162       0.61128570394036330       0.61160219094395907       0.61962570376823334        1.2993806057035540        37.535405646977509     
  0.61135193287714118       0.61135453874892687       0.61137154735329402       0.61160586987377086       0.61787013550538283        1.1658265687044647        34.124166681107376     
