  1.12772343466597473E-004  1.06556665421144565E-003  4.16872281049672153E-003  6.56041786018696487E-003  4.16872281049672066E-003  1.06556665421144434E-003  1.12772343466596537E-004
  1.12672325423931395E-004  1.06462160077185021E-003  4.16502556094858201E-003  6.55459941097082024E-003  4.16502556094859241E-003  1.06462160077184544E-003  1.12672325423930365E-004
  1.12568306659558922E-004  1.06363874519467072E-003  4.16118042141852985E-003  6.54854822378604824E-003  4.16118042141854893E-003  1.06363874519467463E-003  1.12568306659557933E-004
  1.12460287173479878E-004  1.06261808747990850E-003  4.15718739190657806E-003  6.54226429863260985E-003  4.15718739190659454E-003  1.06261808747990742E-003  1.12460287173479201E-004
  1.12351696155728152E-004  1.06159202945977846E-003  4.15317323525434424E-003  6.53594712519790962E-003  4.15317323525432169E-003  1.06159202945977564E-003  1.12351696155727434E-004
  1.12244248201321425E-004  1.06057677205037928E-003  4.14920133288265019E-003  6.52969644832573567E-003  4.14920133288263979E-003  1.06057677205038405E-003  1.12244248201320707E-004
  1.12137371778586948E-004  1.05956691494636158E-003  4.14525055765121043E-003  6.52347901973476547E-003  4.14525055765121910E-003  1.05956691494635919E-003  1.12137371778586121E-004
  1.12031066887525302E-004  1.05856245814770736E-003  4.14132090956007004E-003  6.51729483942505711E-003  4.14132090956008218E-003  1.05856245814770801E-003  1.12031066887524055E-004
  1.11923047401445771E-004  1.05754180043294774E-003  4.13732788004812172E-003  6.51101091427159790E-003  4.13732788004809744E-003  1.05754180043294275E-003  1.11923047401444822E-004
  1.11811027193660698E-004  1.05648334058060104E-003  4.13318696055419918E-003  6.50449425114951307E-003  4.13318696055421132E-003  1.05648334058059475E-003  1.11811027193659370E-004
  1.11693863200823228E-004  1.05537627797993509E-003  4.12885589679783897E-003  6.49767835349631187E-003  4.12885589679783983E-003  1.05537627797993206E-003  1.11693863200822049E-004
  1.11569269296245082E-004  1.05419901140946020E-003  4.12425018021790862E-003  6.49043022818706402E-003  4.12425018021788953E-003  1.05419901140946129E-003  1.11569269296244269E-004
  1.11438388543271029E-004  1.05296234147994280E-003  4.11941206509491668E-003  6.48281637178423683E-003  4.11941206509493316E-003  1.05296234147994041E-003  1.11438388543269823E-004
  1.11299506346883523E-004  1.05165006727524668E-003  4.11427817000811508E-003  6.47473703944411588E-003  4.11427817000810814E-003  1.05165006727524235E-003  1.11299506346882886E-004
  1.11152622707082630E-004  1.05026218879538747E-003  4.10884849495744137E-003  6.46619223116667776E-003  4.10884849495743703E-003  1.05026218879538291E-003  1.11152622707082021E-004
  1.10997737623868731E-004  1.04879870604036298E-003  4.10312303994293630E-003  6.45718194695194848E-003  4.10312303994292676E-003  1.04879870604035583E-003  1.10997737623868176E-004
  1.10833708033896935E-004  1.04724881839941917E-003  4.09705955068399852E-003  6.44763969023747028E-003  4.09705955068401326E-003  1.04724881839942069E-003  1.10833708033895959E-004
  1.10659390873822443E-004  1.04560172526184294E-003  4.09061577290015244E-003  6.43749896446077063E-003  4.09061577290012815E-003  1.04560172526184532E-003  1.10659390873821468E-004
  1.10473643080300204E-004  1.04384662601688131E-003  4.08374945231076373E-003  6.42669327305937527E-003  4.08374945231077154E-003  1.04384662601687828E-003  1.10473643080299404E-004
  1.10274178526641233E-004  1.04196191944306085E-003  4.07637608035481443E-003  6.41508962290830275E-003  4.07637608035481182E-003  1.04196191944306172E-003  1.10274178526639660E-004
  1.10060425681172088E-004  1.03994220523501266E-003  4.06847452989197913E-003  6.40265476572636754E-003  4.06847452989197566E-003  1.03994220523501418E-003  1.10060425681170611E-004
  1.09830669948876672E-004  1.03777128247663111E-003  4.05998141950143689E-003  6.38928895666987864E-003  4.05998141950143169E-003  1.03777128247662894E-003  1.09830669948875399E-004
  1.09583196734737412E-004  1.03543295025180756E-003  4.05083336776238586E-003  6.37489245089508695E-003  4.05083336776237632E-003  1.03543295025180495E-003  1.09583196734736640E-004
  1.09317434507083061E-004  1.03292180825517222E-003  4.04100924753449282E-003  6.35943200012073582E-003  4.04100924753451017E-003  1.03292180825516658E-003  1.09317434507081530E-004
  1.09033383265911817E-004  1.03023785648672490E-003  4.03050905881785840E-003  6.34290760434688423E-003  4.03050905881785059E-003  1.03023785648672576E-003  1.09033383265910936E-004
  1.08729899947880237E-004  1.02737029433572278E-003  4.01929054733184132E-003  6.32525276701104318E-003  4.01929054733184132E-003  1.02737029433572756E-003  1.08729899947878773E-004
  1.08404126894625518E-004  1.02429212027533027E-003  4.00724807737508956E-003  6.30630124670701706E-003  4.00724807737509823E-003  1.02429212027533418E-003  1.08404126894624407E-004
  1.08053777979458677E-004  1.02098173308406569E-003  3.99429714038653828E-003  6.28592005030990074E-003  3.99429714038654262E-003  1.02098173308406460E-003  1.08053777979458189E-004
  1.07677710139035608E-004  1.01742833215119448E-003  3.98039548208560783E-003  6.26404268125721822E-003  3.98039548208562171E-003  1.01742833215119231E-003  1.07677710139034266E-004
  1.07275923373354414E-004  1.01363191747670970E-003  3.96554310247230774E-003  6.24066913954891053E-003  3.96554310247230080E-003  1.01363191747671057E-003  1.07275923373353750E-004
  1.06844416960710610E-004  1.00955468692303556E-003  3.94959211156470716E-003  6.21556668721642315E-003  3.94959211156469068E-003  1.00955468692302298E-003  1.06844416960709865E-004
  1.06380904774413913E-004  1.00517503926867823E-003  3.93245800080168750E-003  6.18860233113474600E-003  3.93245800080169877E-003  1.00517503926868083E-003  1.06380904774412531E-004
  1.05880814561084446E-004  1.00044977207071209E-003  3.91397175306109572E-003  6.15951008505402891E-003  3.91397175306108965E-003  1.00044977207070819E-003  1.05880814561083836E-004
  1.05340717130688821E-004  9.95346483496897501E-004  3.89400660550123703E-003  6.12809045928684650E-003  3.89400660550124700E-003  9.95346483496901621E-004  1.05340717130687818E-004
  1.04756040229847798E-004  9.89821971104299292E-004  3.87239354099994581E-003  6.09407746758332779E-003  3.87239354099993931E-003  9.89821971104298207E-004  1.04756040229847080E-004
  1.04122211605182328E-004  9.83833032449952160E-004  3.84896354243499748E-003  6.05720512369359483E-003  3.84896354243500138E-003  9.83833032449953895E-004  1.04122211605182056E-004
  1.03433515939968222E-004  9.77325664480176203E-004  3.82350533840365324E-003  6.01714094480528417E-003  3.82350533840365844E-003  9.77325664480181407E-004  1.03433515939968331E-004
  1.02684237917483886E-004  9.70245864141271782E-004  3.79580765750315869E-003  5.97355244810605663E-003  3.79580765750316650E-003  9.70245864141271565E-004  1.02684237917483127E-004
  1.01868662221003017E-004  9.62539628379552813E-004  3.76565922833078980E-003  5.92610715078355308E-003  3.76565922833078286E-003  9.62539628379552054E-004  1.01868662221002109E-004
  1.00983359660492176E-004  9.54174555362798734E-004  3.73293328804485654E-003  5.87460556315035250E-003  3.73293328804484049E-003  9.54174555362801444E-004  1.00983359660491214E-004
  1.00023186450900158E-004  9.45102042342698106E-004  3.69743969238288655E-003  5.81874845067538188E-003  3.69743969238288655E-003  9.45102042342692902E-004  1.00023186450899006E-004
  9.89818557438301196E-005  9.35262685960178597E-004  3.65894604280188199E-003  5.75817008226500119E-003  3.65894604280188806E-003  9.35262685960175344E-004  9.89818557438294013E-005
  9.78542237542315892E-005  9.24607883466917278E-004  3.61726219503936486E-003  5.69257122338814783E-003  3.61726219503935532E-003  9.24607883466917603E-004  9.78542237542311284E-005
  9.66254306586231604E-005  9.12997226923328029E-004  3.57183884344817277E-003  5.62108741873263915E-003  3.57183884344816800E-003  9.12997226923334100E-004  9.66254306586221575E-005
  9.52823312285382905E-005  9.00306509305919401E-004  3.52219006380198032E-003  5.54295395783014743E-003  3.52219006380198076E-003  9.00306509305920160E-004  9.52823312285380736E-005
  9.38152094255490144E-005  8.86443925423414762E-004  3.46795669471612915E-003  5.45760561989963242E-003  3.46795669471611830E-003  8.86443925423412269E-004  9.38152094255479302E-005
  9.22126346162055374E-005  8.71301469168426221E-004  3.40871619338509874E-003  5.36437743931637324E-003  3.40871619338509483E-003  8.71301469168423944E-004  9.22126346162049004E-005
  9.04757498638544312E-005  8.54889941151699604E-004  3.34451081408945750E-003  5.26333591264287887E-003  3.34451081408945056E-003  8.54889941151698736E-004  9.04757498638535638E-005
  8.86148427385966421E-005  8.37306546869877083E-004  3.27572084535414408E-003  5.15507950894132042E-003  3.27572084535413411E-003  8.37306546869876541E-004  8.86148427385963846E-005
  8.66464876589328987E-005  8.18707895178659071E-004  3.20295897424712492E-003  5.04057242836762967E-003  3.20295897424713099E-003  8.18707895178658746E-004  8.66464876589324921E-005
  8.45809721949650960E-005  7.99191191574690775E-004  3.12660548929337813E-003  4.92041313998392571E-003  3.12660548929337293E-003  7.99191191574693052E-004  8.45809721949645268E-005
  8.24085803082628157E-005  7.78664630866700985E-004  3.04630122910819982E-003  4.79403642300928450E-003  3.04630122910818811E-003  7.78664630866703696E-004  8.24085803082623414E-005
  8.01173098337064533E-005  7.57014806641938221E-004  2.96160252374582647E-003  4.66074406353773115E-003  2.96160252374582994E-003  7.57014806641939523E-004  8.01173098337058028E-005
  7.77054461762787056E-005  7.34225517984293829E-004  2.87244599178544105E-003  4.52043631672557292E-003  2.87244599178542457E-003  7.34225517984289384E-004  7.77054461762779602E-005
  7.51747039309961574E-005  7.10312965809868765E-004  2.77889501464785279E-003  4.37321292741650082E-003  2.77889501464785235E-003  7.10312965809867572E-004  7.51747039309958863E-005
  7.25205108444810592E-005  6.85233947675719410E-004  2.68078057521087309E-003  4.21880790936065252E-003  2.68078057521087135E-003  6.85233947675716157E-004  7.25205108444805036E-005
  6.97337224099741038E-005  6.58902058695934995E-004  2.57776463923009829E-003  4.05668929005824005E-003  2.57776463923010003E-003  6.58902058695935212E-004  6.97337224099737649E-005
  6.68051941207180842E-005  6.31230893984611476E-004  2.46950917246114513E-003  3.88632509700955050E-003  2.46950917246113689E-003  6.31230893984610392E-004  6.68051941207176234E-005
  6.37292106599890857E-005  6.02166450488056588E-004  2.35580290350123059E-003  3.70738284740219741E-003  2.35580290350122061E-003  6.02166450488057455E-004  6.37292106599885707E-005
  6.05029143694249137E-005  5.71681726679427668E-004  2.23654019664900261E-003  3.51969629982996956E-003  2.23654019664900477E-003  5.71681726679427668E-004  6.05029143694244597E-005
  5.71285913757157304E-005  5.39798323780197611E-004  2.11180556046555506E-003  3.32339844741790782E-003  2.11180556046555159E-003  5.39798323780197611E-004  5.71285913757150189E-005
  5.36131000589292714E-005  5.06581045454798542E-004  1.98185252063419557E-003  3.11888826954074844E-003  1.98185252063419470E-003  5.06581045454797241E-004  5.36131000589286616E-005
  4.99713002425474783E-005  4.72170299642824768E-004  1.84723038280205920E-003  2.90703022151062246E-003  1.84723038280205465E-003  4.72170299642825256E-004  4.99713002425467736E-005
  4.62266247251381379E-005  4.36787498864412349E-004  1.70880535972042671E-003  2.68918748285817228E-003  1.70880535972043322E-003  4.36787498864411481E-004  4.62266247251376364E-005
  4.24099362170091165E-005  4.00724259609491003E-004  1.56771831696416223E-003  2.46715546077011039E-003  1.56771831696415702E-003  4.00724259609490027E-004  4.24099362170087912E-005
  3.85566696818485984E-005  3.64315400810946320E-004  1.42527913723028573E-003  2.24299554868299814E-003  1.42527913723028464E-003  3.64315400810945507E-004  3.85566696818479885E-005
  3.47039746783598890E-005  3.27911942317771839E-004  1.28286108463668454E-003  2.01886888487711347E-003  1.28286108463668736E-003  3.27911942317770213E-004  3.47039746783597264E-005
  3.08930014869549722E-005  2.91902706116540372E-004  1.14198531328315884E-003  1.79716934560140659E-003  1.14198531328315949E-003  2.91902706116540535E-004  3.08930014869547080E-005
  2.71666149830616173E-005  2.56692715109940002E-004  1.00423635869032845E-003  1.58039055194848939E-003  1.00423635869032715E-003  2.56692715109938646E-004  2.71666149830613734E-005
  2.35705377004700964E-005  2.22713993727494098E-004  8.71304392080197131E-004  1.37119236641717484E-003  8.71304392080196046E-004  2.22713993727494288E-004  2.35705377004698118E-005
  2.01516352363151257E-005  1.90409367009474677E-004  7.44921838955301123E-004  1.17230114806874883E-003  7.44921838955301991E-004  1.90409367009473674E-004  2.01516352363149868E-005
  1.69533439976975674E-005  1.60189258163930752E-004  6.26694361976547708E-004  9.86243766277073190E-004  6.26694361976548576E-004  1.60189258163930562E-004  1.69533439976974048E-005
  1.40150996700110976E-005  1.32426288261333066E-004  5.18079733822908320E-004  8.15314352447369826E-004  5.18079733822907128E-004  1.32426288261332470E-004  1.40150996700109569E-005
  1.13677649635641298E-005  1.07412073791612504E-004  4.20218820069230223E-004  6.61308313766341134E-004  4.20218820069230277E-004  1.07412073791612124E-004  1.13677649635640400E-005
  9.03305808190708827E-006  8.53518263587949803E-005  3.33914452045960927E-004  5.25489084920914670E-004  3.33914452045961524E-004  8.53518263587947228E-005  9.03305808190699848E-006
  7.02069506347020065E-006  6.63373511541557329E-005  2.59525791137777827E-004  4.08421886692093351E-004  2.59525791137777122E-004  6.63373511541558684E-005  7.02069506347012441E-006
  5.33296203494304555E-006  5.03902493991718165E-005  1.97137345905780588E-004  3.10239712204812834E-004  1.97137345905780615E-004  5.03902493991720198E-005  5.33296203494301167E-006
  3.95728529953334142E-006  3.73917143757225258E-005  1.46284319263918116E-004  2.30211099271902543E-004  1.46284319263918631E-004  3.73917143757224852E-005  3.95728529953330585E-006
  2.86680286863940997E-006  2.70879317314592150E-005  1.05973735619268539E-004  1.66773378675312160E-004  1.05973735619268296E-004  2.70879317314592963E-005  2.86680286863938287E-006
  2.02893743693579144E-006  1.91710840603429148E-005  7.50013479761568638E-005  1.18031398384640796E-004  7.50013479761568096E-005  1.91710840603429758E-005  2.02893743693577026E-006
  1.40253872401138475E-006  1.32523493757977113E-005  5.18460022347856645E-005  8.15912821509600652E-005  5.18460022347856712E-005  1.32523493757976435E-005  1.40253872401137331E-006
