  0.98266491231854891       0.97193115706236954       0.94051907658295897       0.90306583619717173       0.93565492799290617       0.99969632518413254        1.0000000000000000     
  0.98444086363718930       0.97414663717996963       0.94440189210877390       0.90652002283736555       0.94452215246317173       0.99972820885664626       0.99999999999999833     
  0.98583763417308878       0.97619959826810454       0.94772103812234776       0.90960671815128924       0.94458714064175020       0.99975477423004733       0.99999999999999878     
  0.98722271879966572       0.97808835520927617       0.95083092708811223       0.91221670349943740       0.94462518115553973       0.99977647933940028       0.99999999999999978     
  0.98846006202589265       0.97981625473093570       0.95219773618929204       0.91465344188783226       0.94463281550990608       0.99979464424930464       0.99999999999999800     
  0.98957576410449966       0.98133252895962764       0.95492155964172099       0.91676986324764131       0.94464849558735442       0.99980896621386295       0.99999999999999944     
  0.99031103601874659       0.98268189652336757       0.95706199878688814       0.91842454757116199       0.94462641638588896       0.99982176842811643        1.0000000000000000     
  0.99123127313347170       0.98339716552034118       0.95884084678136361       0.91973969569046121       0.94454602347726857       0.99983124641171506       0.99999999999999911     
  0.99195942999018061       0.98238541476452046       0.95999506221883635       0.92037444389944778       0.94596884296909201       0.99983847049781971        1.0000000000000004     
  0.99263160687900021       0.98141233766160241       0.96010800232943072       0.92041983772050306       0.94723388398111652       0.99984413127430050       0.99999999999999889     
  0.99242071349211114       0.98186717642136256       0.96012290765959996       0.91779824975762037       0.94714743806618751       0.99984818354241223        1.0000000000000009     
  0.99196454667076217       0.97955350282313070       0.95970048246400019       0.91675661550435994       0.94902317391986779       0.99985099744874550        1.0000000000000002     
  0.99108807647085739       0.97889240118328080       0.95437127043149395       0.91461314460104381       0.94871971845583625       0.99985611388990325        1.0000000000000004     
  0.98920856798937229       0.97771390649736412       0.95234832181886386       0.91259919681809853       0.94835706446164991       0.99985891153325490       0.99999999999999956     
  0.98751179211175955       0.97568007210121788       0.94918789845439011       0.91006680021964315       0.94805600991960737       0.99985954427323154        1.0000000000000011     
  0.98322880098855869       0.97432587689626071       0.94547570766876665       0.90707293752391627       0.94826010679684469       0.99985949192423473       0.99999999999999856     
  0.98154938422124982       0.97179220170796887       0.93724866044433053       0.90335313724510469       0.94802926454161507       0.99988160447094887       0.99999999999999600     
  0.97980838990917085       0.96656529544541303       0.93399097226640038       0.89921151456156068       0.94740484343548026       0.99988093068789252       0.99999999999999967     
  0.97690079564398102       0.96145274544017778       0.92919879313660769       0.89421106054383914       0.94672779038196597       0.99988154372791127       0.99999999999999789     
  0.97430182828074097       0.95652218633003938       0.92268610095833226       0.88402164215724022       0.94584866276835577       0.99988102871310036        1.0000000000000020     
  0.96929244654226709       0.95167595333545030       0.91732184534022287       0.87763112694753420       0.94583452582256333       0.99989671424231352       0.99999999999999956     
  0.96401751641862177       0.94651665954381492       0.91200951419563547       0.86756675616122703       0.94514698696860766       0.99998102623571439        1.0000000000000016     
  0.95704563546214838       0.94231500216878428       0.90590928446788355       0.86011887547864685       0.94393520798862141       0.99998509721810036       0.99999999999999967     
  0.95391745704608233       0.93837787109884085       0.89825289216635806       0.84176843451285865       0.94258226806054490       0.99998547359495649       0.99999999999999833     
  0.95022264942868651       0.93320815913345878       0.89201582689728909       0.83373786804694849       0.94110135737087597       0.99998585963365672       0.99999999999999778     
  0.94631751150081012       0.92873317152120993       0.87867247871982090       0.82586658135984725       0.93980697249104161       0.99998627332328038       0.99999999999999878     
  0.94268151744918294       0.91818706102602921       0.87130453563709498       0.81812486976923271       0.93810147032663260       0.99998680148140462       0.99999999999999967     
  0.93492018081447181       0.89695597707979036       0.86159234617099356       0.80966355299771531       0.93638551912213375       0.99998724296359487       0.99999999999999833     
  0.91168458278439934       0.88135902240778807       0.83542533065605895       0.78387400130047735       0.93445855940179368       0.99998734351203711       0.99999999999999845     
  0.90538923610211042       0.87613027400339960       0.81900586582572676       0.77336360728366382       0.93281192724688056       0.99998796536456092        1.0000000000000004     
  0.89973834379687379       0.86966800704737635       0.81333430322638123       0.76748761828374601       0.92968133965956201       0.99999115958566331       0.99999999999999978     
  0.89328675273289038       0.86116757241706832       0.80641116541923019       0.75480709234556209       0.92809674307124279       0.99999327380140590        1.0000000000000000     
  0.88082542502566519       0.84999379467473035       0.80269758344326148       0.75095162925281145       0.92275573691580992       0.99999370833831169        1.0000000000000000     
  0.86652484484495074       0.83303213586688329       0.78722756977404340       0.74112667753282357       0.92133660188026112       0.99999451487152569        1.0000000000000000     
  0.83415835132221017       0.79893437783200494       0.77831791930875893       0.73459512137807381       0.92033829462555339       0.99999491549666653       0.99999999999999900     
  0.83092770065932586       0.79573050915371180       0.75177223678066030       0.70778083196088815       0.91592945792126756       0.99999531150267906       0.99999999999999867     
  0.82521575265718539       0.78975223225485436       0.73456202813015337       0.69304639791126899       0.91390129370613993       0.99999570060865417        1.0000000000000009     
  0.81564190143341431       0.78128681457143434       0.72670787403082249       0.66872909768226407       0.89970534555316761       0.99999735191763639       0.99999999999999845     
  0.77608072123633876       0.74024471575383899       0.71595519193651980       0.65998010506239646       0.88650077903103341       0.99999761978114454        1.0000000000000011     
  0.76693758092462205       0.73004924699554885       0.67696863870122315       0.62726517217320810       0.88166089888456800       0.99999787608578672       0.99999999999999911     
  0.73633627577845939       0.72807107083357081       0.66641992424112406       0.60036709233595043       0.87644092791396877       0.99999811938538208       0.99999999999999922     
  0.71634737185357988       0.68040599489564757       0.63437672693921787       0.55937110426702341       0.87876481470777923       0.99999834866272774       0.99999999999999811     
  0.66824292764497906       0.63801062388863561       0.59120541411199679       0.50254457475533543       0.83508975610671021       0.99999856295932776        1.0000000000000002     
  0.62429040922099754       0.58580186867749395       0.52026348114977483       0.40163578083331741       0.82714184878450092       0.99999921489579868       0.99999999999999989     
   0.0000000000000000        0.0000000000000000       0.20808108436028769       0.16322947003632740       0.72499030740224646       0.99999933802424701       0.99999999999999789     
   0.0000000000000000        0.0000000000000000       0.14529673389960387       0.16558496883895116       0.75229830173728152       0.99999944686782216        1.0000000000000016     
   0.0000000000000000        0.0000000000000000       0.15162679959298053       0.16913959455047847       0.80085447318741043       0.99999954375631772       0.99999999999999833     
   0.0000000000000000        0.0000000000000000       0.18277235648671414       0.17410318136141273       0.82064699552377918       0.99999962894095784       0.99999999999999900     
   0.0000000000000000        0.0000000000000000       0.22059320348738748       0.18067000489082155       0.82834872966281758       0.99999970290528994       0.99999999999999767     
   0.0000000000000000        0.0000000000000000       0.25107062233256616       0.18899011077208386       0.83640454639197137       0.99999986380293926        1.0000000000000000     
   0.0000000000000000        0.0000000000000000       0.27688328926605155       0.19924064076357512       0.84483987291742590       0.99999989646920973        1.0000000000000011     
   0.0000000000000000        0.0000000000000000       0.30685642073181829       0.21163228250104585       0.85362405513968953       0.99999992304419194        1.0000000000000011     
   0.0000000000000000        0.0000000000000000       0.34125212932612853       0.22638903449614892       0.86271687852317225       0.99999994422263627        1.0000000000000016     
   0.0000000000000000        0.0000000000000000       0.37853911763967901       0.24376907472631792       0.87206913634066963       0.99999996071077901       0.99999999999999967     
   0.0000000000000000        0.0000000000000000       0.41826287862797085       0.26397353305156201       0.88161868570086221       0.99999998584738026       0.99999999999999933     
   0.0000000000000000        0.0000000000000000       0.45879385708484077       0.28721489448864840       0.89129520961725572       0.99999999091007907       0.99999999999999867     
   0.0000000000000000        0.0000000000000000       0.49902494570754280       0.31365457898336685       0.90101872336905120       0.99999999441944587        1.0000000000000020     
   0.0000000000000000        0.0000000000000000       0.53738800621624494       0.34334359082162808       0.91069902337116160       0.99999999675006601        1.0000000000000013     
   0.0000000000000000        0.0000000000000000       0.57490066524869332       0.37622626224562739       0.92023802009377820       0.99999999822168473       0.99999999999999833     
   0.0000000000000000        0.0000000000000000       0.61094346004288302       0.41203423674860323       0.92952925411787424       0.99999999958891128       0.99999999999999889     
   0.0000000000000000        0.0000000000000000       0.64754148565633884       0.45046653026520356       0.93846319817367874       0.99999999981688470       0.99999999999999822     
   0.0000000000000000        0.0000000000000000       0.68519831003637044       0.49114300223344065       0.94693297873564908       0.99999999992773436       0.99999999999999922     
   0.0000000000000000        0.0000000000000000       0.72369793369371616       0.53366455738319607       0.95483880471924309       0.99999999997570299       0.99999999999999933     
   0.0000000000000000        0.0000000000000000       0.76457025648688437       0.57756250372997830       0.96209485676200968       0.99999999999308231        1.0000000000000007     
   0.0000000000000000        0.0000000000000000       0.80554786857172300       0.62259171932401758       0.97840975322142421       0.99999999999826661       0.99999999999999922     
   0.0000000000000000        0.0000000000000000       0.84382816539367511       0.66830452789566497       0.98345933773733618       0.99999999999988753        1.0000000000000004     
   0.0000000000000000        0.0000000000000000       0.87829758341596476       0.71380250296911751       0.98677491025737718       0.99999999999998512       0.99999999999999800     
   0.0000000000000000        0.0000000000000000       0.90813110210109260       0.75874193377731491       0.98939020215217865       0.99999999999999611        1.0000000000000007     
   0.0000000000000000        0.0000000000000000       0.93346743963662049       0.80008185640283547       0.99157469786082153       0.99999999999999534       0.99999999999999956     
   0.0000000000000000        0.0000000000000000       0.95322976633902501       0.83939999070689497       0.99339105291861685       0.99999999999999734       0.99999999999999800     
   0.0000000000000000        0.0000000000000000       0.96877243501904731       0.87666791111210374       0.99489622769623265       0.99999999999999811        1.0000000000000033     
   0.0000000000000000        0.0000000000000000       0.98020546387436880       0.90601412385569835       0.99614279458401211       0.99999999999999611        1.0000000000000031     
   0.0000000000000000        0.0000000000000000       0.98833401653681374       0.93299754701555393       0.99717600835699405       0.99999999999999678        1.0000000000000016     
   0.0000000000000000        0.0000000000000000       0.99349195502366272       0.95650818060558551       0.99779783665107413       0.99999999999999978       0.99999999999999989     
   0.0000000000000000        0.0000000000000000       0.99661174346018699       0.97378681816961898       0.99805670528849444        1.0000000000000000        1.0000000000000004     
   0.0000000000000000        0.0000000000000000       0.99832559123266762       0.98402923395160835       0.99879153238226936        1.0000000000000016       0.99999999999999944     
   0.0000000000000000        0.0000000000000000       0.99916622724518478       0.99130360280375929       0.99937256315431833       0.99999999999999956       0.99999999999999878     
   0.0000000000000000        0.0000000000000000       0.99958442682662396       0.99525797441370190       0.99973776124286529        1.0000000000000007        1.0000000000000018     
   0.0000000000000000        0.0000000000000000       0.99976963667779539       0.99729027770893797       0.99992398802091698        1.0000000000000013       0.99999999999999989     
   0.0000000000000000        0.0000000000000000       0.99986438585917481       0.99813325043170475       0.99997405260369610        1.0000000000000016       0.99999999999999600     
   0.0000000000000000        0.0000000000000000       0.99991734889460904       0.99884612532088746       0.99999814739904702        1.0000000000000009       0.99999999999999956     
