  0.58088638466122755       0.58733733478368666       0.59454835480097035       0.60246573781643187       0.61593591205289988       0.65439914421576151       0.73461773090612037     
  0.57662689105765863       0.58288959808707275       0.59060879351791529       0.59985042943840516       0.61624547296288423       0.66007439734069773       0.74684075722581855     
  0.57288427031243938       0.57883836144343570       0.58671735128752556       0.59706815414344205       0.61626217738738853       0.66537036108125991       0.75852231235745249     
  0.56957654600707641       0.57517908128501161       0.58307586015857527       0.59433088866101991       0.61620166769305729       0.67048855985166844       0.76985757311328362     
  0.56665424566268119       0.57190632569461819       0.57971675938972689       0.59172435767035825       0.61615468899134829       0.67553307353630998       0.78093998297235567     
  0.56411726917229144       0.56899739816202743       0.57664929474478921       0.58928810197748704       0.61617070661349782       0.68055718464896897       0.79181557205067910     
  0.56187804397456620       0.56641719227514398       0.57386741946661091       0.58704157449491257       0.61627984971504113       0.68559355733181193       0.80250444833215817     
  0.55992292136050792       0.56413185286246659       0.57136099041660027       0.58499506449346961       0.61650330149070864       0.69066546539695373       0.81301400593046502     
  0.55824551162768554       0.56211472255768835       0.56911521856208813       0.58314979011517687       0.61685405342218302       0.69578775598150999       0.82334113743136061     
  0.55679473732513951       0.56034415287182637       0.56711348411462004       0.58150813302225213       0.61734180037580755       0.70097129380178591       0.83347612229808976     
  0.55554477764635579       0.55879803569637931       0.56534029588259516       0.58006834226637105       0.61797366092543360       0.70622459426353923       0.84340643739756860     
  0.55447353969438851       0.55745304877384660       0.56377978507665627       0.57882613299494412       0.61875413035887039       0.71155290807697147       0.85311490927255684     
  0.55355876183508790       0.55629142675865129       0.56242064503281120       0.57778013332109868       0.61969021105907607       0.71696310724244749       0.86258463892705239     
  0.55277672699698110       0.55529423576041748       0.56124985728541721       0.57692553113908152       0.62078480037663952       0.72245768057777993       0.87179541105419667     
  0.55211323329066953       0.55444790808109878       0.56025709671388257       0.57625916572018021       0.62204248087961189       0.72803993516356280       0.88072726216226727     
  0.55156014137546383       0.55374049294874428       0.55943354861227934       0.57577645690041934       0.62346619268933678       0.73371143945531059       0.88936189007936506     
  0.55110879148256475       0.55316149596115816       0.55877127660433601       0.57547699537074792       0.62505793423900058       0.73947193977558723       0.89768050135889543     
  0.55075198543750925       0.55270164013401080       0.55826348132948889       0.57536024614041648       0.62681945777712977       0.74532033125622810       0.90566596089748752     
  0.55048220350532207       0.55235428227734507       0.55790463925875788       0.57542415154216697       0.62875234122339274       0.75125471377177544       0.91330332956035143     
  0.55029298165789930       0.55211384731898472       0.55768951010897572       0.57566539383263937       0.63085754776250769       0.75727175218600407       0.92057876933936644     
  0.55018120962190764       0.55197786910417646       0.55761524571832632       0.57608196812357559       0.63313638764304558       0.76336827241771255       0.92748394266625933     
  0.55014515564125621       0.55194417551117014       0.55767994451817349       0.57667171578844145       0.63558954190137784       0.76953969469547678       0.93401167665793383     
  0.55018394709323415       0.55201157264108347       0.55788167577863812       0.57743486659053145       0.63821765163499855       0.77578082467800868       0.94015782547954574     
  0.55029924116465390       0.55218132143864929       0.55822323548621333       0.57837366430130255       0.64102254433849393       0.78208701312534334       0.94592166471281569     
  0.55049508434074867       0.55245646077145294       0.55870772868160334       0.57948907853626863       0.64400460726532938       0.78845508119617513       0.95130828639186038     
  0.55077536141066308       0.55284017159650023       0.55933597390895629       0.58078340606610712       0.64716663127475593       0.79487675482695908       0.95631840103537891     
  0.55114336258657048       0.55333457250806695       0.56010864779985503       0.58225553034153632       0.65050766063022347       0.80134351767425660       0.96095840512224162     
  0.55160322329319900       0.55394280475120350       0.56102730029694414       0.58390531363449183       0.65402719188742653       0.80784690757109889       0.96523729438039707     
  0.55216034639725731       0.55466952857392782       0.56209446395925378       0.58573419773885693       0.65772567117495462       0.81437913384588501       0.96916651409611287     
  0.55282143255052429       0.55552105875752333       0.56330960207457470       0.58774472916706488       0.66160429406890786       0.82093296108218061       0.97275965273245524     
  0.55358985249543580       0.55649990400764826       0.56468204904805441       0.58993468626622458       0.66565951522925015       0.82749714639164751       0.97603037565202977     
  0.55447048465253346       0.55761014159407096       0.56621608745900209       0.59230294536196326       0.66988897295062022       0.83406173626238500       0.97899438156691565     
  0.55546545041840489       0.55885293048106233       0.56790856759457697       0.59484487511595474       0.67428678851193569       0.84061441630147038       0.98166787372334818     
  0.55657641020997950       0.56022971628191431       0.56975700350754888       0.59755584583503718       0.67884748889261903       0.84714388019048059       0.98406818577843824     
  0.55780291181044284       0.56173959847429700       0.57175616512343941       0.60042816766511253       0.68356264501761188       0.85363758275260648       0.98621310994105604     
  0.55914275446187012       0.56337946893330093       0.57389797262094600       0.60345192219802202       0.68842264507425643       0.86008335245292711       0.98812046116491981     
  0.56059007584934661       0.56514157914326757       0.57617017969863427       0.60661294665884058       0.69341427851979642       0.86646793470553485       0.98980819588068725     
  0.56213470636394447       0.56701273324087864       0.57855697334168832       0.60989361668913922       0.69852186376145609       0.87277808012098024       0.99129419811185371     
  0.56375939199180436       0.56897109980874105       0.58103419364330855       0.61327157656233522       0.70372664282688302       0.87900056945244087       0.99259597140270672     
  0.56543726077484868       0.57098466777913526       0.58356948750067505       0.61672219399299189       0.70900911775764186       0.88512305026075633       0.99373080870263042     
  0.56711887700334418       0.57300110933097614       0.58611472433116829       0.62021399435743052       0.71434459449596011       0.89112729325061846       0.99471485902409640     
  0.56872061693230247       0.57493839533693436       0.58860376818853577       0.62370984431110998       0.71970384783453711       0.89699121183070951       0.99556350450539921     
  0.57010075813339600       0.57666803043019843       0.59095640673400185       0.62717454063029698       0.72505894056053710       0.90268811733891352       0.99629122617430266     
  0.57097773886036896       0.57798080529372031       0.59309393368913144       0.63059079350317071       0.73038147806787845       0.90818027585338956       0.99691105276584313     
   1.0000000000000000        1.0000000000000000        1.0000000000000000        1.0000000000000000        1.0000000000000000        1.0000000000000000        1.0000000000000000     
   1.0000000000000000        1.0000000000000000        1.0000000000000000        1.0000000000000000        1.0000000000000000        1.0000000000000000        1.0000000000000000     
   1.0000000000000000        1.0000000000000000        1.0000000000000000        1.0000000000000000        1.0000000000000000        1.0000000000000000        1.0000000000000000     
   1.0000000000000000        1.0000000000000000        1.0000000000000000        1.0000000000000000        1.0000000000000000        1.0000000000000000        1.0000000000000000     
   1.0000000000000000        1.0000000000000000        1.0000000000000000        1.0000000000000000        1.0000000000000000        1.0000000000000000        1.0000000000000000     
   1.0000000000000000        1.0000000000000000        1.0000000000000000        1.0000000000000000        1.0000000000000000        1.0000000000000000        1.0000000000000000     
   1.0000000000000000        1.0000000000000000        1.0000000000000000        1.0000000000000000        1.0000000000000000        1.0000000000000000        1.0000000000000000     
   1.0000000000000000        1.0000000000000000        1.0000000000000000        1.0000000000000000        1.0000000000000000        1.0000000000000000        1.0000000000000000     
   1.0000000000000000        1.0000000000000000        1.0000000000000000        1.0000000000000000        1.0000000000000000        1.0000000000000000        1.0000000000000000     
   1.0000000000000000        1.0000000000000000        1.0000000000000000        1.0000000000000000        1.0000000000000000        1.0000000000000000        1.0000000000000000     
   1.0000000000000000        1.0000000000000000        1.0000000000000000        1.0000000000000000        1.0000000000000000        1.0000000000000000        1.0000000000000000     
   1.0000000000000000        1.0000000000000000        1.0000000000000000        1.0000000000000000        1.0000000000000000        1.0000000000000000        1.0000000000000000     
   1.0000000000000000        1.0000000000000000        1.0000000000000000        1.0000000000000000        1.0000000000000000        1.0000000000000000        1.0000000000000000     
   1.0000000000000000        1.0000000000000000        1.0000000000000000        1.0000000000000000        1.0000000000000000        1.0000000000000000        1.0000000000000000     
   1.0000000000000000        1.0000000000000000        1.0000000000000000        1.0000000000000000        1.0000000000000000        1.0000000000000000        1.0000000000000000     
   1.0000000000000000        1.0000000000000000        1.0000000000000000        1.0000000000000000        1.0000000000000000        1.0000000000000000        1.0000000000000000     
   1.0000000000000000        1.0000000000000000        1.0000000000000000        1.0000000000000000        1.0000000000000000        1.0000000000000000        1.0000000000000000     
   1.0000000000000000        1.0000000000000000        1.0000000000000000        1.0000000000000000        1.0000000000000000        1.0000000000000000        1.0000000000000000     
   1.0000000000000000        1.0000000000000000        1.0000000000000000        1.0000000000000000        1.0000000000000000        1.0000000000000000        1.0000000000000000     
   1.0000000000000000        1.0000000000000000        1.0000000000000000        1.0000000000000000        1.0000000000000000        1.0000000000000000        1.0000000000000000     
   1.0000000000000000        1.0000000000000000        1.0000000000000000        1.0000000000000000        1.0000000000000000        1.0000000000000000        1.0000000000000000     
   1.0000000000000000        1.0000000000000000        1.0000000000000000        1.0000000000000000        1.0000000000000000        1.0000000000000000        1.0000000000000000     
   1.0000000000000000        1.0000000000000000        1.0000000000000000        1.0000000000000000        1.0000000000000000        1.0000000000000000        1.0000000000000000     
   1.0000000000000000        1.0000000000000000        1.0000000000000000        1.0000000000000000        1.0000000000000000        1.0000000000000000        1.0000000000000000     
   1.0000000000000000        1.0000000000000000        1.0000000000000000        1.0000000000000000        1.0000000000000000        1.0000000000000000        1.0000000000000000     
   1.0000000000000000        1.0000000000000000        1.0000000000000000        1.0000000000000000        1.0000000000000000        1.0000000000000000        1.0000000000000000     
   1.0000000000000000        1.0000000000000000        1.0000000000000000        1.0000000000000000        1.0000000000000000        1.0000000000000000        1.0000000000000000     
   1.0000000000000000        1.0000000000000000        1.0000000000000000        1.0000000000000000        1.0000000000000000        1.0000000000000000        1.0000000000000000     
   1.0000000000000000        1.0000000000000000        1.0000000000000000        1.0000000000000000        1.0000000000000000        1.0000000000000000        1.0000000000000000     
   1.0000000000000000        1.0000000000000000        1.0000000000000000        1.0000000000000000        1.0000000000000000        1.0000000000000000        1.0000000000000000     
   1.0000000000000000        1.0000000000000000        1.0000000000000000        1.0000000000000000        1.0000000000000000        1.0000000000000000        1.0000000000000000     
   1.0000000000000000        1.0000000000000000        1.0000000000000000        1.0000000000000000        1.0000000000000000        1.0000000000000000        1.0000000000000000     
   1.0000000000000000        1.0000000000000000        1.0000000000000000        1.0000000000000000        1.0000000000000000        1.0000000000000000        1.0000000000000000     
   1.0000000000000000        1.0000000000000000        1.0000000000000000        1.0000000000000000        1.0000000000000000        1.0000000000000000        1.0000000000000000     
   1.0000000000000000        1.0000000000000000        1.0000000000000000        1.0000000000000000        1.0000000000000000        1.0000000000000000        1.0000000000000000     
   1.0000000000000000        1.0000000000000000        1.0000000000000000        1.0000000000000000        1.0000000000000000        1.0000000000000000        1.0000000000000000     
   1.0000000000000000        1.0000000000000000        1.0000000000000000        1.0000000000000000        1.0000000000000000        1.0000000000000000        1.0000000000000000     
