   2.2191128189949847        2.1811817543435832        2.1474895240132530        1.9878992478449375        1.8558840134540460        4.6893832198476320        18.589042157823229     
   2.2293610298364683        2.1981509317177750        2.1735266223389083        2.0195016408191946        1.8525893438712906        4.6472879821300195        18.672665218766276     
   2.2351084030972337        2.2100571928351056        2.1945140918399177        2.0456060091292918        1.8330279702903867        4.5176824228501431        18.500440534500857     
   2.2372644095785641        2.2177985191267080        2.2111349927365063        2.0666975022029583        1.7996156553487868        4.3203079968064717        18.159323034787310     
   2.2365228629747302        2.2220799168232634        2.2239522838565158        2.0830294269705791        1.7526218456871563        4.0696234633140005        17.753989741757323     
   2.2334146819005327        2.2234619226545855        2.2334248866389927        2.0947597277276895        1.6927358393847776        3.7835370961996277        17.374279611638233     
   2.2283199639705260        2.2223611776609826        2.2399121538327602        2.1020568636624573        1.6212128178041436        3.4988318011495148        17.047414126002817     
   2.2215159460841121        2.2190888855201378        2.2436793602299909        2.1051145315877808        1.5404439378830368        3.2401808467265014        16.745676232585584     
   2.2131996177403699        2.2138721106382850        2.2449245383856669        2.1041073172946221        1.4529872891084878        3.0174283605693275        16.449626076089714     
   2.2035036973548459        2.2068702844711074        2.2438026979470664        2.0991930090120241        1.3610836434274340        2.8241754228788603        16.148169142980759     
   2.1925119854622941        2.1981935666232970        2.2404389301187337        2.0905149352340726        1.2663437230180121        2.6530671967496628        15.840281424495812     
   2.1802620546508686        2.1879123747775857        2.2349388418209779        2.0781910626289699        1.1698295756528221        2.4989024773668986        15.527021468080392     
   2.1667555169018811        2.1760633463210701        2.2273830152535288        2.0623472330191501        1.0724539780223390        2.3580571123195124        15.209970600482913     
   2.1519787261702628        2.1626643816536166        2.2178393687622178        2.0431398174671633       0.97511754459370026        2.2279136862977396        14.890771426368426     
   2.1358975036449253        2.1477153565289733        2.2063549317579123        2.0207247984910359       0.87872246221122985        2.1066029742276928        14.570899062881407     
   2.1184570338888422        2.1311988527639496        2.1929717281101460        1.9952869625137475       0.78418331825016774        1.9928072671484167        14.251611688473048     
   2.0995831746685574        2.1130842991772374        2.1776947144745735        1.9670467520052495       0.69236103800281756        1.8855704190249585        13.933944259229630     
   2.0791992080706967        2.0933376990724910        2.1605136021097837        1.9362308317788974       0.60409405408386363        1.7842835334823086        13.618730523970166     
   2.0572207422655611        2.0719101547385774        2.1414038648596598        1.9030605392450162       0.51992036747285908        1.6884995979780892        13.306628697695137     
   2.0335227983398236        2.0487365642055293        2.1203115037211866        1.8677828804321230       0.44051338569390408        1.5978930086902177        12.998151261769936     
   2.0079986533410210        2.0237287838880591        2.0971789327884252        1.8306108698376573       0.36640050832938947        1.5122238922893438        12.693683847796930     
   1.9805065216992876        1.9967831925631965        2.0719244289048748        1.7917604122514772       0.29795296626812839        1.4313057810032503        12.393518971896167     
   1.9509088266504100        1.9677724482315258        2.0444357132411040        1.7514237071120904       0.23543424497750121        1.3550138657916657        12.097878545636835     
   1.9190548224715789        1.9365403467653548        2.0145751455773104        1.7097420082302455       0.17899108690284971        1.2832439475279045        11.806923642623701     
   1.8848054844992763        1.9029226949500166        1.9821700634494364        1.6668083849935238       0.12870856012800244        1.2159125794041754        11.520777215700846     
   1.8479604856447256        1.8667285883924523        1.9470160652997437        1.6226608993595482        8.4625743622558466E-002   1.1529506529971238        11.239540168261659     
   1.8083088504780109        1.8277360183273603        1.9088982627206426        1.5772860348288045        4.6741896227726426E-002   1.0942926019730652        10.963290519821067     
   1.7656101875863537        1.7856957707353505        1.8675667460144223        1.5306102595311899        1.5041496538841221E-002   1.0398789090529650        10.692086993976433     
   1.7195694146400795        1.7403288945759883        1.8227103327330914        1.4824950110423885       -1.0502286870275468E-002  0.98964499409292883        10.425971954646391     
   1.6698447619300572        1.6913183684830795        1.7739860543863435        1.4327936446733904       -2.9955316953887989E-002  0.94352700603728934        10.164986858938725     
   1.6160490467769952        1.6383023718479175        1.7210172944712652        1.3813433847349965       -4.3388124392826133E-002  0.90145069925585852        9.9091858978849867     
   1.5577487392823244        1.5808676463316496        1.6633511456302796        1.3279122363527451       -5.0916281597871260E-002  0.86332740414993014        9.6586144313892230     
   1.4944527609493770        1.5185476905850488        1.6004755642880137        1.2722005414567268       -5.2720816306499226E-002  0.82904834113259218        9.4133262448395936     
   1.4256038588122724        1.4507975729444487        1.5317944707477746        1.2138222174658670       -4.9012621802806071E-002  0.79849647172227978        9.1733684921947862     
   1.3505723456446181        1.3769744208442771        1.4566074653613610        1.1522934403048093       -4.0026562835881817E-002  0.77153880235887595        8.9387957096510089     
   1.2686082168605557        1.2963227491275187        1.3741542831313645        1.0870346518325567       -2.5741825077993431E-002  0.74802483069797465        8.7096666969495402     
   1.1788449824859553        1.2079333833012531        1.2836935385155566        1.0173407878895062       -6.5866130298542049E-003  0.72779837150637594        8.4860516400721977     
   1.0802443058378519        1.1106997748922725        1.1843057736407878       0.94236728654381174        1.6851409319476651E-002  0.71070409304777815        8.2680230336111258     
  0.97157427049596945        1.0032967397131247        1.0747370074458475       0.86095722051845802        4.3565393487390580E-002  0.69658006791073812        8.0556610056990650     
  0.85137359720052252       0.88382087924362585       0.95322815348351420       0.77168644278029908        7.2309594535991631E-002  0.68528084359476638        7.8490607991356480     
  0.71782423270104057       0.74957494051976981       0.81780847672003454       0.67301923728594071       0.10125480083353548       0.67660793855351342        7.6483538346459836     
  0.56749511040585188       0.59779600975788294       0.66618756388035105       0.56314517654808893       0.12958006539098782       0.67033873886082262        7.4537110795218036     
  0.39611270304694640       0.42522612793489739       0.49566968471756379       0.43994494827395531       0.15679790469551014       0.66608398066638097        7.2653317669736062     
  0.19886460602401726       0.22767478819731457       0.30217359863779014       0.30021958218975897       0.18296639153091324       0.66338746232317480        7.0834687499803932     
  -2.9892324068349640E-002  -1.6858407648028391E-004   8.0156105089366825E-002  0.14132185026097360       0.21442177131714307       0.66229846879202159        6.9084317196705332     
  -1.1853986388043192E-002   1.4153886558393759E-002   9.0967968515007991E-002  0.18419137068950969       0.35379368652948989       0.67787936953285588        6.7406758922594205     
  -2.9772360966593128E-003   2.0243007454139178E-002   9.2920813591312088E-002  0.21552440619736071       0.48591121752891331       0.69600358283358665        6.5772535465990751     
   2.0710683407894341E-003   2.1704883033882429E-002   8.8640929608607033E-002  0.23631716268886377       0.60987869947651774       0.71664932377910051        6.4179486940817405     
   4.7248736125202560E-003   2.0785449000718111E-002   8.0417642293525604E-002  0.24707347863238036       0.72981850261453840       0.73980504673248837        6.2625412147837727     
   5.4278120913205429E-003   1.8507219047880899E-002   7.0166036778303964E-002  0.24837588077060724       0.83826106312787840       0.76547788528899552        6.1108730836244476     
   4.9691233924357009E-003   1.5454823367434357E-002   5.9230744820792949E-002  0.24113596568775306       0.93351479683986405       0.79372660878296197        5.9629137535784373     
   3.9414572433634776E-003   1.2082551424814406E-002   4.8431386812664873E-002  0.22664708869751793        1.0140939221624961       0.82466496304055537        5.8187546563975898     
   2.8188596577353232E-003   8.8592434600968367E-003   3.8241930620404783E-002  0.20648678660405415        1.0783926191370665       0.85851872692155440        5.6784708743098991     
   1.8696450299082825E-003   6.1212626130818602E-003   2.9030033754358898E-002  0.18242721398410863        1.1243258473848208       0.89561564095715618        5.5421317378200801     
   1.1821057593203283E-003   4.0165942035973300E-003   2.1114970927391945E-002  0.15629966041790111        1.1501946120958315       0.93629672981234768        5.4099045263378240     
   7.1957352808923753E-004   2.5278272225302666E-003   1.4685218887661422E-002  0.12980311507886982        1.1548603664451313       0.98108462560076681        5.2820819876525569     
   4.2799989907123519E-004   1.5336314079183752E-003   9.7631232967024372E-003  0.10435614703091801        1.1377464280023435        1.0306997824521367        5.1589502985605531     
   2.6175174945380491E-004   9.0721496688641657E-004   6.2087762922775017E-003   8.1072540178349181E-002   1.0988152894516565        1.0860755597041774        5.0406855927555663     
   1.7914862352765227E-004   5.4124392184471163E-004   3.7896804656818968E-003   6.0637788514784019E-002   1.0386245152054325        1.1484005187359638        4.9273839050653931     
   1.4445611755661860E-004   3.4875131513696558E-004   2.2388633935253423E-003   4.3313364359643981E-002  0.95865936540610286        1.2191221840379027        4.8190949783645696     
   1.3241195863112701E-004   2.6059718361437907E-004   1.3094858986737836E-003   2.9448929664351510E-002  0.86156717037005437        1.3002720176083484        4.7158142589869678     
   1.2909009065791976E-004   2.2664826946061927E-004   7.9645877783653693E-004   1.8943457887254125E-002  0.75127181628704054        1.3932543004760864        4.6174788418931438     
   1.2844010338524154E-004   2.1610451602190075E-004   5.4166733761665470E-004   1.1526934665235711E-002  0.63281575964332071        1.4994085214432491        4.5239289317380633     
   1.2839940433119956E-004   2.1373150038616793E-004   4.3053610189173981E-004   6.7635796040402428E-003  0.51210239543265690        1.6195529732878162        4.4349225055029144     
   1.2843304936983589E-004   2.1347500760768870E-004   3.8836338565714350E-004   3.8894980383081166E-003  0.39573383990235794        1.7550562587771934        4.3501480980527312     
   1.2844764509834514E-004   2.1350072518045950E-004   3.7368580924455191E-004   2.3036101271831921E-003  0.29031849512015789        1.9029219287857311        4.2692463659879110     
   1.2844364702610137E-004   2.1344039347089680E-004   3.6776643594798442E-004   1.4961328038226611E-003  0.20113849744695314        2.0546979822904312        4.1918069607520563     
   1.2843239454205172E-004   2.1329807446145835E-004   3.6399065876480932E-004   1.1059306750259958E-003  0.13053201344143228        2.1971182658936930        4.1173208060477995     
   1.2842167121674945E-004   2.1313724156272112E-004   3.6075854089726483E-004   9.1231755582522900E-004   7.9168616900571989E-002   2.3108544596158551        4.0451799884602408     
   1.2841438369532392E-004   2.1300506520534552E-004   3.5796799775533749E-004   8.0199185892512455E-004   4.5134847058465447E-002   2.3712605596067924        3.9745355594773857     
   1.2841038448723773E-004   2.1291811006520655E-004   3.5579471704168687E-004   7.2764888281774036E-004   2.5039369235818509E-002   2.3496240079269257        3.9040473222462775     
   1.2840851591449059E-004   2.1287048681656299E-004   3.5432009570096135E-004   6.7383449007784289E-004   1.4049738702377088E-002   2.2160275923059225        3.8319534778209721     
   1.2840773048617766E-004   2.1284850843258585E-004   3.5346121247156330E-004   6.3583589320326847E-004   8.3300700939580290E-003   1.9524218469923385        3.7558121921961169     
   1.2840736325291555E-004   2.1283997932569512E-004   3.5303399568014548E-004   6.1096943379210992E-004   5.2558965426913132E-003   1.5810080890078408        3.6725587442042613     
   1.2840706653362483E-004   2.1283711027045638E-004   3.5285554909898667E-004   5.9646346514882233E-004   3.4393352146884935E-003   1.1624614019481936        3.5786381190199226     
   1.2840666688972174E-004   2.1283592095544052E-004   3.5279521057991162E-004   5.8916023010378708E-004   2.3011165006367879E-003  0.76940845621324794        3.4706418261435172     
   1.2840602882794970E-004   2.1283478298338282E-004   3.5277865202683529E-004   5.8608392355593284E-004   1.6127260662595734E-003  0.45768993513958950        3.3469516539711774     
   1.2840493330637106E-004   2.1283295923395324E-004   3.5277307357863984E-004   5.8504106795828062E-004   1.2406058158640190E-003  0.24835523401021034        3.2131794463083119     
   1.2840287518157319E-004   2.1282954817596533E-004   3.5276713063070821E-004   5.8476666381546919E-004   1.0677526728017470E-003  0.12847393899310511        3.0934313060234420     
   1.2839833625314845E-004   2.1282202758073925E-004   3.5275465370096905E-004   5.8469860191935597E-004   9.9997354703239066E-004   6.6507602301304064E-002   3.0287565353483399     
   1.2838371927763662E-004   2.1279781008800292E-004   3.5271455192604877E-004   5.8462637500671208E-004   9.7725331341898931E-004   3.3720205410189032E-002   3.0148860993326534     
