   1.1277234346659536E-004   1.0655666542114333E-003   4.1687228104966677E-003   6.5604178601868486E-003   4.1687228104966495E-003   1.0655666542114222E-003   1.1277234346659457E-004
   1.1267232542392940E-004   1.0646216007718283E-003   4.1650255609485091E-003   6.5545994109706919E-003   4.1650255609485230E-003   1.0646216007718253E-003   1.1267232542392841E-004
   1.1256830665955721E-004   1.0636387451946525E-003   4.1611804214185082E-003   6.5485482237859459E-003   4.1611804214184847E-003   1.0636387451946503E-003   1.1256830665955571E-004
   1.1246028717347802E-004   1.0626180874798886E-003   4.1571873919065130E-003   6.5422642986324641E-003   4.1571873919065078E-003   1.0626180874798894E-003   1.1246028717347646E-004
   1.1235169615572613E-004   1.0615920294597524E-003   4.1531732352542592E-003   6.5359471251978281E-003   4.1531732352542575E-003   1.0615920294597605E-003   1.1235169615572554E-004
   1.1224424820131973E-004   1.0605767720503693E-003   4.1492013328825687E-003   6.5296964483256351E-003   4.1492013328825600E-003   1.0605767720503619E-003   1.1224424820131890E-004
   1.1213737177858544E-004   1.0595669149463444E-003   4.1452505576511454E-003   6.5234790197346371E-003   4.1452505576511506E-003   1.0595669149463399E-003   1.1213737177858433E-004
   1.1203106688752349E-004   1.0585624581476885E-003   4.1413209095599980E-003   6.5172948394249001E-003   4.1413209095600189E-003   1.0585624581476878E-003   1.1203106688752248E-004
   1.1192304740144416E-004   1.0575418004329254E-003   4.1373278800480376E-003   6.5110109142714452E-003   4.1373278800480445E-003   1.0575418004329265E-003   1.1192304740144292E-004
   1.1181102719365865E-004   1.0564833405805796E-003   4.1331869605541619E-003   6.5044942511493726E-003   4.1331869605541489E-003   1.0564833405805783E-003   1.1181102719365740E-004
   1.1169386320082111E-004   1.0553762779799199E-003   4.1288558967977895E-003   6.4976783534961844E-003   4.1288558967977704E-003   1.0553762779799104E-003   1.1169386320082031E-004
   1.1156926929624408E-004   1.0541990114094461E-003   4.1242501802178401E-003   6.4904302281869591E-003   4.1242501802178514E-003   1.0541990114094459E-003   1.1156926929624230E-004
   1.1143838854326958E-004   1.0529623414799192E-003   4.1194120650948612E-003   6.4828163717841128E-003   4.1194120650948568E-003   1.0529623414799198E-003   1.1143838854326828E-004
   1.1129950634688157E-004   1.0516500672752272E-003   4.1142781700080422E-003   6.4747370394440040E-003   4.1142781700080474E-003   1.0516500672752289E-003   1.1129950634688069E-004
   1.1115262270708088E-004   1.0502621887953708E-003   4.1088484949573581E-003   6.4661922311665546E-003   4.1088484949573815E-003   1.0502621887953623E-003   1.1115262270708027E-004
   1.1099773762386740E-004   1.0487987060403430E-003   4.1031230399428825E-003   6.4571819469518487E-003   4.1031230399428565E-003   1.0487987060403374E-003   1.1099773762386636E-004
   1.1083370803389513E-004   1.0472488183994051E-003   4.0970595506839473E-003   6.4476396902373740E-003   4.0970595506839309E-003   1.0472488183994033E-003   1.1083370803389410E-004
   1.1065939087382017E-004   1.0456017252618269E-003   4.0906157729000830E-003   6.4374989644606874E-003   4.0906157729000735E-003   1.0456017252618204E-003   1.1065939087381950E-004
   1.1047364308029827E-004   1.0438466260168672E-003   4.0837494523107074E-003   6.4266932730592452E-003   4.0837494523107013E-003   1.0438466260168620E-003   1.1047364308029684E-004
   1.1027417852663877E-004   1.0419619194430476E-003   4.0763760803547598E-003   6.4150896229082091E-003   4.0763760803547476E-003   1.0419619194430418E-003   1.1027417852663816E-004
   1.1006042568117035E-004   1.0399422052350007E-003   4.0684745298918933E-003   6.4026547657262756E-003   4.0684745298919097E-003   1.0399422052349975E-003   1.1006042568116919E-004
   1.0983066994887488E-004   1.0377712824766153E-003   4.0599814195013796E-003   6.3892889566697668E-003   4.0599814195013502E-003   1.0377712824766175E-003   1.0983066994887351E-004
   1.0958319673473679E-004   1.0354329502517948E-003   4.0508333677623087E-003   6.3748924508949568E-003   4.0508333677623043E-003   1.0354329502517883E-003   1.0958319673473503E-004
   1.0931743450708126E-004   1.0329218082551547E-003   4.0410092475344564E-003   6.3594320001206248E-003   4.0410092475344408E-003   1.0329218082551477E-003   1.0931743450707994E-004
   1.0903338326591012E-004   1.0302378564867047E-003   4.0305090588177864E-003   6.3429076043467680E-003   4.0305090588177665E-003   1.0302378564867071E-003   1.0903338326590905E-004
   1.0872989994787842E-004   1.0273702943357089E-003   4.0192905473317650E-003   6.3252527670109382E-003   4.0192905473317563E-003   1.0273702943357083E-003   1.0872989994787732E-004
   1.0840412689462401E-004   1.0242921202753140E-003   4.0072480773750514E-003   6.3063012467069086E-003   4.0072480773750236E-003   1.0242921202753123E-003   1.0840412689462277E-004
   1.0805377797945731E-004   1.0209817330840538E-003   3.9942971403864741E-003   6.2859200503098140E-003   3.9942971403864784E-003   1.0209817330840507E-003   1.0805377797945613E-004
   1.0767771013903322E-004   1.0174283321511698E-003   3.9803954820855324E-003   6.2640426812571081E-003   3.9803954820855367E-003   1.0174283321511728E-003   1.0767771013903246E-004
   1.0727592337335330E-004   1.0136319174766900E-003   3.9655431024722288E-003   6.2406691395487995E-003   3.9655431024722323E-003   1.0136319174766882E-003   1.0727592337335226E-004
   1.0684441696070865E-004   1.0095546869230126E-003   3.9495921115646282E-003   6.2155666872163199E-003   3.9495921115646334E-003   1.0095546869230128E-003   1.0684441696070771E-004
   1.0638090477441170E-004   1.0051750392686657E-003   3.9324580008016242E-003   6.1886023311346437E-003   3.9324580008016068E-003   1.0051750392686650E-003   1.0638090477441100E-004
   1.0588081456108240E-004   1.0004497720706911E-003   3.9139717530610333E-003   6.1595100850539205E-003   3.9139717530610376E-003   1.0004497720706945E-003   1.0588081456108194E-004
   1.0534071713068706E-004   9.9534648349688232E-004   3.8940066055011689E-003   6.1280904592867450E-003   3.8940066055011911E-003   9.9534648349688276E-004   1.0534071713068603E-004
   1.0475604022984617E-004   9.8982197110428541E-004   3.8723935409998959E-003   6.0940774675832159E-003   3.8723935409998730E-003   9.8982197110428108E-004   1.0475604022984521E-004
   1.0412221160518047E-004   9.8383303244993937E-004   3.8489635424349363E-003   6.0572051236934960E-003   3.8489635424349307E-003   9.8383303244994175E-004   1.0412221160517964E-004
   1.0343351593996759E-004   9.7732566448015951E-004   3.8235053384035969E-003   6.0171409448051931E-003   3.8235053384035934E-003   9.7732566448015907E-004   1.0343351593996673E-004
   1.0268423791748162E-004   9.7024586414125498E-004   3.7958076575031240E-003   5.9735524481059499E-003   3.7958076575031123E-003   9.7024586414125910E-004   1.0268423791748089E-004
   1.0186866222100086E-004   9.6253962837953969E-004   3.7656592283307326E-003   5.9261071507834620E-003   3.7656592283307195E-003   9.6253962837953568E-004   1.0186866222100020E-004
   1.0098335966049029E-004   9.5417455536278507E-004   3.7329332880447893E-003   5.8746055631502822E-003   3.7329332880447854E-003   9.5417455536278540E-004   1.0098335966048943E-004
   1.0002318645089857E-004   9.4510204234267729E-004   3.6974396923828401E-003   5.8187484506752986E-003   3.6974396923828245E-003   9.4510204234268043E-004   1.0002318645089772E-004
   9.8981855743828846E-005   9.3526268596015865E-004   3.6589460428018217E-003   5.7581700822649292E-003   3.6589460428018269E-003   9.3526268596016168E-004   9.8981855743828032E-005
   9.7854223754230546E-005   9.2460788346690579E-004   3.6172621950393085E-003   5.6925712233880515E-003   3.6172621950393076E-003   9.2460788346690644E-004   9.7854223754229773E-005
   9.6625430658621670E-005   9.1299722692331534E-004   3.5718388434480977E-003   5.6210874187325784E-003   3.5718388434481203E-003   9.1299722692331805E-004   9.6625430658620694E-005
   9.5282331228536488E-005   9.0030650930590433E-004   3.5221900638019161E-003   5.5429539578300564E-003   3.5221900638019239E-003   9.0030650930590899E-004   9.5282331228536339E-005
   9.3815209425547198E-005   8.8644392542340273E-004   3.4679566947160715E-003   5.4576056198995266E-003   3.4679566947160801E-003   8.8644392542340164E-004   9.3815209425546683E-005
   9.2212634616204087E-005   8.7130146916841570E-004   3.4087161933850536E-003   5.3643774393162813E-003   3.4087161933850506E-003   8.7130146916841495E-004   9.2212634616203464E-005
   9.0475749863853049E-005   8.5488994115168714E-004   3.3445108140894068E-003   5.2633359126427973E-003   3.3445108140894046E-003   8.5488994115168789E-004   9.0475749863852005E-005
   8.8614842738595856E-005   8.3730654686986375E-004   3.2757208453540808E-003   5.1550795089412797E-003   3.2757208453540864E-003   8.3730654686986147E-004   8.8614842738594934E-005
   8.6646487658931421E-005   8.1870789517864682E-004   3.2029589742470820E-003   5.0405724283675447E-003   3.2029589742470850E-003   8.1870789517864498E-004   8.6646487658931096E-005
   8.4580972194963890E-005   7.9919119157468080E-004   3.1266054892933239E-003   4.9204131399838502E-003   3.1266054892933248E-003   7.9919119157467993E-004   8.4580972194963253E-005
   8.2408580308261826E-005   7.7866463086669134E-004   3.0463012291081482E-003   4.7940364230092342E-003   3.0463012291081525E-003   7.7866463086669079E-004   8.2408580308261135E-005
   8.0117309833705166E-005   7.5701480664192770E-004   2.9616025237457818E-003   4.6607440635376557E-003   2.9616025237457805E-003   7.5701480664192695E-004   8.0117309833705085E-005
   7.7705446176277879E-005   7.3422551798428353E-004   2.8724459917854003E-003   4.5204363167255053E-003   2.8724459917854024E-003   7.3422551798427887E-004   7.7705446176277066E-005
   7.5174703930995453E-005   7.1031296580985944E-004   2.7788950146478168E-003   4.3732129274164375E-003   2.7788950146478172E-003   7.1031296580985738E-004   7.5174703930995182E-005
   7.2520510844480476E-005   6.8523394767571323E-004   2.6807805752108262E-003   4.2188079093605866E-003   2.6807805752108406E-003   6.8523394767570889E-004   7.2520510844479406E-005
   6.9733722409973684E-005   6.5890205869592459E-004   2.5777646392300671E-003   4.0566892900582054E-003   2.5777646392300549E-003   6.5890205869592600E-004   6.9733722409972843E-005
   6.6805194120717515E-005   6.3123089398460530E-004   2.4695091724611000E-003   3.8863250970095132E-003   2.4695091724611048E-003   6.3123089398460291E-004   6.6805194120716770E-005
   6.3729210659988503E-005   6.0216645048805073E-004   2.3558029035012020E-003   3.7073828474021445E-003   2.3558029035012011E-003   6.0216645048804965E-004   6.3729210659987541E-005
   6.0502914369424243E-005   5.7168172667941921E-004   2.2365401966489779E-003   3.5196962998299392E-003   2.2365401966489705E-003   5.7168172667942105E-004   6.0502914369423701E-005
   5.7128591375714910E-005   5.3979832378019002E-004   2.1118055604655329E-003   3.3233984474178510E-003   2.1118055604655269E-003   5.3979832378019056E-004   5.7128591375714497E-005
   5.3613100058928451E-005   5.0658104545479139E-004   1.9818525206341678E-003   3.1188882695407007E-003   1.9818525206341678E-003   5.0658104545479084E-004   5.3613100058927848E-005
   4.9971300242546706E-005   4.7217029964282054E-004   1.8472303828020380E-003   2.9070302215105765E-003   1.8472303828020362E-003   4.7217029964281837E-004   4.9971300242546421E-005
   4.6226624725137271E-005   4.3678749886440861E-004   1.7088053597204131E-003   2.6891874828581398E-003   1.7088053597204081E-003   4.3678749886440563E-004   4.6226624725137040E-005
   4.2409936217008649E-005   4.0072425960948547E-004   1.5677183169641332E-003   2.4671554607700792E-003   1.5677183169641308E-003   4.0072425960948385E-004   4.2409936217008425E-005
   3.8556669681847846E-005   3.6431540081094318E-004   1.4252791372302599E-003   2.2429955486829686E-003   1.4252791372302651E-003   3.6431540081094133E-004   3.8556669681847494E-005
   3.4703974678359388E-005   3.2791194231776739E-004   1.2828610846366663E-003   2.0188688848770961E-003   1.2828610846366665E-003   3.2791194231776615E-004   3.4703974678359272E-005
   3.0893001486954478E-005   2.9190270611653864E-004   1.1419853132831497E-003   1.7971693456013836E-003   1.1419853132831424E-003   2.9190270611653690E-004   3.0893001486954281E-005
   2.7166614983061201E-005   2.5669271510993529E-004   1.0042363586903165E-003   1.5803905519484718E-003   1.0042363586903165E-003   2.5669271510993588E-004   2.7166614983061028E-005
   2.3570537700469764E-005   2.2271399372749136E-004   8.7130439208018585E-004   1.3711923664171577E-003   8.7130439208018412E-004   2.2271399372749101E-004   2.3570537700469554E-005
   2.0151635236314794E-005   1.9040936700947110E-004   7.4492183895529353E-004   1.1723011480687354E-003   7.4492183895529353E-004   1.9040936700947159E-004   2.0151635236314777E-005
   1.6953343997697293E-005   1.6018925816392837E-004   6.2669436197654099E-004   9.8624376627706105E-004   6.2669436197653828E-004   1.6018925816392847E-004   1.6953343997697191E-005
   1.4015099670010896E-005   1.3242628826133133E-004   5.1807973382290171E-004   8.1531435244735757E-004   5.1807973382290106E-004   1.3242628826133101E-004   1.4015099670010791E-005
   1.1367764963564011E-005   1.0741207379161082E-004   4.2021882006922431E-004   6.6130831376633409E-004   4.2021882006922366E-004   1.0741207379161061E-004   1.1367764963563948E-005
   9.0330580819069460E-006   8.5351826358793544E-005   3.3391445204595751E-004   5.2548908492090979E-004   3.3391445204595621E-004   8.5351826358793395E-005   9.0330580819068697E-006
   7.0206950634700855E-006   6.6337351154154920E-005   2.5952579113777479E-004   4.0842188669208760E-004   2.5952579113777517E-004   6.6337351154155191E-005   7.0206950634700507E-006
   5.3329620349429744E-006   5.0390249399171119E-005   1.9713734590577869E-004   3.1023971220480893E-004   1.9713734590577801E-004   5.0390249399171274E-005   5.3329620349429354E-006
   3.9572852995332804E-006   3.7391714375722038E-005   1.4628431926391700E-004   2.3021109927189980E-004   1.4628431926391668E-004   3.7391714375721997E-005   3.9572852995332703E-006
   2.8668028686393736E-006   2.7087931731459022E-005   1.0597373561926732E-004   1.6677337867531002E-004   1.0597373561926716E-004   2.7087931731458924E-005   2.8668028686393473E-006
   2.0289374369357584E-006   1.9171084060342834E-005   7.5001347976156267E-005   1.1803139838463962E-004   7.5001347976156146E-005   1.9171084060342729E-005   2.0289374369357499E-006
   1.4025387240113676E-006   1.3252349375797498E-005   5.1846002234785353E-005   8.1591282150959266E-005   5.1846002234785021E-005   1.3252349375797483E-005   1.4025387240113574E-006
