  0.99196449640473117       0.98426191422120879       0.96912690661592860       0.92651522241075635       0.82308620738739235       0.93405005922970896       0.99998917409117727     
  0.99377649811339552       0.98703387674653154       0.97304051881511067       0.93174248398065918       0.82468646652784283       0.93163769957314069       0.99998730555067628     
  0.99523059027498972       0.98929566839024197       0.97652292868009838       0.93644419821429548       0.82333014364612889       0.92906669423527177       0.99998530782229711     
  0.99629706964388298       0.99113895572601285       0.97944890379866467       0.94036960974807327       0.82025251625349249       0.92632247366573495       0.99998645849871814     
  0.99710866513988372       0.99276929681137616       0.98196122418506182       0.94391855833109028       0.81245518098740444       0.92338843198944709       0.99998451508887298     
  0.99772207570936566       0.99398074354930865       0.98412727475019124       0.94671603172489349       0.79949515328005694       0.92144837685459258       0.99998247767321591     
  0.99818847182497072       0.99485445780733239       0.98599492143577405       0.94857282519867492       0.77642402577193836       0.92349847181434386       0.99998035633860860     
  0.99854501230526904       0.99566804521895269       0.98760693753845352       0.94935164041199882       0.75320409141116340       0.92188294666199744       0.99997815847677307     
  0.99881930775897076       0.99633467055580882       0.98926285992236418       0.95005643299890996       0.73153785110319580       0.91913740692512502       0.99997588761021261     
  0.99903192506011829       0.99688264647470159       0.99044019553023177       0.95038712962639094       0.71059950769062319       0.91551326330934468       0.99997787815942485     
  0.99919809606285315       0.99732311635197779       0.99135832096993015       0.94775722660306128       0.67194940472960285       0.91338563527404004       0.99997573508092530     
  0.99931207002359901       0.99769695542546621       0.99185787953950388       0.94604689939776632       0.65057103573857566       0.90964828382271812       0.99997352393988947     
  0.99941709374372456       0.99800672835491955       0.99211726961336966       0.94471304002259804       0.62971101734230561       0.90479566312787196       0.99997123703211144     
  0.99950345588047440       0.99825640156426687       0.99232585732628065       0.94326986731583762       0.60916656846362927       0.89936679495613747       0.99996886321396750     
  0.99957343353408523       0.99845473621398195       0.99226265802466274       0.94192255987368234       0.58871757365957056       0.89543546712349753       0.99997162570894416     
  0.99963063890452375       0.99860310050728884       0.99132901586271760       0.94008877070203933       0.56713198438674994       0.89212484837856743       0.99996940895406750     
  0.99967537754265712       0.99870274932151160       0.98879736311407085       0.93533770961415752       0.54686693943935183       0.88603947938243355       0.99996710108051823     
  0.99971449243541521       0.99874234392670547       0.98803535088876182       0.92793506942045068       0.52548728244329712       0.87878615841602659       0.99996468827937834     
  0.99973272385057055       0.99766327933422216       0.98669360356680236       0.92350842209340256       0.51122498945020722       0.86979457597404497       0.99996812957356374     
  0.99972649219381682       0.99722343835450300       0.98583651691212382       0.91851456292591394       0.49559787530050337       0.86716338169917029       0.99996592423969832     
  0.99970627919941479       0.99666050091155445       0.98490829690762849       0.89667124727979097       0.49073581484645362       0.86576215493148212       0.99996361970071390     
  0.99960351438941364       0.99608319076189555       0.98279775425268012       0.88017662317680911       0.48420351460444921       0.86033448276085100       0.99996120187360582     
  0.99854339838492778       0.99456709477223948       0.98123279752309700       0.87259710487040099       0.46658970387520743       0.85295970103381358       0.99996546686483134     
  0.99807565995966174       0.99386664404079217       0.98011486348540711       0.86369224683628332       0.44980800925869574       0.84254027035508816       0.99996333337394872     
  0.99760013591828300       0.99030554822870076       0.97902262809704355       0.85636316169365856       0.43382252193752224       0.83124810201592281       0.99996109643235020     
  0.99613919048822530       0.98909640167063961       0.97591277716765146       0.84982301411953698       0.46612314454867243       0.82752630000487548       0.99995873235948651     
  0.99554573782464750       0.98750763816376919       0.97448739105905713       0.83802976493253067       0.45164932454034112       0.81575915501714780       0.99996395343070432     
  0.99182506020598327       0.98659331522364957       0.97222824595664070       0.83175174128625984       0.43796417435423868       0.81327073308834408       0.99996192915097626     
  0.99089281978442689       0.98509771754615905       0.97092056428579721       0.82582356564857318       0.42906319926009523       0.80418564603018783       0.99995973229521340     
  0.99016823918809316       0.98415666429122595       0.96924396423631565       0.81599202694914708       0.41760551611224200       0.79334024538025327       0.99996545118043634     
  0.98844674514679187       0.98225274803269502       0.96794899810743285       0.81063385075003513       0.40825810487203806       0.79823629611336711       0.99996354477418536     
  0.98767250926847061       0.97904897851279482       0.96298589074862617       0.80152802088926267       0.40033420781782181       0.78888675689529697       0.99996134481187560     
  0.98608849163580614       0.97804826752400154       0.95961747642685891       0.79660006177252596       0.40754462066411440       0.79488991782705098       0.99996755894706135     
  0.98231640572276890       0.97500662426674922       0.95778344183543895       0.78299697096062038       0.40099467302663000       0.79579866479093742       0.99996563708886377     
  0.98029295784267134       0.97300854381906543       0.95629270908057662       0.77870370870765726       0.39826567936478252       0.79456699872052006       0.99996337409495528     
  0.97784868869232733       0.97029658823866760       0.94940884973425022       0.77471095955053026       0.44165308142190496       0.78919161298395268       0.99997022914488853     
  0.97524567693175601       0.96910488329984124       0.94665278855986479       0.77134891837552433       0.44432898043910718       0.78477284873220543       0.99996848759094659     
  0.97404004709198211       0.96558739722830744       0.94161965314791551       0.77665962182015402       0.44459871379590454       0.78893885046144008       0.99996659677529953     
  0.97000632782137242       0.96320479092902156       0.93345284054509692       0.77300841816727928       0.44592238587970695       0.78713172583071656       0.99997417671719102     
  0.96454877346915979       0.95707388968264850       0.92785427305964585       0.76969425788274015       0.44860478234851214       0.78671808173673052       0.99997321106640902     
  0.96202121196252011       0.95411033885585317       0.92314571333121509       0.76606447143406897       0.45231356429385261       0.78784343291638093       0.99997243529753177     
  0.95902684923576886       0.95059167946472978       0.91611660839804365       0.76456514637232131       0.44426470262969209       0.79051067065907721       0.99998027373401932     
  0.95556234089914138       0.94272431896226971       0.90845842470641014       0.75990160347445856       0.45034618572795787       0.79477129027752680       0.99998053833831624     
  0.94802174966031239       0.92942972624185960       0.89823336357595573       0.77258072014765322       0.46651907029798534       0.79179072616875457       0.99998107268250713     
  0.92994648586728834       0.91326006159771678       0.91713538989609522       0.76616302823373050       0.48638212900167677       0.79804413003112618       0.99998773542909192     
  0.95593374741353920       0.93964490661346090       0.93680761101635368       0.79319169209839757       0.50838470216460907       0.80190025700281709       0.99998867721045992     
  0.96902187496150716       0.95772708193195133       0.95279737428985056       0.82078268232309359       0.53227000311554273       0.86262170981987218       0.99998980219161482     
  0.97834240663578198       0.96999828258676435       0.96514717743253742       0.84798299921004017       0.55788996211762665       0.86718366297618510       0.99999420732845190     
  0.98619463287725706       0.97920790438590521       0.97464880956305211       0.87370872937458055       0.58511225375828968       0.87247952039874022       0.99999517713292729     
  0.99161922708869843       0.98626094694802668       0.98203836578389181       0.89724208733305943       0.61381832200700714       0.87846669753718476       0.99999614109410417     
  0.99532496385300218       0.99144431586956994       0.98773716745190665       0.91814482031811140       0.64389236907571246       0.88509064134812965       0.99999818520400940     
  0.99765683359066237       0.99503713859201903       0.99199921082060627       0.93619609393407166       0.67518537585984484       0.89228249815168414       0.99999871754104452     
  0.99895133472797681       0.99736403919714156       0.99504683019676987       0.95137177156836139       0.71520330321019698       0.89994767287925059       0.99999950300206708     
  0.99955586174544697       0.99872355259216850       0.99689848572221706       0.96381507380392317       0.81773191609978613       0.90796668573698425       0.99999970699237628     
  0.99982421266384858       0.99942718340021619       0.99825880265047207       0.97378151928328216       0.84471273925807444       0.94029271480924981       0.99999984506826767     
  0.99993906819194167       0.99976252849153113       0.99868238735322290       0.98157368292174885       0.87037425001639102       0.94579799862733505       0.99999996193368679     
  0.99998267331953106       0.99990768784040174       0.99926384160815018       0.98749752389264356       0.89434105670771025       0.95117665444555333       0.99999998509725929     
  0.99999570185490994       0.99996565123316117       0.99964007680270384       0.99184409921152117       0.91612249965793291       0.95633679693715645       0.99999999500703629     
  0.99999860995235612       0.99998603222594917       0.99981904057061166       0.99489166235604154       0.93530371371417664       0.96120290504485117       0.99999999939081885     
  0.99999922748568582       0.99999258839905469       0.99990848327642279       0.99690886443342486       0.95159819315756622       0.96572610295887495       0.99999999988096555     
  0.99999947449342230       0.99999508897174627       0.99994553377197393       0.99815987720204136       0.96488910124767036       0.96989282779917496       0.99999999999464639     
  0.99999964445693801       0.99999653493241014       0.99996167273944736       0.99888107967971229       0.97525214600043053       0.97372919186056672       0.99999999999965816     
  0.99999977233057169       0.99999759904615104       0.99997204643357640       0.99928454083869300       0.98294636181307538       0.98158615521487069       0.99999999999999001     
  0.99999986582477529       0.99999841451102767       0.99997906262033753       0.99951698879314554       0.98838039367928410       0.98449736640795726       0.99999999999999711     
  0.99999992964380580       0.99999902809332042       0.99998534981307163       0.99966551220631050       0.99205055651797902       0.98741021781194016        1.0000000000000016     
  0.99999996856945739       0.99999946523640981       0.99999047282293085       0.99977067972444966       0.99446301707566787       0.99028661170479126       0.99999999999999845     
  0.99999998869792273       0.99999974776499068       0.99999425316176727       0.99984819588664864       0.99608532625188839       0.99309756457032239        1.0000000000000016     
  0.99999999692210573       0.99999990354648349       0.99999690939883801       0.99990387064991304       0.99726689962746395       0.99549537589037518        1.0000000000000000     
  0.99999999940900774       0.99999997194102297       0.99999859132877389       0.99994238339063590       0.99818570032406562       0.99729276850943860       0.99999999999999989     
  0.99999999992566690       0.99999999421509811       0.99999948975613173       0.99996796677546518       0.99888413395729791       0.99848447612607472        1.0000000000000000     
  0.99999999999432354       0.99999999921648486       0.99999986336291102       0.99998414757443876       0.99936951620292247       0.99919843538845765       0.99999999999999944     
  0.99999999999975620       0.99999999993596178       0.99999997506646254       0.99999344300173243       0.99967149249960185       0.99960617858326217        1.0000000000000036     
  0.99999999999999512       0.99999999999712552       0.99999999716271626       0.99999786997043749       0.99984796208429461       0.99983755425944310        1.0000000000000024     
   1.0000000000000000       0.99999999999993661       0.99999999981967269       0.99999948132700545       0.99995214244557562       0.99995656096438323       0.99999999999999956     
  0.99999999999999922       0.99999999999999922       0.99999999999449396       0.99999990624544866       0.99998750522982016       0.99999538713977232       0.99999999999999833     
   1.0000000000000002        1.0000000000000002       0.99999999999993672       0.99999999013553398       0.99999754518987760       0.99999919925453729       0.99999999999999922     
  0.99999999999999933       0.99999999999999989       0.99999999999999989       0.99999999958416486       0.99999983202991516       0.99999998850417837       0.99999999999999989     
  0.99999999999999956        1.0000000000000004       0.99999999999999867       0.99999999999233014       0.99999990627018465       0.99999999998799460        1.0000000000000004     
  0.99999999999999944       0.99999999999999933       0.99999999999999978       0.99999999999999545       0.99999999998941469       0.99999999999999900       0.99999999999999867     
  0.99999999999999911       0.99999999999999933        1.0000000000000004       0.99999999999999989       0.99999999999999944        1.0000000000000004       0.99999999999999745     
   1.0000000000000000        1.0000000000000000       0.99999999999999978        1.0000000000000002        1.0000000000000004       0.99999999999999978        1.0000000000000002     
