   1.9932467656578514     
   2.0117466298985445     
   2.0151629662818897     
   2.0066209461578275     
   1.9887971863696892     
   1.9650440494733310     
   1.9380219036798814     
   1.9089484183762611     
   1.8775346789522978     
   1.8438223114982208     
   1.8079294313132710     
   1.7700324352036492     
   1.7304271318199993     
   1.6894495590033598     
   1.6474493238801740     
   1.6047540414375081     
   1.5616687125690145     
   1.5183993336938770     
   1.4750944925103016     
   1.4318621914599656     
   1.3887822604945363     
   1.3459031032916309     
   1.3032479795443401     
   1.2608118743225056     
   1.2185835582133520     
   1.1764954893083430     
   1.1344808397448940     
   1.0924431710844418     
   1.0502486278208645     
   1.0077399019081295     
  0.96474659122772832     
  0.92103800369867972     
  0.87639238546339648     
  0.83056606533645261     
  0.78322348687827614     
  0.73408981397760165     
  0.68263259599500192     
  0.62817012451831400     
  0.57011945354236193     
  0.50766701856714991     
  0.43986735451380798     
  0.36548013731416024     
  0.28287521210174288     
  0.18961232812433554     
   8.4675488044067007E-002
  0.14107860881340148     
  0.18956812350505003     
  0.23176066952683594     
  0.26736881708269816     
  0.29659243855214451     
  0.31988804077265937     
  0.33769499831157590     
  0.35040507380887564     
  0.35832454914232159     
  0.36168008393430701     
  0.36080677984573251     
  0.35599047682357970     
  0.34743591260587031     
  0.33531443230884939     
  0.31982620810234064     
  0.30146087914299752     
  0.28088124836857598     
  0.25898653843890745     
  0.23692350245887761     
  0.21605027975359084     
  0.19777957963271564     
  0.18327295553148179     
  0.17286424268279468     
  0.16623943511570269     
  0.16205601553365587     
  0.15809083010543634     
  0.15123290304420298     
  0.13858107812612211     
  0.11923771021712815     
   9.5401209125355768E-002
   7.1327798474536061E-002
   5.1147590954750126E-002
   3.6891700472107901E-002
   2.8097033901352552E-002
   2.2997547020691358E-002
   2.0156815058605650E-002
