   1.1277234346659499E-004   1.0655666542114235E-003   4.1687228104966391E-003   6.5604178601868252E-003   4.1687228104966279E-003   1.0655666542114224E-003   1.1277234346659396E-004
   1.1267232542392824E-004   1.0646216007718225E-003   4.1650255609484970E-003   6.5545994109706676E-003   4.1650255609485178E-003   1.0646216007718244E-003   1.1267232542392807E-004
   1.1256830665955648E-004   1.0636387451946471E-003   4.1611804214184570E-003   6.5485482237858782E-003   4.1611804214184622E-003   1.0636387451946488E-003   1.1256830665955591E-004
   1.1246028717347744E-004   1.0626180874798916E-003   4.1571873919064783E-003   6.5422642986324789E-003   4.1571873919065156E-003   1.0626180874798905E-003   1.1246028717347637E-004
   1.1235169615572590E-004   1.0615920294597518E-003   4.1531732352542341E-003   6.5359471251977960E-003   4.1531732352542410E-003   1.0615920294597589E-003   1.1235169615572513E-004
   1.1224424820131909E-004   1.0605767720503635E-003   4.1492013328825357E-003   6.5296964483255952E-003   4.1492013328825609E-003   1.0605767720503598E-003   1.1224424820131819E-004
   1.1213737177858444E-004   1.0595669149463371E-003   4.1452505576511497E-003   6.5234790197346171E-003   4.1452505576511228E-003   1.0595669149463377E-003   1.1213737177858351E-004
   1.1203106688752285E-004   1.0585624581476781E-003   4.1413209095599894E-003   6.5172948394248914E-003   4.1413209095599868E-003   1.0585624581476846E-003   1.1203106688752197E-004
   1.1192304740144358E-004   1.0575418004329243E-003   4.1373278800480142E-003   6.5110109142714834E-003   4.1373278800480176E-003   1.0575418004329224E-003   1.1192304740144297E-004
   1.1181102719365799E-004   1.0564833405805804E-003   4.1331869605541211E-003   6.5044942511493604E-003   4.1331869605541185E-003   1.0564833405805781E-003   1.1181102719365747E-004
   1.1169386320082120E-004   1.0553762779799143E-003   4.1288558967977583E-003   6.4976783534961948E-003   4.1288558967977618E-003   1.0553762779799132E-003   1.1169386320081988E-004
   1.1156926929624317E-004   1.0541990114094413E-003   4.1242501802177889E-003   6.4904302281869339E-003   4.1242501802178184E-003   1.0541990114094433E-003   1.1156926929624205E-004
   1.1143838854326890E-004   1.0529623414799235E-003   4.1194120650948516E-003   6.4828163717840660E-003   4.1194120650948412E-003   1.0529623414799200E-003   1.1143838854326759E-004
   1.1129950634688122E-004   1.0516500672752280E-003   4.1142781700080292E-003   6.4747370394439572E-003   4.1142781700080396E-003   1.0516500672752267E-003   1.1129950634688038E-004
   1.1115262270708056E-004   1.0502621887953708E-003   4.1088484949573598E-003   6.4661922311665182E-003   4.1088484949573546E-003   1.0502621887953608E-003   1.1115262270707973E-004
   1.1099773762386674E-004   1.0487987060403341E-003   4.1031230399428418E-003   6.4571819469517950E-003   4.1031230399428548E-003   1.0487987060403352E-003   1.1099773762386612E-004
   1.1083370803389440E-004   1.0472488183994062E-003   4.0970595506839317E-003   6.4476396902373601E-003   4.0970595506839482E-003   1.0472488183993994E-003   1.1083370803389408E-004
   1.1065939087381965E-004   1.0456017252618200E-003   4.0906157729000336E-003   6.4374989644606622E-003   4.0906157729000666E-003   1.0456017252618219E-003   1.1065939087381897E-004
   1.1047364308029762E-004   1.0438466260168640E-003   4.0837494523106874E-003   6.4266932730592348E-003   4.0837494523107013E-003   1.0438466260168644E-003   1.1047364308029690E-004
   1.1027417852663881E-004   1.0419619194430418E-003   4.0763760803547277E-003   6.4150896229081952E-003   4.0763760803547303E-003   1.0419619194430424E-003   1.1027417852663793E-004
   1.1006042568117000E-004   1.0399422052349996E-003   4.0684745298918863E-003   6.4026547657262374E-003   4.0684745298918889E-003   1.0399422052349940E-003   1.1006042568116867E-004
   1.0983066994887446E-004   1.0377712824766140E-003   4.0599814195013502E-003   6.3892889566697451E-003   4.0599814195013493E-003   1.0377712824766099E-003   1.0983066994887323E-004
   1.0958319673473545E-004   1.0354329502517885E-003   4.0508333677622922E-003   6.3748924508949213E-003   4.0508333677622800E-003   1.0354329502517902E-003   1.0958319673473480E-004
   1.0931743450708069E-004   1.0329218082551482E-003   4.0410092475344182E-003   6.3594320001206170E-003   4.0410092475344148E-003   1.0329218082551512E-003   1.0931743450707959E-004
   1.0903338326590942E-004   1.0302378564867047E-003   4.0305090588177691E-003   6.3429076043467550E-003   4.0305090588177760E-003   1.0302378564867093E-003   1.0903338326590854E-004
   1.0872989994787803E-004   1.0273702943357011E-003   4.0192905473317641E-003   6.3252527670109322E-003   4.0192905473317485E-003   1.0273702943357083E-003   1.0872989994787719E-004
   1.0840412689462376E-004   1.0242921202753112E-003   4.0072480773750297E-003   6.3063012467069043E-003   4.0072480773750262E-003   1.0242921202753140E-003   1.0840412689462233E-004
   1.0805377797945683E-004   1.0209817330840473E-003   3.9942971403864576E-003   6.2859200503098001E-003   3.9942971403864533E-003   1.0209817330840464E-003   1.0805377797945594E-004
   1.0767771013903336E-004   1.0174283321511732E-003   3.9803954820855436E-003   6.2640426812570829E-003   3.9803954820855350E-003   1.0174283321511758E-003   1.0767771013903222E-004
   1.0727592337335281E-004   1.0136319174766947E-003   3.9655431024722227E-003   6.2406691395488247E-003   3.9655431024722219E-003   1.0136319174766869E-003   1.0727592337335199E-004
   1.0684441696070866E-004   1.0095546869230152E-003   3.9495921115646039E-003   6.2155666872163139E-003   3.9495921115646204E-003   1.0095546869230113E-003   1.0684441696070783E-004
   1.0638090477441164E-004   1.0051750392686665E-003   3.9324580008016294E-003   6.1886023311346246E-003   3.9324580008016086E-003   1.0051750392686648E-003   1.0638090477441071E-004
   1.0588081456108232E-004   1.0004497720706973E-003   3.9139717530610246E-003   6.1595100850539196E-003   3.9139717530610151E-003   1.0004497720706891E-003   1.0588081456108164E-004
   1.0534071713068677E-004   9.9534648349688080E-004   3.8940066055011750E-003   6.1280904592867251E-003   3.8940066055011668E-003   9.9534648349688254E-004   1.0534071713068588E-004
   1.0475604022984594E-004   9.8982197110428238E-004   3.8723935409998725E-003   6.0940774675832107E-003   3.8723935409998673E-003   9.8982197110428281E-004   1.0475604022984469E-004
   1.0412221160518096E-004   9.8383303244993763E-004   3.8489635424349303E-003   6.0572051236934786E-003   3.8489635424349337E-003   9.8383303244994284E-004   1.0412221160517977E-004
   1.0343351593996718E-004   9.7732566448015625E-004   3.8235053384035756E-003   6.0171409448051983E-003   3.8235053384035886E-003   9.7732566448015972E-004   1.0343351593996620E-004
   1.0268423791748256E-004   9.7024586414125476E-004   3.7958076575030906E-003   5.9735524481059473E-003   3.7958076575031149E-003   9.7024586414125834E-004   1.0268423791748105E-004
   1.0186866222100097E-004   9.6253962837953601E-004   3.7656592283307109E-003   5.9261071507834473E-003   3.7656592283307182E-003   9.6253962837953644E-004   1.0186866222100008E-004
   1.0098335966049008E-004   9.5417455536278475E-004   3.7329332880447754E-003   5.8746055631502909E-003   3.7329332880447785E-003   9.5417455536278236E-004   1.0098335966048934E-004
   1.0002318645089848E-004   9.4510204234267577E-004   3.6974396923828297E-003   5.8187484506752561E-003   3.6974396923828241E-003   9.4510204234267729E-004   1.0002318645089737E-004
   9.8981855743828371E-005   9.3526268596016103E-004   3.6589460428018321E-003   5.7581700822649205E-003   3.6589460428018273E-003   9.3526268596015756E-004   9.8981855743827843E-005
   9.7854223754230098E-005   9.2460788346690622E-004   3.6172621950392898E-003   5.6925712233880429E-003   3.6172621950392872E-003   9.2460788346690253E-004   9.7854223754229624E-005
   9.6625430658621304E-005   9.1299722692331816E-004   3.5718388434481077E-003   5.6210874187325515E-003   3.5718388434481121E-003   9.1299722692331545E-004   9.6625430658620504E-005
   9.5282331228536881E-005   9.0030650930591051E-004   3.5221900638019179E-003   5.5429539578300659E-003   3.5221900638019192E-003   9.0030650930590466E-004   9.5282331228536068E-005
   9.3815209425547022E-005   8.8644392542340132E-004   3.4679566947160563E-003   5.4576056198995292E-003   3.4679566947160606E-003   8.8644392542339904E-004   9.3815209425546602E-005
   9.2212634616203979E-005   8.7130146916841635E-004   3.4087161933850445E-003   5.3643774393162813E-003   3.4087161933850367E-003   8.7130146916841386E-004   9.2212634616203559E-005
   9.0475749863851829E-005   8.5488994115168703E-004   3.3445108140893911E-003   5.2633359126427592E-003   3.3445108140893963E-003   8.5488994115168508E-004   9.0475749863851951E-005
   8.8614842738594948E-005   8.3730654686986310E-004   3.2757208453540756E-003   5.1550795089412614E-003   3.2757208453540864E-003   8.3730654686986331E-004   8.8614842738594690E-005
   8.6646487658931543E-005   8.1870789517864411E-004   3.2029589742470651E-003   5.0405724283675256E-003   3.2029589742470694E-003   8.1870789517864270E-004   8.6646487658931069E-005
   8.4580972194963646E-005   7.9919119157467885E-004   3.1266054892933317E-003   4.9204131399838728E-003   3.1266054892933087E-003   7.9919119157467993E-004   8.4580972194963334E-005
   8.2408580308261948E-005   7.7866463086669209E-004   3.0463012291081421E-003   4.7940364230092116E-003   3.0463012291081274E-003   7.7866463086668797E-004   8.2408580308260986E-005
   8.0117309833704705E-005   7.5701480664192673E-004   2.9616025237457974E-003   4.6607440635376505E-003   2.9616025237457766E-003   7.5701480664192424E-004   8.0117309833704448E-005
   7.7705446176277228E-005   7.3422551798428028E-004   2.8724459917853851E-003   4.5204363167255009E-003   2.8724459917853881E-003   7.3422551798427670E-004   7.7705446176276740E-005
   7.5174703930994965E-005   7.1031296580985500E-004   2.7788950146478112E-003   4.3732129274164288E-003   2.7788950146478099E-003   7.1031296580985575E-004   7.5174703930994477E-005
   7.2520510844480083E-005   6.8523394767570900E-004   2.6807805752108284E-003   4.2188079093605901E-003   2.6807805752108254E-003   6.8523394767570781E-004   7.2520510844479297E-005
   6.9733722409973331E-005   6.5890205869592350E-004   2.5777646392300762E-003   4.0566892900581863E-003   2.5777646392300649E-003   6.5890205869592318E-004   6.9733722409972450E-005
   6.6805194120717163E-005   6.3123089398460259E-004   2.4695091724611044E-003   3.8863250970094750E-003   2.4695091724610970E-003   6.3123089398460204E-004   6.6805194120716810E-005
   6.3729210659988029E-005   6.0216645048804770E-004   2.3558029035011877E-003   3.7073828474021206E-003   2.3558029035011916E-003   6.0216645048804824E-004   6.3729210659987554E-005
   6.0502914369423816E-005   5.7168172667941932E-004   2.2365401966489631E-003   3.5196962998299470E-003   2.2365401966489584E-003   5.7168172667941672E-004   6.0502914369423599E-005
   5.7128591375714517E-005   5.3979832378018959E-004   2.1118055604655273E-003   3.3233984474178614E-003   2.1118055604655234E-003   5.3979832378018937E-004   5.7128591375714246E-005
   5.3613100058928072E-005   5.0658104545479323E-004   1.9818525206341574E-003   3.1188882695406825E-003   1.9818525206341565E-003   5.0658104545479160E-004   5.3613100058927801E-005
   4.9971300242546489E-005   4.7217029964281973E-004   1.8472303828020252E-003   2.9070302215105709E-003   1.8472303828020288E-003   4.7217029964281740E-004   4.9971300242546367E-005
   4.6226624725137453E-005   4.3678749886440514E-004   1.7088053597203985E-003   2.6891874828581333E-003   1.7088053597204013E-003   4.3678749886440395E-004   4.6226624725136993E-005
   4.2409936217008520E-005   4.0072425960948428E-004   1.5677183169641308E-003   2.4671554607700744E-003   1.5677183169641295E-003   4.0072425960948504E-004   4.2409936217008236E-005
   3.8556669681847724E-005   3.6431540081093927E-004   1.4252791372302558E-003   2.2429955486829678E-003   1.4252791372302595E-003   3.6431540081094117E-004   3.8556669681847467E-005
   3.4703974678359455E-005   3.2791194231776533E-004   1.2828610846366642E-003   2.0188688848770909E-003   1.2828610846366635E-003   3.2791194231776566E-004   3.4703974678359150E-005
   3.0893001486954335E-005   2.9190270611653728E-004   1.1419853132831417E-003   1.7971693456013784E-003   1.1419853132831391E-003   2.9190270611653636E-004   3.0893001486954173E-005
   2.7166614983060906E-005   2.5669271510993529E-004   1.0042363586903172E-003   1.5803905519484627E-003   1.0042363586903102E-003   2.5669271510993501E-004   2.7166614983060930E-005
   2.3570537700469649E-005   2.2271399372749076E-004   8.7130439208018184E-004   1.3711923664171584E-003   8.7130439208018033E-004   2.2271399372749090E-004   2.3570537700469432E-005
   2.0151635236314794E-005   1.9040936700947226E-004   7.4492183895529082E-004   1.1723011480687284E-003   7.4492183895528855E-004   1.9040936700947094E-004   2.0151635236314692E-005
   1.6953343997697178E-005   1.6018925816392828E-004   6.2669436197653828E-004   9.8624376627705801E-004   6.2669436197653784E-004   1.6018925816392858E-004   1.6953343997697063E-005
   1.4015099670010811E-005   1.3242628826133095E-004   5.1807973382290182E-004   8.1531435244735768E-004   5.1807973382290019E-004   1.3242628826133095E-004   1.4015099670010732E-005
   1.1367764963563965E-005   1.0741207379161039E-004   4.2021882006922366E-004   6.6130831376632986E-004   4.2021882006922269E-004   1.0741207379161017E-004   1.1367764963563889E-005
   9.0330580819069087E-006   8.5351826358793720E-005   3.3391445204595534E-004   5.2548908492090643E-004   3.3391445204595458E-004   8.5351826358793489E-005   9.0330580819068342E-006
   7.0206950634700888E-006   6.6337351154154608E-005   2.5952579113777447E-004   4.0842188669208690E-004   2.5952579113777403E-004   6.6337351154154866E-005   7.0206950634700287E-006
   5.3329620349429769E-006   5.0390249399171308E-005   1.9713734590577712E-004   3.1023971220480823E-004   1.9713734590577709E-004   5.0390249399171213E-005   5.3329620349429185E-006
   3.9572852995332694E-006   3.7391714375721814E-005   1.4628431926391627E-004   2.3021109927189945E-004   1.4628431926391619E-004   3.7391714375721909E-005   3.9572852995332440E-006
   2.8668028686393685E-006   2.7087931731458927E-005   1.0597373561926752E-004   1.6677337867530961E-004   1.0597373561926674E-004   2.7087931731458917E-005   2.8668028686393414E-006
   2.0289374369357626E-006   1.9171084060342739E-005   7.5001347976155847E-005   1.1803139838463907E-004   7.5001347976155834E-005   1.9171084060342715E-005   2.0289374369357393E-006
   1.4025387240113587E-006   1.3252349375797467E-005   5.1846002234784811E-005   8.1591282150959225E-005   5.1846002234784912E-005   1.3252349375797461E-005   1.4025387240113517E-006
