  0.58301099482342866       0.59199450823918465       0.60152707247287840       0.59835236504967670       0.56184082647085809       0.51330116723083929       0.51607043466428149     
  0.57621241563849901       0.58442608809659957       0.59414768108756832       0.59542183226598011       0.56866694384135563       0.53375174164936934       0.55190375426981020     
  0.57077524271314783       0.57816917246277921       0.58765347995784412       0.59200336314658342       0.57432413777822311       0.55273964978434442       0.58679074184562219     
  0.56642026431632431       0.57295013945827977       0.58200948891093651       0.58861588297841960       0.57938308651102632       0.57045096140473295       0.62034180699823560     
  0.56295001078943774       0.56860570529060162       0.57713877379738843       0.58544915190735225       0.58405071091944005       0.58632920424743307       0.65335272569821412     
  0.56021794408649739       0.56502715932375758       0.57296605433188441       0.58258288578935957       0.58838626506718694       0.60045423970089451       0.68567656637959840     
  0.55810976031234527       0.56212945989410423       0.56942103981956349       0.58004683883161090       0.59244356928448827       0.61384436320707580       0.71736561275289101     
  0.55654476257793395       0.55983625721854080       0.56644214537411808       0.57785029301804314       0.59618833983149033       0.62666713076422387       0.74812539914565190     
  0.55543079302064791       0.55806679638012346       0.56396390541989838       0.57597168278925814       0.59952072220102604       0.63907129572609611       0.77759663562474746     
  0.55466198810042844       0.55673645451251685       0.56191338661009826       0.57438363140936832       0.60239682499444169       0.65119083613126461       0.80542226822924379     
  0.55414366162018003       0.55575690659062504       0.56022407854847978       0.57305831900379423       0.60487020883764731       0.66308917723540128       0.83129390149467308     
  0.55379999253307077       0.55504435788652562       0.55889008727775158       0.57194419354773174       0.60692806505987462       0.67481041363110439       0.85497751242980391     
  0.55357683346989484       0.55453379459757457       0.55785702514748947       0.57102752924043620       0.60865000916007639       0.68638593586361696       0.87634237993278219     
  0.55343454814655957       0.55417170020772455       0.55706489672771342       0.57028713147671772       0.61011316804103655       0.69782454020946061       0.89534549393648566     
  0.55334595725488245       0.55392250364330553       0.55646842669026875       0.56970164607332641       0.61141579711556338       0.70913111628243386       0.91203404151438217     
  0.55329112082478760       0.55375353041158515       0.55602905613325038       0.56924971947706260       0.61262182595478143       0.72030666416636457       0.92652377043831591     
  0.55326725545346522       0.55364300586515958       0.55570896748609677       0.56891783618419622       0.61380967456765323       0.73134589845617781       0.93897709094655257     
  0.55326338980275624       0.55357329169521940       0.55547891410159433       0.56870459280747299       0.61502866160105152       0.74224109440416164       0.94958588235718056     
  0.55327254209538301       0.55353629652218661       0.55534618639312106       0.56859696651878078       0.61630883629782551       0.75298403326968921       0.95855410143953368     
  0.55329344486982601       0.55352748691625075       0.55530198290852439       0.56857939513138478       0.61766434266436543       0.76356208092094691       0.96608369028029506     
  0.55331275522283352       0.55353624346528152       0.55533367073486462       0.56865476293045580       0.61911334460194178       0.77396874276708882       0.97236871299047090     
  0.55334018305758836       0.55356137393585525       0.55542412327517166       0.56881806924128697       0.62066986729793561       0.78419454447012948       0.97758667168438607     
  0.55336662093813827       0.55360149872033271       0.55555468630750926       0.56906522572314822       0.62234049416533399       0.79422894798266430       0.98189728366589979     
  0.55339420016057594       0.55364920006620366       0.55571532957561764       0.56939925480522358       0.62413544812977928       0.80406648102190903       0.98544212114212926     
  0.55342513169738772       0.55370430908794921       0.55591480702345220       0.56980896881707532       0.62606476638414488       0.81370398236095376       0.98834456402863013     
  0.55345250768908438       0.55376489732605672       0.55615272013042827       0.57031524363862496       0.62813293196529574       0.82313484852849517       0.99071041576570784     
  0.55347398405069437       0.55382585014435182       0.55642676659997192       0.57087096329738574       0.63033781486706675       0.83234930850708988       0.99262983063665422     
  0.55348616819707497       0.55388300914539468       0.55671353155711745       0.57153150919704210       0.63267927910055932       0.84133734974459229       0.99417987578187939     
  0.55348412631841237       0.55393415517914424       0.55700414918008734       0.57226231355651824       0.63516226910020535       0.85009449528481029       0.99542593310474536     
  0.55346508235892766       0.55397751556832608       0.55729541738184052       0.57307905915299640       0.63779699083603292       0.85862014369472872       0.99642310876356366     
  0.55341899403302075       0.55400390288152856       0.55757024905111618       0.57401184887279688       0.64057360809154540       0.86690257997761533       0.99721696248254299     
  0.55333640255813166       0.55399760697804901       0.55781442348656030       0.57497753018812592       0.64348942069944437       0.87493981296482670       0.99784581986907372     
  0.55319940421974301       0.55394999935295564       0.55800609711888149       0.57597266789595991       0.64653390042763126       0.88271767388893241       0.99834129453911824     
  0.55298626040147736       0.55386625060934314       0.55812157167122634       0.57705440914319939       0.64969572266977738       0.89022926418780290       0.99872956871330598     
  0.55266990868809152       0.55371241586519682       0.55808987984762448       0.57810341342756433       0.65286944391088297       0.89746595408656304       0.99903211601231345     
  0.55222228688651076       0.55345185516134177       0.55788609353195839       0.57911136714461875       0.65619667477562593       0.90441969004591771       0.99926653331662540     
  0.55161345189850564       0.55298690551171459       0.55750899844321578       0.58013289570420090       0.65960826245703752       0.91108644713777553       0.99944713175231648     
  0.55080591481355479       0.55204415143984220       0.55684081097193683       0.58098954537010628       0.66298141268873034       0.91744562782483163       0.99958547971481460     
  0.54969868272626077       0.55053003455705585       0.55571657959974807       0.58165581185967563       0.66645412533603365       0.92347607545880595       0.99969082108350271     
  0.54765796336920958       0.54811449751164243       0.55403627833946767       0.58219553271824998       0.66994613340021214       0.92915099795938361       0.99977057120542512     
  0.54364042634384302       0.54460515436101331       0.55182030568790130       0.58234961680414299       0.67327403437853817       0.93443776619009422       0.99983059233684413     
  0.53787300493513879       0.54018218044753918       0.54886140134094674       0.58186655086039363       0.67639977656081773       0.93931577328750837       0.99987550352514420     
  0.53059359283861107       0.53433040161565004       0.54493916946934773       0.58100358097521443       0.67942615904613590       0.94375671263256755       0.99990892098663653     
  0.52143598149066739       0.52679481617537893       0.53999953315912730       0.57952029366537872       0.68217454143401868       0.94772122935691183       0.99993359690710626     
   1.0000000000000000        1.0000000000000000        1.0000000000000000        1.0000000000000000        1.0000000000000000        1.0000000000000000        1.0000000000000000     
   1.0000000000000000        1.0000000000000000        1.0000000000000000        1.0000000000000000        1.0000000000000000        1.0000000000000000        1.0000000000000000     
   1.0000000000000000        1.0000000000000000        1.0000000000000000        1.0000000000000000        1.0000000000000000        1.0000000000000000        1.0000000000000000     
   1.0000000000000000        1.0000000000000000        1.0000000000000000        1.0000000000000000        1.0000000000000000        1.0000000000000000        1.0000000000000000     
   1.0000000000000000        1.0000000000000000        1.0000000000000000        1.0000000000000000        1.0000000000000000        1.0000000000000000        1.0000000000000000     
   1.0000000000000000        1.0000000000000000        1.0000000000000000        1.0000000000000000        1.0000000000000000        1.0000000000000000        1.0000000000000000     
   1.0000000000000000        1.0000000000000000        1.0000000000000000        1.0000000000000000        1.0000000000000000        1.0000000000000000        1.0000000000000000     
   1.0000000000000000        1.0000000000000000        1.0000000000000000        1.0000000000000000        1.0000000000000000        1.0000000000000000        1.0000000000000000     
   1.0000000000000000        1.0000000000000000        1.0000000000000000        1.0000000000000000        1.0000000000000000        1.0000000000000000        1.0000000000000000     
   1.0000000000000000        1.0000000000000000        1.0000000000000000        1.0000000000000000        1.0000000000000000        1.0000000000000000        1.0000000000000000     
   1.0000000000000000        1.0000000000000000        1.0000000000000000        1.0000000000000000        1.0000000000000000        1.0000000000000000        1.0000000000000000     
   1.0000000000000000        1.0000000000000000        1.0000000000000000        1.0000000000000000        1.0000000000000000        1.0000000000000000        1.0000000000000000     
   1.0000000000000000        1.0000000000000000        1.0000000000000000        1.0000000000000000        1.0000000000000000        1.0000000000000000        1.0000000000000000     
   1.0000000000000000        1.0000000000000000        1.0000000000000000        1.0000000000000000        1.0000000000000000        1.0000000000000000        1.0000000000000000     
   1.0000000000000000        1.0000000000000000        1.0000000000000000        1.0000000000000000        1.0000000000000000        1.0000000000000000        1.0000000000000000     
   1.0000000000000000        1.0000000000000000        1.0000000000000000        1.0000000000000000        1.0000000000000000        1.0000000000000000        1.0000000000000000     
   1.0000000000000000        1.0000000000000000        1.0000000000000000        1.0000000000000000        1.0000000000000000        1.0000000000000000        1.0000000000000000     
   1.0000000000000000        1.0000000000000000        1.0000000000000000        1.0000000000000000        1.0000000000000000        1.0000000000000000        1.0000000000000000     
   1.0000000000000000        1.0000000000000000        1.0000000000000000        1.0000000000000000        1.0000000000000000        1.0000000000000000        1.0000000000000000     
   1.0000000000000000        1.0000000000000000        1.0000000000000000        1.0000000000000000        1.0000000000000000        1.0000000000000000        1.0000000000000000     
   1.0000000000000000        1.0000000000000000        1.0000000000000000        1.0000000000000000        1.0000000000000000        1.0000000000000000        1.0000000000000000     
   1.0000000000000000        1.0000000000000000        1.0000000000000000        1.0000000000000000        1.0000000000000000        1.0000000000000000        1.0000000000000000     
   1.0000000000000000        1.0000000000000000        1.0000000000000000        1.0000000000000000        1.0000000000000000        1.0000000000000000        1.0000000000000000     
   1.0000000000000000        1.0000000000000000        1.0000000000000000        1.0000000000000000        1.0000000000000000        1.0000000000000000        1.0000000000000000     
   1.0000000000000000        1.0000000000000000        1.0000000000000000        1.0000000000000000        1.0000000000000000        1.0000000000000000        1.0000000000000000     
   1.0000000000000000        1.0000000000000000        1.0000000000000000        1.0000000000000000        1.0000000000000000        1.0000000000000000        1.0000000000000000     
   1.0000000000000000        1.0000000000000000        1.0000000000000000        1.0000000000000000        1.0000000000000000        1.0000000000000000        1.0000000000000000     
   1.0000000000000000        1.0000000000000000        1.0000000000000000        1.0000000000000000        1.0000000000000000        1.0000000000000000        1.0000000000000000     
   1.0000000000000000        1.0000000000000000        1.0000000000000000        1.0000000000000000        1.0000000000000000        1.0000000000000000        1.0000000000000000     
   1.0000000000000000        1.0000000000000000        1.0000000000000000        1.0000000000000000        1.0000000000000000        1.0000000000000000        1.0000000000000000     
   1.0000000000000000        1.0000000000000000        1.0000000000000000        1.0000000000000000        1.0000000000000000        1.0000000000000000        1.0000000000000000     
   1.0000000000000000        1.0000000000000000        1.0000000000000000        1.0000000000000000        1.0000000000000000        1.0000000000000000        1.0000000000000000     
   1.0000000000000000        1.0000000000000000        1.0000000000000000        1.0000000000000000        1.0000000000000000        1.0000000000000000        1.0000000000000000     
   1.0000000000000000        1.0000000000000000        1.0000000000000000        1.0000000000000000        1.0000000000000000        1.0000000000000000        1.0000000000000000     
   1.0000000000000000        1.0000000000000000        1.0000000000000000        1.0000000000000000        1.0000000000000000        1.0000000000000000        1.0000000000000000     
   1.0000000000000000        1.0000000000000000        1.0000000000000000        1.0000000000000000        1.0000000000000000        1.0000000000000000        1.0000000000000000     
   1.0000000000000000        1.0000000000000000        1.0000000000000000        1.0000000000000000        1.0000000000000000        1.0000000000000000        1.0000000000000000     
