   2.2278011006422482        2.1728728813603997        2.0881048224899041        2.0398022040461723        2.0017535884403825        4.7991758098148409        18.683468195990102     
   2.2401304931386217        2.1926566582509888        2.1167747073123118        2.0718000803367693        1.9989730771214322        4.7573729233796760        18.767105771692592     
   2.2472474086812788        2.2065154873811257        2.1394096216913523        2.0981844179876519        1.9800468458651852        4.6283486221592955        18.595967359955136     
   2.2501896209806693        2.2154805208584616        2.1567831732092353        2.1194700395420836        1.9473745616075528        4.4316996201518295        18.256600042856974     
   2.2497645809452975        2.2203674940006324        2.1695395324663367        2.1359408791707191        1.9012127490609549        4.1817078237793446        17.853112825118615     
   2.2465884748150211        2.2218249450260781        2.1782121350541810        2.1477779982058940        1.8422128693937505        3.8964210868050859        17.474763981265390     
   2.2411253383872589        2.2203655794955268        2.1832457990338279        2.1551580797969372        1.7716383060106091        3.6123028618939026        17.148534808181921     
   2.2337061173863648        2.2163692429771369        2.1849935989230191        2.1582845571606510        1.6917681270017852        3.3537968940240268        16.847003728860358     
   2.2245694357982937        2.2101204532304641        2.1837431260738738        2.1573343820157573        1.6049504768758951        3.1308592473782153        16.550938258852135     
   2.2138793642471093        2.2018311344306403        2.1797367449688849        2.1524610969131333        1.5132803784814706        2.9373290030235424        16.249358568803853     
   2.2017444545277769        2.1916566278236687        2.1731802959685771        2.1438041139518162        1.4182286298235851        2.7660046190035961        15.941274098068716     
   2.1882233999320593        2.1797079321883244        2.1642467989294407        2.1314848057225944        1.3208058239343137        2.6116817134107349        15.627758054483090     
   2.1733394472759238        2.1660681055292561        2.1530767052979494        2.1156234427988752        1.2221067156232079        2.4706881754684602        15.310398940961994     
   2.1571018185728121        2.1507902792940814        2.1397700324252016        2.0963731939452788        1.1232038992831399        2.3403559450330076        14.990842843909205     
   2.1394981180516801        2.1339048548410973        2.1244196412248035        2.0738803652005311        1.0250459822050468        2.2187797967936889        14.670566319441642     
   2.1204948748280037        2.1154162111880863        2.1070763040146230        2.0483053640100497       0.92855820021837054        2.1046277235405819        14.350828158650025     
   2.1000363235847641        2.0953024406129259        2.0877825252969009        2.0198377676966563       0.83463586727034611        1.9969639583725292        14.032663584227903     
   2.0780554817449262        2.0735242904784110        2.0665573236916734        1.9886901226169629       0.74410236449432343        1.8951590151008360        13.716906387956330     
   2.0544682765806779        2.0500250651205221        2.0433884495899606        1.9551381004124908       0.65759988305710060        1.7987571154689528        13.404214735925910     
   2.0291767021136340        2.0247185237106673        2.0182291175713520        1.9194601050739999       0.57575000311920199        1.7074293356342285        13.095101041190810     
   2.0020681647915208        1.9975047127117722        1.9910184936653690        1.8819282562407458       0.49905509210294341        1.6209363317192338        12.789950810771749     
   1.9730265233629638        1.9682685728513305        1.9616677778554694        1.8428043290137839       0.42788666346347887        1.5390945206952082        12.489056522047399     
   1.9419146573410011        1.9368766960826898        1.9300642249281990        1.8022452007635650       0.36253911953639667        1.4617820627764659        12.192640048947462     
   1.9085663182168275        1.9032012079496115        1.8960536237364163        1.7603384585994921       0.30321179728374387        1.3888973226304548        11.900862457079636     
   1.8728018558960569        1.8670822098471984        1.8594797985858902        1.7171104819343612       0.25006705965903753        1.3203595238393031        11.613846803861721     
   1.8343978649713375        1.8283405793171694        1.8201516476239001        1.6725202968548387       0.20318202975814592        1.2561024869805362        11.331694266295372     
   1.7931138643068378        1.7867737284144136        1.7778557723461772        1.6264296631417010       0.16251841406614850        1.1960633401569518        11.054483267385761     
   1.7486788346183422        1.7421513146223717        1.7323587468368973        1.5787167670199966       0.12802146278840595        1.1401846768990151        10.782272950649965     
   1.7007938862009611        1.6942031320202811        1.6834068199222538        1.5292908242012591        9.9623121340548709E-002   1.0884034237026408        10.515106185449842     
   1.6491206524483435        1.6426176642347778        1.6306981596433809        1.4780307909091999        7.7218538402693618E-002   1.0406525372640478        10.253025107286273     
   1.5933011390332383        1.5870499194873766        1.5738746072286596        1.4247467312062623        6.0714555834110666E-002  0.99686267792213390        9.9960848675750587     
   1.5329425611205387        1.5271029199185369        1.5125423813037757        1.3692140469636185        4.9991466940947971E-002  0.95695397144011141        9.7443318638868188     
   1.4675982337526883        1.4623152260890446        1.4462877131557954        1.3111715417774306        4.4877901645823323E-002  0.92082337365471856        9.4978211234718781     
   1.3967556341156033        1.3921401218808307        1.3746397113834212        1.2503128445524483        4.5181637147740761E-002  0.88835650616723116        9.2566011598807965     
   1.3198010425995683        1.3159364207354072        1.2970520541970665        1.1862092367926680        5.0731002127299731E-002  0.85942510785010962        9.0207280813664905     
   1.2359986315189488        1.2329101373621947        1.2129432105627762        1.1183554828250015        6.1631534976718402E-002  0.83388381648251131        8.7902624471740047     
   1.1444442489397058        1.1421743409468856        1.1216862941697847        1.0459814746720402        7.7427993632903092E-002  0.81158221732639479        8.5652764268836332     
   1.0440521792224478        1.0427217459019598        1.0224768489521363       0.96817004907445514        9.7303771401434855E-002  0.79236959291951947        8.3458447225508650     
  0.93357474809291219       0.93333127451420361       0.91402053301086705       0.88386706678787652       0.11984982967497680       0.77609440547371322        8.1320499481391124     
  0.81161879262888770       0.81227960213481931       0.79514442798772855       0.79179891078160181       0.14368429264339294       0.76261944219169864        7.9239901649282736     
  0.67638622494548573       0.67746627592077169       0.66482429573314328       0.69033517012839651       0.16783026695695588       0.75175471823047790        7.7218001774215912     
  0.52427052095800519       0.52627641588958018       0.52122660006145116       0.57758274332443660       0.19123852412850095       0.74328905750041241        7.5256548989870895     
  0.35165027832471923       0.35601676896738949       0.36140034035124668       0.45128156563155036       0.21372983535685899       0.73684740385502734        7.3357581762187385     
  0.15493821481547587       0.16345289370779079       0.18285506977692309       0.30797186438079671       0.23555610664681603       0.73198210666119912        7.1523683533885114     
  -6.8626253881969190E-002  -5.5527819460936351E-002  -1.9836159884870322E-002  0.14532370075135920       0.26065598327975475       0.72878202684265214        6.9758012687283371     
  -4.0549167749140747E-002  -2.7117116585011963E-002   1.2187689381163609E-002  0.18733216446100939       0.39672036677738004       0.74261391850729441        6.8065180702849366     
  -2.1234386886849015E-002  -8.3438657058014110E-003   3.2719800917556316E-002  0.21790601129786100       0.52718891484097630       0.75893843939314631        6.6415363831191963     
  -1.0534250756067195E-002   1.9635704739786484E-003   4.3734188453544827E-002  0.23804228419854731       0.64991792643302759       0.77773154001417044        6.4806398257436282     
  -3.9899101830074210E-003   7.0054151300376405E-003   4.7573242564584818E-002  0.24824713361858602       0.76333937589353584       0.79898242572089828        6.3236078089531436     
  -9.4592766808735559E-005   9.0779132632582780E-003   4.6506334551706302E-002  0.24910290002281965       0.86494130397466329       0.82269912899330955        6.1702824290663285     
   1.6765596029582844E-003   9.2903501460901133E-003   4.2458023127858263E-002  0.24151697170813771       0.95316806827036404       0.84894129107531258        6.0206345385107314     
   2.1588680127689226E-003   8.2959573328020772E-003   3.6820795457824414E-002  0.22677488553254180        1.0266171754678965       0.87782834216001981        5.8747581558062949     
   1.9578372761725237E-003   6.7032615532061817E-003   3.0485308290633995E-002  0.20644298093715197        1.0839986648089270       0.90959173632302803        5.7327309344991741     
   1.5039397410833758E-003   5.0041056600517624E-003   2.4086105735709365E-002  0.18228025667818989        1.1249543884600306       0.94455788157059095        5.5946243389216619     
   1.0367758506579839E-003   3.4964136327761920E-003   1.8136935124814724E-002  0.15610287989388147        1.1497228183418613       0.98306574198736407        5.4606078673273188     
   6.6454854617779640E-004   2.3037777782688906E-003   1.3007529491826745E-002  0.12959516736536544        1.1545089428755411        1.0256313095548082        5.3309770110143226     
   4.0883731552048729E-004   1.4432528018899131E-003   8.8799835906335917E-003  0.10416363237069273        1.1374593766155496        1.0729692035498806        5.2060212017072951     
   2.5569879469549192E-004   8.7122889076164342E-004   5.7720925107524971E-003   8.0911039749571520E-002   1.0983771923793832        1.1260096921395564        5.0859203858192972     
   1.7705692903597291E-004   5.2626578647261397E-004   3.5783317141747407E-003   6.0512168482011734E-002   1.0378543039736472        1.1859591208604574        4.9707745029590420     
   1.4334665966503956E-004   3.4136058794245180E-004   2.1326680352042192E-003   4.3222820183550580E-002  0.95751006049773923        1.2543456616849269        4.8606371043165710     
   1.3157616080108491E-004   2.5598077725600473E-004   1.2497567343161679E-003   2.9386815693715800E-002  0.86016118575837797        1.3327170100810966        4.7555070983627514     
   1.2838588205954339E-004   2.2330267576664215E-004   7.5841779819696279E-004   1.8901128241748649E-002  0.74978092435714627        1.4228452428934943        4.6553246109591537     
   1.2782527528546397E-004   2.1354549014277133E-004   5.1538472900079096E-004   1.1502855094768904E-002  0.63138461105017041        1.5263754113481880        4.5599322534081850     
   1.2785104780902996E-004   2.1174140459561086E-004   4.1184533910764652E-004   6.7515683469788687E-003  0.51083968092543341        1.6440439911303106        4.4690897499394602     
   1.2793378280687062E-004   2.1191464086795024E-004   3.7508527169650334E-004   3.8839025862137636E-003  0.39471004567546014        1.7750676906434504        4.3824869000354827     
   1.2798259655716137E-004   2.1226524177014977E-004   3.6436140725789771E-004   2.3003292589746718E-003  0.28955986931140987        1.9166731146518103        4.2997653402870064     
   1.2799987528717819E-004   2.1244023152594318E-004   3.6132779196250945E-004   1.4933213101164374E-003  0.20062155860279277        2.0633515128086128        4.2205154046647593     
   1.2799973712862019E-004   2.1245262987963946E-004   3.5964508746993111E-004   1.1033768774506170E-003  0.13020446459718901        2.2027503738218561        4.1442278155346211     
   1.2799354041043100E-004   2.1237783487352844E-004   3.5788109941754852E-004   9.0994679008921781E-004   7.8980092549051611E-002   2.3138664533776216        4.0702927964320983     
   1.2798759781663417E-004   2.1228318036152518E-004   3.5602523730296032E-004   7.9972036458419787E-004   4.5036921345015600E-002   2.3716630068512239        3.9978577950935290     
   1.2798387229405732E-004   2.1220816587175638E-004   3.5434922821925269E-004   7.2542415942035128E-004   2.4982265493499980E-002   2.3475848045028878        3.9255769883890337     
   1.2798204182973188E-004   2.1216315524901804E-004   3.5307698717536117E-004   6.7167544538850640E-004   1.4011784594121057E-002   2.2123994528130835        3.8516802289939607     
   1.2798126125050774E-004   2.1214156906339713E-004   3.5227631918511676E-004   6.3374964919682875E-004   8.3066004941516579E-003   1.9482482308947189        3.7737148860367502     
   1.2798089532882711E-004   2.1213309187121683E-004   3.5186041519045407E-004   6.0894606946064250E-004   5.2407639464059456E-003   1.5770695053117789        3.6885968220927396     
   1.2798059960078065E-004   2.1213023326091055E-004   3.5168358481078415E-004   5.9448317763752603E-004   3.4288604190379200E-003   1.1592852281642549        3.5927425474282657     
   1.2798020128896432E-004   2.1212904791803768E-004   3.5162350145952930E-004   5.8720345994442576E-004   2.2937731044846135E-003  0.76716528562675490        3.4826969269090968     
   1.2797956534828461E-004   2.1212791372974551E-004   3.5160699934674394E-004   5.8413738168143763E-004   1.6074304583048780E-003  0.45623133916816261        3.3567608458171723     
   1.2797847347423652E-004   2.1212609603744832E-004   3.5160143947230365E-004   5.8309801550523706E-004   1.2364869368482207E-003  0.24758380494745719        3.2203745739327241     
   1.2797642216435048E-004   2.1212269629824291E-004   3.5159551626271027E-004   5.8282452886306338E-004   1.0642026519841487E-003  0.12806576867176972        3.0972148330985649     
   1.2797189828801870E-004   2.1211520064846279E-004   3.5158308077186694E-004   5.8275669388669097E-004   9.9665157364686014E-004   6.6288460090723839E-002   3.0269889601001778     
   1.2795732974613336E-004   2.1209106348108877E-004   3.5154311218151593E-004   5.8268470696051485E-004   9.7400764815286313E-004   3.3608295751705188E-002   3.0079052573783462     
