   2.3309130732340080     
   2.3486014396508637     
   2.3513450174311692     
   2.3419525435472095     
   2.3223676624656040     
   2.2946875003027993     
   2.2618548051730545     
   2.2259387944031066     
   2.1881518195312970     
   2.1486789016596362     
   2.1075372176863407     
   2.0647517301341227     
   2.0204554847612450     
   1.9748393551770715     
   1.9281043776087174     
   1.8804733660441371     
   1.8321922384164129     
   1.7835090461191694     
   1.7346529021450872     
   1.6858456005354605     
   1.6372781102707901     
   1.5891009755178098     
   1.5414025227939185     
   1.4942127489892014     
   1.4475279458377854     
   1.4012890493926089     
   1.3553652367802183     
   1.3096214140964131     
   1.2639230599265474     
   1.2181005821165163     
   1.1719451588729679     
   1.1252156231037287     
   1.0776338739943960     
   1.0288793565537990     
  0.97856443558027428     
  0.92631958937340619     
  0.87152106859689205     
  0.81335038268930993     
  0.75066121096611227     
  0.68222870100347466     
  0.60679715290866065     
  0.52275334933253392     
  0.42826989186680237     
  0.32124134425206402     
  0.20015778709459273     
  0.25842618460592043     
  0.30774820935607039     
  0.34853237526747194     
  0.38138288143643667     
  0.40661365050289772     
  0.42473424267631099     
  0.43628480980695167     
  0.44182076221570493     
  0.44213148580085310     
  0.43813125525409635     
  0.42967505543971840     
  0.41694109382069999     
  0.40036121961462112     
  0.38038067972819406     
  0.35753824911491100     
  0.33269208176569293     
  0.30682765551785152     
  0.28112079463115985     
  0.25683830758094051     
  0.23520746242337986     
  0.21740265121542185     
  0.20414773377063425     
  0.19509626761207127     
  0.18902523635488461     
  0.18387799865889079     
  0.17704472590792458     
  0.16554205145671921     
  0.14732664019087519     
  0.12309767274455063     
   9.6227317909973950E-002
   7.1015409933520943E-002
   5.0823374720838019E-002
   3.6956784327533458E-002
   2.8729183786486562E-002
   2.4438749093342083E-002
   2.2290325167045138E-002
