  0.98903966517976383       0.97958267702413016       0.96182793838624925       0.92651522241075635       0.82902766936337824       0.94009285317639113       0.99999159882961186     
  0.99166663900449414       0.98362059619021736       0.96722178779052148       0.93174961489276054       0.83018556800518628       0.93795079400004799       0.99999001440841107     
  0.99362072073386598       0.98674401263827494       0.97155409715217167       0.93647080471568500       0.83012011184631795       0.93603859881718154       0.99999082327834066     
  0.99509382733935658       0.98920158774103650       0.97526906557242110       0.94070981977942847       0.82869235969860311       0.93370199013390232       0.99998924898870734     
  0.99632075876513304       0.99115231139679794       0.97841098018991013       0.94403428259661670       0.82233764344227023       0.93296664693823339       0.99998756463885319     
  0.99714226251481142       0.99270604143475349       0.98072037194421791       0.94672876912632475       0.81225234761908183       0.93066780037901953       0.99998578290872764     
  0.99775760831937577       0.99394906965634477       0.98301257637651773       0.94881498140295883       0.78784681881408503       0.92785775737303178       0.99998391500474504     
  0.99822165613621694       0.99494881856024886       0.98498110583894460       0.95009218430152120       0.76854529550702388       0.92484008698684261       0.99998197048601045     
  0.99857411437337296       0.99575729742308139       0.98658104782904865       0.95027603727432852       0.74502826425332602       0.92165355638362323       0.99998351858948897     
  0.99884314007183750       0.99641457774451736       0.98777502149337060       0.95059710914008810       0.72675290639023427       0.91812355383348987       0.99998168175767266     
  0.99904785174134614       0.99694645718793073       0.98865103435652602       0.95056084984038736       0.70848241816233570       0.91775612406588525       0.99997978764452533     
  0.99921063140573518       0.99738650426342701       0.98895394075169130       0.94740287098157849       0.69005110016398874       0.91370692762098726       0.99997783807553309     
  0.99933881157555704       0.99773856140345563       0.98759932381589344       0.94673710169758751       0.67165921857389554       0.91006967233729863       0.99997583148418534     
  0.99944073700247926       0.99798875187757119       0.98655973343816616       0.94369222064984914       0.65337382683196343       0.90574947194910271       0.99997803810359409     
  0.99952257808963074       0.99816052909601816       0.98595559536013100       0.94203614891123222       0.63538776570880218       0.90316075978085342       0.99997617744041756     
  0.99958661960711004       0.99811722343018605       0.98473200828098295       0.94036329654130990       0.61806406972829009       0.90329309285471493       0.99997426324315297     
  0.99961633320473509       0.99801223193961419       0.98326419564195411       0.93808059996625126       0.60972388873654837       0.90033144199978588       0.99997228930172055     
  0.99966010860758836       0.99781015022952357       0.98075846915583087       0.93316373586490842       0.59319332929178337       0.89722698182434368       0.99997502776930136     
  0.99963272936278613       0.99737851037445946       0.97968784100500894       0.92363509294245705       0.57671368166812342       0.89024950211495923       0.99997323423427598     
  0.99959213409204906       0.99446217024237848       0.97811704909868769       0.91865295055546370       0.56025730991584743       0.88215974641865103       0.99997138831495092     
  0.99914150356854503       0.99364460997569637       0.97659554896723000       0.89733978497153100       0.54381905490159999       0.87327735794107242       0.99996948371310979     
  0.99885200603524615       0.99124785017827444       0.97455384272635404       0.88902252102412549       0.52635142957996039       0.86943658269780377       0.99997283398540837     
  0.99842964002783419       0.98807947862560264       0.97236029127220469       0.88131362727382423       0.51231054220822181       0.86051429388612233       0.99997116549428289     
  0.99540063254169187       0.98653399858001545       0.96948227793254727       0.86606345509317961       0.50057108766272695       0.85677413712931716       0.99996945308958407     
  0.99466421978355479       0.98555888995829011       0.96606314937928461       0.85913331685727745       0.48473613484910982       0.84646352457432306       0.99996768917005285     
  0.99291357256604185       0.98419986091710265       0.96437592487772661       0.85241037685219900       0.46968108606399456       0.83775053227557339       0.99997172758561270     
  0.98913035563450569       0.98200653698516671       0.96199634273016932       0.84647705065085621       0.45529962482200442       0.83889770802417640       0.99997026055622573     
  0.98777223329189712       0.97881207353769217       0.95922354711965696       0.83794678386137089       0.44224151768537218       0.82899671952787801       0.99996874793901269     
  0.98649245959776866       0.97772306317452651       0.95743714658667611       0.83233368816171482       0.42999949868373155       0.83105381948678259       0.99997313047487824     
  0.98456104711672920       0.97595042555771783       0.95594379872499669       0.82712787113166097       0.41913346389531775       0.82785084630412964       0.99997191914295858     
  0.98110435611192892       0.97266698364418736       0.95202995800409773       0.82209770794853443       0.40939635446659983       0.82354190919274972       0.99997062752936394     
  0.97942183048435072       0.96889830300203827       0.94943822705144709       0.81724703486848471       0.41500731798754964       0.81564461712770997       0.99997083701268807     
  0.97835402893708590       0.96769106491955559       0.94716766589306745       0.81288004788043755       0.44505209991020622       0.81522543961432681       0.99997426546202683     
  0.97319776828713034       0.96436671888191772       0.94435298010813362       0.79991954237124230       0.45064597801960904       0.80821723372378906       0.99997310805761452     
  0.97220641241065175       0.96290838928502320       0.92749641627682733       0.79532433280958170       0.45023493982768559       0.80231554707725561       0.99997177132988724     
  0.96833878106552806       0.95879020399669090       0.92241226247210373       0.78339729859059415       0.44736410982604685       0.79917364197849161       0.99997717811234721     
  0.96592243604596328       0.95355156399694629       0.91730355169278577       0.77992822240089965       0.44540456015410246       0.79484616837738209       0.99997623336005281     
  0.96031335660711059       0.95043566892821763       0.91023837996784696       0.77667811600709780       0.44502347262854308       0.80246837084924461       0.99997521408541279     
  0.95729731858191425       0.94739903992781249       0.90217989466471671       0.77346025160149112       0.44603558252314096       0.80072541524281160       0.99998095889774774     
  0.95452415055077777       0.94270022442502222       0.88602813345206410       0.76969426193615320       0.44864150021971683       0.81571188744496781       0.99998056396616730     
  0.94381855408497006       0.92138590288046451       0.87811985735598319       0.76606447161122659       0.45664258776345729       0.82966369997178946       0.99998030668648286     
  0.93035213742966483       0.91258987670885994       0.86949960752284905       0.76456514647722895       0.45657506845614737       0.84191098184259783       0.99998602247377510     
  0.91498470583738001       0.90113136241994163       0.86277619261889882       0.75990688310714483       0.45822391576437316       0.84547212558480123       0.99998641584189685     
  0.91447924856501339       0.89390392827385157       0.85016808606084804       0.77258134201625717       0.47512929345294341       0.85004925066541148       0.99999100484272496     
  0.89805929234744586       0.87333212698771989       0.87333586994634371       0.76616302823373050       0.48638212900167677       0.85579984957836308       0.99999165866985462     
  0.92500664953202338       0.90355174035580610       0.90159816995209019       0.79319169209839757       0.50838470216460907       0.85882233092830029       0.99999241741326206     
  0.95238580119463956       0.93262145176058842       0.92533425268159031       0.82078268232309359       0.53227000311554273       0.86262170981987218       0.99999554077988673     
  0.96712049076434525       0.95335029418537331       0.94448188830423185       0.84798299921004017       0.55788996211762665       0.86718366297618510       0.99999622486974993     
  0.97719760755255414       0.96730235875159998       0.95929420771242702       0.87370872937458055       0.58511225375828968       0.87247952039874022       0.99999691248601486     
  0.98550835429110772       0.97751164772520560       0.97060737168223854       0.89724208733305943       0.61381832200700714       0.87846669753718476       0.99999847327720515     
  0.99125966276487676       0.98521509557367914       0.97927905014433370       0.91814482031811140       0.64389236907571246       0.88509064134812965       0.99999888127177339     
  0.99520261251243114       0.99086268105930486       0.98531902970876384       0.93619609393407166       0.67527551960101106       0.92400273800958532       0.99999922728950663     
  0.99765138484169624       0.99476619353031226       0.99034723959422499       0.95137177156836139       0.75324981176602923       0.92929756199450753       0.99999970846618791     
  0.99898021301337159       0.99726328546188647       0.99301762012232198       0.96381507380392317       0.81783141497863943       0.93475956286810080       0.99999983315752317     
  0.99958498731579948       0.99871065142495719       0.99523630551422437       0.97378151928328216       0.84471273925807444       0.94029271480924981       0.99999995369956740     
  0.99984339162321878       0.99944166362945297       0.99725188596489533       0.98157368292174885       0.87037425001639102       0.94579799862733505       0.99999998020348968     
  0.99994853619558899       0.99977806734508090       0.99850332527035357       0.98749752389264356       0.89434105670771025       0.95117665444555333       0.99999999261546235     
  0.99998605450710576       0.99991697549072134       0.99918289356596357       0.99184409921152117       0.91612249965793291       0.95633679693715645       0.99999999892153235     
  0.99999652299880815       0.99996965540390403       0.99960839852234373       0.99489166235604154       0.93530371371417664       0.96120290504485117       0.99999999974225273     
  0.99999875509968295       0.99998730596746677       0.99982046561748317       0.99690886443342486       0.95159819315756622       0.97266002220858505       0.99999999998316014     
  0.99999926575414622       0.99999294474427447       0.99990486605618378       0.99815987720204136       0.96488910124767036       0.97570820689182158       0.99999999999828859     
  0.99999950264488535       0.99999526345666334       0.99994037072424846       0.99888107967971229       0.97525214600043053       0.97866877983804734       0.99999999999990785     
  0.99999967029638293       0.99999669813658687       0.99995845828333352       0.99928454083869300       0.98294636181307538       0.98158615521487069        1.0000000000000009     
  0.99999979470536371       0.99999776034649790       0.99997028267708576       0.99951698879314554       0.98838039367928410       0.98449736640795726       0.99999999999999711     
  0.99999988338235624       0.99999856257674280       0.99997950662517610       0.99966551220631050       0.99205055651797902       0.98741021781194016        1.0000000000000016     
  0.99999994177596541       0.99999915156356189       0.99998638632330061       0.99977067972444966       0.99446301707566787       0.99028661170479126       0.99999999999999845     
  0.99999997565214549       0.99999955661950746       0.99999146821695717       0.99984819588664864       0.99608532625188839       0.99309756457032239        1.0000000000000016     
  0.99999999196225575       0.99999980489357654       0.99999509322464797       0.99990387064991304       0.99726689962746395       0.99549537589037518        1.0000000000000000     
  0.99999999803828998       0.99999993194349124       0.99999752187014945       0.99994238339063590       0.99818570032406562       0.99762235571646418       0.99999999999999989     
  0.99999999967141495       0.99999998242495214       0.99999896375591102       0.99996796677546518       0.99888413395729791       0.99858598591886916        1.0000000000000000     
  0.99999999996503075       0.99999999688326957       0.99999966571493981       0.99998415976753197       0.99936951620292247       0.99945175068881931       0.99999999999999944     
  0.99999999999782485       0.99999999965082875       0.99999992321538844       0.99999344300173243       0.99967187914660893       0.99961610868083672        1.0000000000000036     
  0.99999999999992772       0.99999999997741029       0.99999998848716054       0.99999786997043749       0.99984884756358816       0.99984271132313218        1.0000000000000024     
  0.99999999999999911       0.99999999999924316       0.99999999898264735       0.99999948132700545       0.99996168404535768       0.99998252201435023       0.99999999999999956     
  0.99999999999999922       0.99999999999998823       0.99999999995354494       0.99999990624544866       0.99998784806900853       0.99999538713977232       0.99999999999999833     
   1.0000000000000002        1.0000000000000002       0.99999999999908262       0.99999999013553398       0.99999824082523137       0.99999983391458291       0.99999999999999922     
  0.99999999999999933       0.99999999999999989       0.99999999999999400       0.99999999961681141       0.99999986512663364       0.99999999502505121       0.99999999999999989     
  0.99999999999999956        1.0000000000000004       0.99999999999999867       0.99999999999233014       0.99999994013594129       0.99999999998799460        1.0000000000000004     
  0.99999999999999944       0.99999999999999933       0.99999999999999978       0.99999999999999545       0.99999999998941469       0.99999999999999989       0.99999999999999867     
  0.99999999999999911       0.99999999999999933        1.0000000000000004       0.99999999999999989       0.99999999999999944        1.0000000000000004       0.99999999999999745     
   1.0000000000000000        1.0000000000000000       0.99999999999999978        1.0000000000000002        1.0000000000000004       0.99999999999999978        1.0000000000000002     
