   3.1035011217274882        3.0291688622846911        2.9883467119863472        2.8076517779110621        3.8939677071444114        8.5912679836349124        20.291807481944289     
   3.1128155872032419        3.0426541312640292        3.0055766690765959        2.8196118548204816        3.8744465704461759        8.5231813764033184        20.230778877694853     
   3.1177914447673758        3.0518541387931588        3.0188563730698106        2.8258994019898198        3.8438454480721660        8.4307220096630697        20.116428619088918     
   3.1186751551880523        3.0569947806971878        3.0281009123275533        2.8267279165556465        3.8036345844749642        8.3184767616795074        19.960063672655895     
   3.1157234216566896        3.0582357078721540        3.0333100139760756        2.8221757726981078        3.7544074854443545        8.1871629549102956        19.765699426396935     
   3.1091397135654204        3.0556847177345756        3.0344618780376349        2.8122419680911475        3.6966659538250330        8.0388611027353747        19.538339627087257     
   3.0990962615984916        3.0494569495024568        3.0315477887977811        2.7969258834982562        3.6308473312283454        7.8760914785740548        19.284708380804446     
   3.0857459719055225        3.0396432270265064        3.0246122821088792        2.7763340331875375        3.5578019056409054        7.7016674921521195        19.013088480743512     
   3.0691939876562335        3.0262831687570784        3.0136512187480911        2.7507165607607322        3.4786831968383809        7.5199265483786197        18.734529363598920     
   3.0495285259549059        3.0093944556429921        2.9986774466585207        2.7204861082436906        3.3947470252061729        7.3339047561799813        18.458535187827763     
   3.0267703161122292        2.9890468219808590        2.9797238581253152        2.6861302367326094        3.3071831176690845        7.1472582002582259        18.189744936651241     
   3.0009883397353936        2.9652685301267105        2.9568500448866555        2.6481644418093166        3.2170707508241088        6.9629995265187103        17.931246446649553     
   2.9721914951180008        2.9381370220494545        2.9301364225256776        2.6070596406582829        3.1253533093156101        6.7822828502124297        17.683384891857823     
   2.9404007412014739        2.9077106016966492        2.8996732384258959        2.5632997291347945        3.0328897437727167        6.6076415522323515        17.444709221542816     
   2.9055088650195526        2.8740453995801372        2.8656105940419314        2.5174373662133944        2.9404821225457827        6.4391073548112949        17.213839849776498     
   2.8675913216927436        2.8372391217280954        2.8281579978356293        2.4698457993637470        2.8488245446378140        6.2776078589297954        16.989479824522096     
   2.8266732095210449        2.7972033913336589        2.7876103464585595        2.4207772785846262        2.7585429693730887        6.1227687804621631        16.769376145618452     
   2.7827991550776376        2.7541446062145805        2.7441842949263657        2.3703712483237216        2.6701983718003213        5.9747903171465984        16.552402818906504     
   2.7359571601421311        2.7081767127608702        2.6980892412234359        2.3187868823074496        2.5842751368981736        5.8330343161328964        16.337118414030211     
   2.6862746431403965        2.6594159418110257        2.6495231602302831        2.2662300532124502        2.5011857192400906        5.6973749913666385        16.121144831214121     
   2.6338246280179489        2.6079562882564815        2.5986643343431801        2.2128623508072636        2.4212487885960687        5.5671120894267752        15.903893446101584     
   2.5786497286054781        2.5538876432667945        2.5456556363944132        2.1588626023793305        2.3447056637663408        5.4420071821712117        15.684651002369412     
   2.5208139310668143        2.4972816298227607        2.4905891237767528        2.1043632543205373        2.2717118187225669        5.3214096814948491        15.463057511765527     
   2.4603246511777255        2.4381742771522328        2.4335087667891511        2.0494483424694008        2.2023537371226931        5.2050303134484173        15.238056237239823     
   2.3971658823662625        2.3765707738268151        2.3744125639552069        1.9941777141542318        2.1366502784165422        5.0922485901331997        15.009560713364653     
   2.3312828102289540        2.3124513228679127        2.3132482285497060        1.9385656349083396        2.0745480671242005        4.9828702389533301        14.776259692744357     
   2.2625763438657609        2.2457228535205895        2.2499182589444575        1.8825855238183691        2.0159292283463466        4.8762993789062010        14.533417272326304     
   2.1908957955150390        2.1762062212134654        2.1842694776164264        1.8261492942841271        1.9606139071785356        4.7723462909637631        14.271906685420083     
   2.1160386385046812        2.1036943089620839        2.1160836464708304        1.7690956004884215        1.9083444811636496        4.6704687574702906        14.029712257199932     
   2.0377510696841883        2.0279287723138748        2.0451013545761580        1.7111670515521171        1.8588738433596386        4.5705833572215031        13.782965472641839     
   1.9557145454016032        1.9485273633149527        1.9710229994664221        1.6520221884825583        1.8118294059879891        4.4719822388673771        13.535170590350521     
   1.8695417145562154        1.8650376523858316        1.8934663708172765        1.5911751541878973        1.7667969548803097        4.3747942471086860        13.284082739439672     
   1.7787640055570539        1.7769663417517350        1.8119215707292953        1.5281906667447243        1.7235652662801351        4.2784906351449115        13.032881301625503     
   1.6828779783392829        1.6837736431362511        1.7257488691565483        1.4625072967740704        1.6815263801765954        4.1827444264882088        12.779918059743746     
   1.5812971275953926        1.5847957820448164        1.6340920619437993        1.3932985463131322        1.6394431526312490        4.0871951776466693        12.526391663802780     
   1.4733506420090794        1.4792353295271141        1.5357846756330344        1.3196471424409211        1.5959216211581333        3.9916263871243371        12.272019010640777     
   1.3581661614077447        1.3661593821316886        1.4295597149677435        1.2400388393971964        1.5502150579112772        3.8956481953731728        12.018998762107154     
   1.2342742763446133        1.2444965090180500        1.3140587905376400        1.1524174363231887        1.5014162124158568        3.7996787743809097        11.767613714548039     
   1.1000518409253364        1.1129435567909212        1.1876454416023192        1.0547414047648529        1.4483944424526463        3.7031615913070590        11.518204038800725     
  0.95366225434602148       0.96934920832648697        1.0482610689446443       0.94444074922932608        1.3880222753832230        3.6057665252495563        11.272557087433665     
  0.79254843738846847       0.81088211174484415       0.89303942770022560       0.81844197438012145        1.3161100603650024        3.5069555267514465        11.031543929150530     
  0.61251103423743791       0.63358666382817386       0.71789300417813573       0.67242925413229238        1.2290579290411503        3.4070142013661466        10.797477836272600     
  0.40817525510679387       0.43153021636536859       0.51680099778274435       0.49990804329155841        1.1220848204906475        3.3056720898646432        10.572921069886345     
  0.17057280162099708       0.19539552145288419       0.28083341679108037       0.29152128146585765       0.98904947376241970        3.2012637062168201        10.360559656645158     
 -0.11800887567753421       -9.2297227236564292E-002  -6.4966620951427481E-003   3.3774009254515340E-002  0.82315831750894897        3.0960531093922605        10.164108286781639     
  -9.2844909370414758E-002  -6.7124422792777833E-002   2.0194918514066566E-002   7.6651599413220209E-002  0.87310570471427174        3.0563926547821461        9.9870589115942590     
  -7.1406215883260668E-002  -4.5994764091096346E-002   4.1978370482351819E-002  0.11584640399465940       0.92146299823172806        3.0178538110840449        9.8091748119810855     
  -5.3574360908559396E-002  -2.8558068495481381E-002   5.9349342364693788E-002  0.15116941916691276       0.96809746877233827        2.9803188199973527        9.6304079043956143     
  -3.9009642789130800E-002  -1.4490024583375127E-002   7.2703472246525486E-002  0.18243925119347837        1.0127035815036964        2.9436862131757167        9.4504563861811803     
  -2.7312025377063554E-002  -3.4487622312359533E-003   8.2407994312115831E-002  0.20949581076137955        1.0549310048970111        2.9078583769107587        9.2692968986733781     
  -1.8081953027578753E-002   4.9230012212442675E-003   8.8808572832498864E-002  0.23219705180684838        1.0943742955265638        2.8727860591599663        9.0868963361386790     
  -1.0952639382803100E-002   1.0983807227029897E-002   9.2251946460783246E-002  0.25043409043777870        1.1306252552060228        2.8384509855320559        8.9035068976246343     
  -5.5959155520137012E-003   1.5075878196074088E-002   9.3085183560189660E-002  0.26411706162179727        1.1635203494950768        2.8048475565181161        8.7191922395222168     
  -1.7188079912510671E-003   1.7517915397434362E-002   9.1645988893384753E-002  0.27317112157988482        1.1918585664944639        2.7720542151867287        8.5341184731174025     
   9.4341555073308334E-004   1.8609908679688918E-002   8.8292345177841514E-002  0.27759466205323929        1.2166669101187781        2.7405035853597193        8.3483551045268758     
   2.6294774067361546E-003   1.8627818072209933E-002   8.3385344585048579E-002  0.27747088431396633        1.2370983602981562        2.7120658023511113        8.1621702027263332     
   3.5545252658907311E-003   1.7825664054742819E-002   7.7267843087545279E-002  0.27303138204546906        1.2511856473135141        2.6873082848308787        7.9758588125145709     
   3.9101420124950294E-003   1.6433832398802195E-002   7.0258393600989261E-002  0.26463096632876493        1.2583991763262423        2.6659055698428227        7.7896984864625685     
   3.8609104936915997E-003   1.4657475497900111E-002   6.2674573300234349E-002  0.25269322923567533        1.2581548571064212        2.6482038177974081        7.6039585514073380     
   3.5490968961663285E-003   1.2678282587861288E-002   5.4823916409401902E-002  0.23776779287661609        1.2498822422664064        2.6344758165598567        7.4187544413630704     
   3.0914511421603103E-003   1.0648479990056033E-002   4.6985685323537099E-002  0.22037179665144602        1.2329995428699558        2.6250658869902885        7.2345094204501335     
   2.5733258756327308E-003   8.6879521767666851E-003   3.9409074741402983E-002  0.20087820534936612        1.2068665965511998        2.6201950507345924        7.0511203649538752     
   2.0582127704537345E-003   6.8875150554243677E-003   3.2306914789584258E-002  0.17983712456757167        1.1706447697521314        2.6199931657145674        6.8684966581317637     
   1.5854612956257591E-003   5.3062659707514420E-003   2.5847074144694414E-002  0.15792565507495226        1.1238889647057293        2.6244932838441266        6.6864525406953943     
   1.1812436256607535E-003   3.9729459470440103E-003   2.0148767970190645E-002  0.13587253003235716        1.0666766134994616        2.6335202145057512        6.5046929100697675     
   8.5538107749685214E-004   2.8907432739578107E-003   1.5282737733417647E-002  0.11440165239195810       0.99957284980516237        2.6479130679478198        6.3227030429246005     
   6.0822489520162483E-004   2.0462464156959159E-003   1.1264598560189463E-002   9.3994816825616986E-002  0.92356536922214660        2.6656544894207816        6.1402638844507171     
   4.3094463508717035E-004   1.4180562851481679E-003   8.0638761857279619E-003   7.5194235372929963E-002  0.84019071704415171        2.6849753962905867        5.9566671808066491     
   3.1207186318806310E-004   9.7249030993458137E-004   5.6101720278360235E-003   5.8428140582632744E-002  0.75138104284896268        2.7038519242679127        5.7711317455760112     
   2.3779137319841938E-004   6.7358158165267354E-004   3.8060881422239626E-003   4.3994500535917441E-002  0.65921545041307728        2.7202377184643067        5.5825175830677125     
   1.9494986412308898E-004   4.8510156373107418E-004   2.5406721472453942E-003   3.2050270089089158E-002  0.56610291187993766        2.7340704843920909        5.3894033518613140     
   1.7227424500004348E-004   3.7406933264362514E-004   1.6975700902455639E-003   2.2586261392977439E-002  0.47489100315296667        2.7425112438038441        5.1898164928002837     
   1.6134510148983243E-004   3.1363043691830613E-004   1.1659787666954808E-003   1.5442152547022364E-002  0.38840939569668992        2.7387241225806922        4.9813159997314456     
   1.5659208909164473E-004   2.8319803652251556E-004   8.4933462831165778E-004   1.0330728981556288E-002  0.30909598415627071        2.7149205233940621        4.7608192970384344     
   1.5472392695337661E-004   2.6899228536455275E-004   6.7122536514330438E-004   6.8749940347925228E-003  0.23904445546637584        2.6615524657616207        4.5244280923440998     
   1.5401293105477888E-004   2.6256701202178099E-004   5.7439320259707191E-004   4.6672678726159891E-003  0.17973694713305971        2.5694345867746642        4.2671483700426061     
   1.5371832826723247E-004   2.5940200169863651E-004   5.2088708963931685E-004   3.3140975394508414E-003  0.13178660912854667        2.4314648166121668        3.9825947702905879     
   1.5356454072155021E-004   2.5756490800044518E-004   4.8842104075050394E-004   2.4819891011180328E-003   9.4620291828295830E-002   2.2428747784113061        3.6637839013274478     
   1.5346686052013697E-004   2.5633006254036740E-004   4.6639469896810759E-004   1.9382224425213985E-003   6.6412075207146759E-002   1.9823023906830524        3.3050236452038009     
   1.5339906904432429E-004   2.5546019057672432E-004   4.5024070079229309E-004   1.5387522336112781E-003   4.5036467882279586E-002   1.6235950685035541        2.9060916020667236     
   1.5333998699255350E-004   2.5483651990654917E-004   4.3823026073457652E-004   1.2177738707490385E-003   2.8309779072331401E-002   1.1770621489579816        2.4598354847206578     
