   3.6008214909254228     
   3.6011053883295832     
   3.5934545295863938     
   3.5786575150540880     
   3.5569695493269013     
   3.5286753947796345     
   3.4940861975528579     
   3.4536931337643262     
   3.4082122139636990     
   3.3583581254734898     
   3.3048721780709940     
   3.2484339484967362     
   3.1895482075528023     
   3.1287789714185767     
   3.0665621223783797     
   3.0033132223475079     
   2.9393075273761098     
   2.8748039747618432     
   2.8099888314973698     
   2.7450725538065583     
   2.6801958349612875     
   2.6155059326667534     
   2.5510753198161153     
   2.4869449684081650     
   2.4231030381540744     
   2.3595072765271703     
   2.2960213945067287     
   2.2324480241234022     
   2.1688115096482186     
   2.1047128472141701     
   2.0398133085268242     
   1.9736985596786882     
   1.9059834765668173     
   1.8360855616269194     
   1.7631255623151343     
   1.6860672629171163     
   1.6037753878079581     
   1.5148726607772254     
   1.4177910964490692     
   1.3101470190889661     
   1.1888480286920544     
   1.0501569345192610     
  0.88859321442468642     
  0.69623863988501189     
  0.46130648991362916     
  0.49423784841655544     
  0.52398875546150603     
  0.55058984431394997     
  0.57400792515467547     
  0.59420375961796001     
  0.61113031477101265     
  0.62475640172827840     
  0.63511554390051750     
  0.64199823477681128     
  0.64578590530194924     
  0.64652863481744149     
  0.64397608079527746     
  0.63820935394498890     
  0.62936200261362851     
  0.61760923143999946     
  0.60310876724828755     
  0.58592889485152622     
  0.56614102763751573     
  0.54394036366166421     
  0.51964068594840795     
  0.49371957770775321     
  0.46647578452695326     
  0.43836407278271938     
  0.40986481834853838     
  0.38143395955287007     
  0.35367091786836208     
  0.32704174136655922     
  0.30170253429950011     
  0.27760731741316447     
  0.25448413444661405     
  0.23192181136228229     
  0.20942910984795196     
  0.18639513493770046     
  0.16093121844332711     
  0.13085142683257855     
   9.6192646776350282E-002
