  0.60704370836572852       0.61548121019947877       0.62701405359587481       0.64938613397463885       0.72940217578232613        1.0145095147717875        1.9656017597695361     
  0.62294355212800634       0.63125827277293034       0.64306877892669512       0.66658723612695459       0.75052959546064790        1.0513909205365242        2.0764597534545750     
  0.63887732913182260       0.64684890308754106       0.65877378772419148       0.68335006749932536       0.77079373562592290        1.0883930105383530        2.1913406634015766     
  0.65480041571527181       0.66234818173561971       0.67428476363686696       0.69988194015499849       0.79097271656409396        1.1255509570654005        2.3109967568822496     
  0.67066089844270260       0.67775207851690134       0.68963748133118608       0.71622498423966474       0.81119313885029287        1.1628301781776036        2.4360643074516708     
  0.68639664913062881       0.69302699226424791       0.70483173802404508       0.73238010097875339       0.83133668453052845        1.2011849485493531        2.5655515555143196     
  0.70195170879441759       0.70813675687635769       0.71983182907844268       0.74834524420430959       0.85129736312048565        1.2375279369141541        2.7000760396551780     
  0.71728380018870952       0.72304911669543703       0.73462677231775608       0.76410257963748707       0.87104681124197691        1.2767928103136661        2.8396759431956662     
  0.73234264720111864       0.73774271992123885       0.74919662583261337       0.77962239226243679       0.89055350101627651        1.3125286329575494        2.9856003469640848     
  0.74709645675304681       0.75214075109107414       0.76350628585703717       0.79486793699444902       0.90972049395155985        1.3512692812047753        3.1371907299421848     
  0.76148627341293862       0.76621863060930928       0.77752248362789189       0.80981586031328723       0.92856739638440222        1.3879529705569411        3.2951999509582564     
  0.77546957119620730       0.77993460075204635       0.79121898848747074       0.82445772044824073       0.94708017236712594        1.4265451899136794        3.4596428317014398     
  0.78901437280828546       0.79325343252684355       0.80458379431969518       0.83875254204993355       0.96521827395193738        1.4634571476320497        3.6295520551681180     
  0.80215082522357428       0.80615104624829892       0.81756846348198764       0.85261912686193708       0.98295138150746353        1.5019187870709145        3.8067250057608302     
  0.81475375783268533       0.81858505785033564       0.83013176472471484       0.86609449779975700        1.0002933628058595        1.5389937167349197        3.9927233356445555     
  0.82683943146472139       0.83060512376816820       0.84222668480229645       0.87919546014024985        1.0172354855232111        1.5773631858628951        4.1855512546457190     
  0.83837783953208578       0.84208278733042308       0.85387414931338357       0.89190770907450079        1.0337679408633003        1.6145800483285679        4.3870256618711174     
  0.84936832650419392       0.85303657961302470       0.86505772678830350       0.90417947331055415        1.0498800667115982        1.6529183852370999        4.5961539160742264     
  0.85974637792638453       0.86345401702420710       0.87576442586886505       0.91599165647271386        1.0655624682374938        1.6902476097279340        4.8136754528345085     
  0.86951566801952851       0.87331987621633222       0.88597477082284504       0.92734648410461884        1.0808041928610679        1.7284740401189862        5.0399687237225352     
  0.87867952757411183       0.88262281052500724       0.89567519683604258       0.93822773482068789        1.0955984212276251        1.7659870841916696        5.2755894808665600     
  0.88722005992819131       0.89135592917282425       0.90486236367742423       0.94862269458238013        1.1099347209393480        1.8043533820161846        5.5211203688234622     
  0.89514275152756495       0.89951750968859834       0.91353293104552069       0.95851857623872816        1.1238053564572956        1.8419380944930572        5.7760697917042858     
  0.90244867028183573       0.90710269643634411       0.92168128754558765       0.96790450991207788        1.1372007603821244        1.8804335514168113        6.0421286999297541     
  0.90914197302483546       0.91410609439398061       0.92930190352909259       0.97677547169910772        1.1501280776255214        1.9179130323949811        6.3187630883702584     
  0.91522472146886624       0.92053562651847043       0.93638805125793090       0.98511314924726401        1.1625630310641915        1.9567039080827833        6.6052765907961906     
  0.92069797641635098       0.92639173404449315       0.94293372152830524       0.99291297206018425        1.1745396996935173        1.9933231013621779        6.9025925812727600     
  0.92556276633763790       0.93166366676239165       0.94893529173929247        1.0001597819568957        1.1859614432604351        2.0317747957406009        7.2112946781573877     
  0.92981985693979818       0.93634983322690202       0.95438830851457335        1.0068517172936080        1.1968661834499355        2.0685702879173786        7.5312544157005457     
  0.93347524991373076       0.94045344751547333       0.95928343114046488        1.0129759196013530        1.2072578957519160        2.1069220777698705        7.8632974410850824     
  0.93652552122963584       0.94396980025565502       0.96360188358985766        1.0185461987740696        1.2171306149103598        2.1433377469779082        8.2052764035950414     
  0.93897218888713718       0.94689755248809404       0.96733181988876538        1.0235275178145058        1.2264493776141263        2.1814358753682432        8.5591328002564282     
  0.94079922327608168       0.94921824673991329       0.97045448467267137        1.0279066738924172        1.2352303281935308        2.2174106550073915        8.9243052716485991     
  0.94197545161837026       0.95092213644835510       0.97297789288232750        1.0317142563891277        1.2434366015555758        2.2548565240020264        9.3000893860790903     
  0.94248231067924482       0.95199183510349195       0.97486379220272001        1.0348401248500190        1.2510586109802879        2.2902438504724558        9.6867670620138391     
  0.94229609306644557       0.95237981372382219       0.97606710694431553        1.0373115531028678        1.2579354332615951        2.3270324616407265        10.085199572791721     
  0.94148907653119029       0.95198878200848014       0.97652257317306224        1.0391467728486115        1.2642031200093868        2.3613057823714541        10.493312588402302     
  0.93993880833836918       0.95073609845398799       0.97616974492184305        1.0401949890691788        1.2698030013152337        2.3971038612376687        10.911430581005941     
  0.93747375405813016       0.94871526612914414       0.97492840070946818        1.0403990553889100        1.2746510776295430        2.4299944331475469        11.338588554632290     
  0.93400057134275483       0.94571491487854054       0.97268372192093522        1.0396362038143148        1.2787467807987349        2.4652653859427227        11.772683260361974     
  0.92946362633641300       0.94155168936437439       0.96929109353326914        1.0378093604033913        1.2819416441696585        2.4970909098080236        12.213722153830336     
  0.92349724145736412       0.93601727961762737       0.96458552558253008        1.0348063757627377        1.2843527540513227        2.5333932273597588        12.661956133774561     
  0.91573372261920272       0.92881020986748153       0.95834467399153722        1.0304881592912285        1.2856716558890304        2.5660305882560923        13.116987855301558     
  0.90561611800413677       0.91946072677722279       0.95032959384945348        1.0246161378824528        1.2856734306926414        2.6061200523076851        13.576867501637398     
  0.66167684690903816       0.67511470608478397       0.70483816215229822       0.77968335653763443        1.0698227317347049        2.5259222485549468        14.032733669841663     
  0.64896629733232492       0.66368390854255688       0.69561691531009340       0.77384453780285467        1.0704043930727576        2.5607241153781328        14.480097085949941     
  0.63656521761330775       0.65244200417523257       0.68636563237795178       0.76772266386926113        1.0704052313776729        2.5942261877275468        14.929517319538640     
  0.62452363667114597       0.64142383097617095       0.67710261547995920       0.76135008184261799        1.0698165416481202        2.6263035457930943        15.380256846410051     
  0.61293541204712720       0.63065214629538291       0.66785803431497925       0.75476389046765080        1.0686584940647936        2.6569388089214732        15.831692191678201     
  0.60197277990577169       0.62019103717870627       0.65867502034869152       0.74802156680839138        1.0670004473317276        2.6861943301501285        16.283574126485298     
  0.59172038769855417       0.61011090193456730       0.64959185088466687       0.74114871841530383        1.0648638239011641        2.7140011600552008        16.736268778374907     
  0.58217501953331641       0.60043364192744808       0.64058073701855867       0.73410165109292624        1.0621052203554942        2.7401184942361412        17.187070549135477     
  0.57327111223792171       0.59116673109279239       0.63160690050142076       0.72682455748162256        1.0589046982634038        2.7642104260387002        17.633867481213745     
  0.56493868023249749       0.58232855898576241       0.62266843830801455       0.71929570606475268        1.0545599239695420        2.7860611170907497        18.074480555720768     
  0.55713274372605259       0.57392331836433619       0.61377858997040302       0.71149791733141365        1.0497233104847221        2.8053966335756173        18.506602960424473     
  0.54983388700887348       0.56593555085982306       0.60493506612928838       0.70338500711316798        1.0443820000571900        2.8220169064663096        18.927151536356696     
  0.54304590697502086       0.55834456064288307       0.59613183682448578       0.69488477861979370        1.0380747119281657        2.8352364666972352        19.332596548224828     
  0.53679521200085345       0.55114601427198873       0.58738927640623639       0.68591695053408219        1.0306805965560606        2.8445882510667539        19.717345890537754     
  0.53113251710691078       0.54435272463862705       0.57875376249840804       0.67639495696516960        1.0220718053989037        2.8494468270293041        20.076826047400029     
  0.52613067483576081       0.53801411240967789       0.57024873231292605       0.66625371596743443        1.0121231703824232        2.8492497298557229        20.404787729098210     
  0.52184945379578151       0.53220527226223602       0.56192503524233173       0.65544393908685927        1.0007199312208419        2.8433498299127322        20.694331007205015     
  0.51831048050959661       0.52701188428418477       0.55385230730227697       0.64393224147214723       0.98772378198941935        2.8310652767458016        20.938415544700174     
  0.51549899820719158       0.52251408711766612       0.54613682667547692       0.63171490970464705       0.97287419798644548        2.8117360254903701        21.128507709083411     
  0.51335301616993267       0.51876390986789678       0.53890769690554052       0.61887476789205154       0.95598268530080777        2.7847662123073844        21.259050913602408     
  0.51178586447810104       0.51576891865191077       0.53231624582844628       0.60557610681801044       0.93693820441815701        2.7496127636061796        21.320805710817190     
  0.51069360876291447       0.51348626665944130       0.52651636184635653       0.59201594687400350       0.91568965560249804        2.7060777882592122        21.311524016492299     
  0.50997420903184676       0.51182954829527172       0.52161995296919406       0.57852388349833161       0.89216175784865370        2.6536260426667444        21.221850940892235     
  0.50953050422950030       0.51069043533953828       0.51767868778178261       0.56546945376094471       0.86629770798940831        2.5918271912360376        21.045828742664426     
  0.50927781511897852       0.50995574018710998       0.51467537175851708       0.55323769628510611       0.83805673388154656        2.5202238023739656        20.775456559572351     
  0.50914721200035340       0.50951440340477705       0.51251999000755932       0.54225235077706435       0.80748547247366054        2.4384826536640007        20.401148177837435     
  0.50908674227279260       0.50927160975513486       0.51107300199711125       0.53287665299576614       0.77473095936883984        2.3471030560723900        19.927177811396362     
  0.50906179515130079       0.50915015073234693       0.51016835969603858       0.52532047864218101       0.74011776318016509        2.2469068522483657        19.351802690290651     
  0.50905259698438765       0.50909498979006940       0.50964532291919984       0.51962401237745715       0.70427024633282043        2.1384726027783598        18.673576157693805     
  0.50904937990964982       0.50907174300270008       0.50936547717912906       0.51561963187519788       0.66821745634293905        2.0226007482283546        17.896143237240501     
  0.50904814991020486       0.50906192251809457       0.50922493780165656       0.51300006603073911       0.63343345842016641        1.8999494683327616        17.026211553637506     
  0.50904753920476231       0.50905718962961244       0.50915539265694065       0.51140062812051978       0.60164714917844153        1.7714736485234617        16.069354042891835     
  0.50904715654250443       0.50905438743455111       0.50911876536211786       0.51047570649725571       0.57455341802130766        1.6394804409036825        15.040971857095444     
  0.50904689567947026       0.50905249177542988       0.50909674658557158       0.50995118958895824       0.55319241499719585        1.5072085984639985        13.966297173966231     
  0.50904671969004722       0.50905116790917848       0.50908194456464606       0.50964383358859189       0.53760338602077007        1.3768219483849460        12.867814298677425     
  0.50904660650766376       0.50905026882548843       0.50907159077105035       0.50945028131265013       0.52710250026657179        1.2510693317541552        11.777648267761528     
  0.50913956125904658       0.50914271076201600       0.50915747271948042       0.50941259707680964       0.52056436433389186        1.1327476855254117        10.733910859584910     
