   1.1277234346659708E-004   1.0655666542114435E-003   4.1687228104967068E-003   6.5604178601869683E-003   4.1687228104967155E-003   1.0655666542114417E-003   1.1277234346659639E-004
   1.1267232542393115E-004   1.0646216007718474E-003   4.1650255609485846E-003   6.5545994109707977E-003   4.1650255609485777E-003   1.0646216007718437E-003   1.1267232542393005E-004
   1.1256830665955849E-004   1.0636387451946688E-003   4.1611804214185463E-003   6.5485482237860274E-003   4.1611804214185238E-003   1.0636387451946705E-003   1.1256830665955776E-004
   1.1246028717347993E-004   1.0626180874799050E-003   4.1571873919065703E-003   6.5422642986325674E-003   4.1571873919065729E-003   1.0626180874799042E-003   1.1246028717347854E-004
   1.1235169615572796E-004   1.0615920294597791E-003   4.1531732352543173E-003   6.5359471251979114E-003   4.1531732352543304E-003   1.0615920294597769E-003   1.1235169615572708E-004
   1.1224424820132160E-004   1.0605767720503843E-003   4.1492013328826285E-003   6.5296964483257149E-003   4.1492013328826294E-003   1.0605767720503862E-003   1.1224424820132053E-004
   1.1213737177858655E-004   1.0595669149463588E-003   4.1452505576512191E-003   6.5234790197347412E-003   4.1452505576512104E-003   1.0595669149463590E-003   1.1213737177858589E-004
   1.1203106688752517E-004   1.0585624581477080E-003   4.1413209095600909E-003   6.5172948394250424E-003   4.1413209095600570E-003   1.0585624581477015E-003   1.1203106688752418E-004
   1.1192304740144553E-004   1.0575418004329406E-003   4.1373278800480896E-003   6.5110109142715910E-003   4.1373278800480879E-003   1.0575418004329427E-003   1.1192304740144444E-004
   1.1181102719366033E-004   1.0564833405805930E-003   4.1331869605541914E-003   6.5044942511495209E-003   4.1331869605542113E-003   1.0564833405805943E-003   1.1181102719365917E-004
   1.1169386320082316E-004   1.0553762779799286E-003   4.1288558967978216E-003   6.4976783534963223E-003   4.1288558967978546E-003   1.0553762779799290E-003   1.1169386320082178E-004
   1.1156926929624493E-004   1.0541990114094665E-003   4.1242501802178921E-003   6.4904302281870484E-003   4.1242501802178939E-003   1.0541990114094639E-003   1.1156926929624408E-004
   1.1143838854327069E-004   1.0529623414799374E-003   4.1194120650949332E-003   6.4828163717842099E-003   4.1194120650949097E-003   1.0529623414799343E-003   1.1143838854326980E-004
   1.1129950634688316E-004   1.0516500672752449E-003   4.1142781700081064E-003   6.4747370394440716E-003   4.1142781700081107E-003   1.0516500672752423E-003   1.1129950634688252E-004
   1.1115262270708298E-004   1.0502621887953833E-003   4.1088484949574240E-003   6.4661922311666543E-003   4.1088484949574292E-003   1.0502621887953827E-003   1.1115262270708175E-004
   1.1099773762386850E-004   1.0487987060403556E-003   4.1031230399429190E-003   6.4571819469519433E-003   4.1031230399429172E-003   1.0487987060403526E-003   1.1099773762386804E-004
   1.1083370803389679E-004   1.0472488183994218E-003   4.0970595506840072E-003   6.4476396902374373E-003   4.0970595506840063E-003   1.0472488183994196E-003   1.1083370803389590E-004
   1.1065939087382217E-004   1.0456017252618410E-003   4.0906157729001420E-003   6.4374989644607420E-003   4.0906157729001394E-003   1.0456017252618410E-003   1.1065939087382107E-004
   1.1047364308030005E-004   1.0438466260168783E-003   4.0837494523107594E-003   6.4266932730593380E-003   4.0837494523107733E-003   1.0438466260168807E-003   1.1047364308029878E-004
   1.1027417852664043E-004   1.0419619194430630E-003   4.0763760803547988E-003   6.4150896229082958E-003   4.0763760803547988E-003   1.0419619194430604E-003   1.1027417852663989E-004
   1.1006042568117125E-004   1.0399422052350150E-003   4.0684745298919574E-003   6.4026547657263363E-003   4.0684745298919626E-003   1.0399422052350103E-003   1.1006042568117083E-004
   1.0983066994887601E-004   1.0377712824766300E-003   4.0599814195014013E-003   6.3892889566698578E-003   4.0599814195014126E-003   1.0377712824766276E-003   1.0983066994887521E-004
   1.0958319673473756E-004   1.0354329502518082E-003   4.0508333677623616E-003   6.3748924508950401E-003   4.0508333677623624E-003   1.0354329502518084E-003   1.0958319673473679E-004
   1.0931743450708253E-004   1.0329218082551638E-003   4.0410092475344972E-003   6.3594320001207306E-003   4.0410092475344859E-003   1.0329218082551698E-003   1.0931743450708142E-004
   1.0903338326591148E-004   1.0302378564867208E-003   4.0305090588178159E-003   6.3429076043468920E-003   4.0305090588178419E-003   1.0302378564867177E-003   1.0903338326591080E-004
   1.0872989994787960E-004   1.0273702943357224E-003   4.0192905473318214E-003   6.3252527670110267E-003   4.0192905473318214E-003   1.0273702943357254E-003   1.0872989994787895E-004
   1.0840412689462533E-004   1.0242921202753236E-003   4.0072480773751017E-003   6.3063012467070292E-003   4.0072480773750887E-003   1.0242921202753283E-003   1.0840412689462456E-004
   1.0805377797945864E-004   1.0209817330840646E-003   3.9942971403865357E-003   6.2859200503098981E-003   3.9942971403865392E-003   1.0209817330840670E-003   1.0805377797945801E-004
   1.0767771013903526E-004   1.0174283321511917E-003   3.9803954820856026E-003   6.2640426812571740E-003   3.9803954820856044E-003   1.0174283321511875E-003   1.0767771013903367E-004
   1.0727592337335468E-004   1.0136319174767075E-003   3.9655431024722965E-003   6.2406691395489227E-003   3.9655431024722921E-003   1.0136319174767065E-003   1.0727592337335363E-004
   1.0684441696071057E-004   1.0095546869230278E-003   3.9495921115646872E-003   6.2155666872164023E-003   3.9495921115646829E-003   1.0095546869230323E-003   1.0684441696070970E-004
   1.0638090477441357E-004   1.0051750392686815E-003   3.9324580008016962E-003   6.1886023311347408E-003   3.9324580008016944E-003   1.0051750392686778E-003   1.0638090477441249E-004
   1.0588081456108431E-004   1.0004497720707075E-003   3.9139717530610810E-003   6.1595100850540072E-003   3.9139717530610714E-003   1.0004497720707062E-003   1.0588081456108319E-004
   1.0534071713068836E-004   9.9534648349689793E-004   3.8940066055012427E-003   6.1280904592868283E-003   3.8940066055012379E-003   9.9534648349689707E-004   1.0534071713068753E-004
   1.0475604022984730E-004   9.8982197110429300E-004   3.8723935409999272E-003   6.0940774675833139E-003   3.8723935409999363E-003   9.8982197110429474E-004   1.0475604022984666E-004
   1.0412221160518207E-004   9.8383303244995585E-004   3.8489635424349931E-003   6.0572051236935723E-003   3.8489635424349953E-003   9.8383303244995064E-004   1.0412221160518166E-004
   1.0343351593996872E-004   9.7732566448017599E-004   3.8235053384036506E-003   6.0171409448052555E-003   3.8235053384036541E-003   9.7732566448017599E-004   1.0343351593996802E-004
   1.0268423791748351E-004   9.7024586414127211E-004   3.7958076575031596E-003   5.9735524481060323E-003   3.7958076575031522E-003   9.7024586414126896E-004   1.0268423791748263E-004
   1.0186866222100252E-004   9.6253962837955205E-004   3.7656592283307716E-003   5.9261071507835505E-003   3.7656592283307764E-003   9.6253962837954783E-004   1.0186866222100204E-004
   1.0098335966049170E-004   9.5417455536279993E-004   3.7329332880448422E-003   5.8746055631503473E-003   3.7329332880448362E-003   9.5417455536279646E-004   1.0098335966049093E-004
   1.0002318645089921E-004   9.4510204234269247E-004   3.6974396923828822E-003   5.8187484506753671E-003   3.6974396923828735E-003   9.4510204234269171E-004   1.0002318645089883E-004
   9.8981855743829970E-005   9.3526268596017469E-004   3.6589460428018907E-003   5.7581700822650003E-003   3.6589460428018742E-003   9.3526268596017047E-004   9.8981855743829361E-005
   9.7854223754231210E-005   9.2460788346691728E-004   3.6172621950393614E-003   5.6925712233881322E-003   3.6172621950393536E-003   9.2460788346691554E-004   9.7854223754231278E-005
   9.6625430658622388E-005   9.1299722692332955E-004   3.5718388434481593E-003   5.6210874187326530E-003   3.5718388434481650E-003   9.1299722692332879E-004   9.6625430658622103E-005
   9.5282331228538128E-005   9.0030650930591778E-004   3.5221900638019782E-003   5.5429539578301474E-003   3.5221900638019764E-003   9.0030650930592059E-004   9.5282331228537613E-005
   9.3815209425548310E-005   8.8644392542341357E-004   3.4679566947161122E-003   5.4576056198995830E-003   3.4679566947161157E-003   8.8644392542341314E-004   9.3815209425547740E-005
   9.2212634616205470E-005   8.7130146916842416E-004   3.4087161933850888E-003   5.3643774393163585E-003   3.4087161933850875E-003   8.7130146916842297E-004   9.2212634616204480E-005
   9.0475749863853672E-005   8.5488994115169993E-004   3.3445108140894406E-003   5.2633359126428641E-003   3.3445108140894380E-003   8.5488994115169397E-004   9.0475749863853198E-005
   8.8614842738596791E-005   8.3730654686987340E-004   3.2757208453541332E-003   5.1550795089413248E-003   3.2757208453541293E-003   8.3730654686987307E-004   8.8614842738596330E-005
   8.6646487658933021E-005   8.1870789517865658E-004   3.2029589742471184E-003   5.0405724283676366E-003   3.2029589742471345E-003   8.1870789517865734E-004   8.6646487658932208E-005
   8.4580972194964920E-005   7.9919119157469175E-004   3.1266054892933695E-003   4.9204131399839283E-003   3.1266054892933643E-003   7.9919119157468991E-004   8.4580972194964134E-005
   8.2408580308262856E-005   7.7866463086670099E-004   3.0463012291081968E-003   4.7940364230092776E-003   3.0463012291081937E-003   7.7866463086669979E-004   8.2408580308262328E-005
   8.0117309833706291E-005   7.5701480664193649E-004   2.9616025237458247E-003   4.6607440635377207E-003   2.9616025237458252E-003   7.5701480664193725E-004   8.0117309833705640E-005
   7.7705446176278475E-005   7.3422551798428938E-004   2.8724459917854241E-003   4.5204363167255564E-003   2.8724459917854280E-003   7.3422551798428982E-004   7.7705446176277933E-005
   7.5174703930996374E-005   7.1031296580986757E-004   2.7788950146478437E-003   4.3732129274165130E-003   2.7788950146478476E-003   7.1031296580986573E-004   7.5174703930995710E-005
   7.2520510844480842E-005   6.8523394767571681E-004   2.6807805752108679E-003   4.2188079093606421E-003   2.6807805752108635E-003   6.8523394767571843E-004   7.2520510844480124E-005
   6.9733722409974375E-005   6.5890205869593510E-004   2.5777646392300935E-003   4.0566892900582453E-003   2.5777646392300966E-003   6.5890205869593369E-004   6.9733722409973399E-005
   6.6805194120718057E-005   6.3123089398461093E-004   2.4695091724611347E-003   3.8863250970095449E-003   2.4695091724611334E-003   6.3123089398460909E-004   6.6805194120717529E-005
   6.3729210659989099E-005   6.0216645048805832E-004   2.3558029035012332E-003   3.7073828474021827E-003   2.3558029035012184E-003   6.0216645048805637E-004   6.3729210659988462E-005
   6.0502914369425076E-005   5.7168172667942821E-004   2.2365401966489922E-003   3.5196962998299873E-003   2.2365401966489905E-003   5.7168172667942463E-004   6.0502914369424446E-005
   5.7128591375715493E-005   5.3979832378019761E-004   2.1118055604655499E-003   3.3233984474178974E-003   2.1118055604655581E-003   5.3979832378019598E-004   5.7128591375714944E-005
   5.3613100058929014E-005   5.0658104545479702E-004   1.9818525206341826E-003   3.1188882695407385E-003   1.9818525206341938E-003   5.0658104545479670E-004   5.3613100058928628E-005
   4.9971300242547634E-005   4.7217029964282612E-004   1.8472303828020605E-003   2.9070302215106055E-003   1.8472303828020553E-003   4.7217029964282260E-004   4.9971300242546909E-005
   4.6226624725138009E-005   4.3678749886441154E-004   1.7088053597204291E-003   2.6891874828581692E-003   1.7088053597204261E-003   4.3678749886441089E-004   4.6226624725137582E-005
   4.2409936217009191E-005   4.0072425960949003E-004   1.5677183169641531E-003   2.4671554607700995E-003   1.5677183169641525E-003   4.0072425960949019E-004   4.2409936217008737E-005
   3.8556669681848260E-005   3.6431540081094670E-004   1.4252791372302803E-003   2.2429955486829999E-003   1.4252791372302836E-003   3.6431540081094594E-004   3.8556669681847975E-005
   3.4703974678359869E-005   3.2791194231777092E-004   1.2828610846366806E-003   2.0188688848771130E-003   1.2828610846366839E-003   3.2791194231777010E-004   3.4703974678359543E-005
   3.0893001486954843E-005   2.9190270611654032E-004   1.1419853132831591E-003   1.7971693456014046E-003   1.1419853132831558E-003   2.9190270611654005E-004   3.0893001486954545E-005
   2.7166614983061566E-005   2.5669271510993843E-004   1.0042363586903269E-003   1.5803905519484812E-003   1.0042363586903256E-003   2.5669271510993854E-004   2.7166614983061356E-005
   2.3570537700469978E-005   2.2271399372749429E-004   8.7130439208019409E-004   1.3711923664171774E-003   8.7130439208019399E-004   2.2271399372749361E-004   2.3570537700469876E-005
   2.0151635236315095E-005   1.9040936700947394E-004   7.4492183895530188E-004   1.1723011480687480E-003   7.4492183895530058E-004   1.9040936700947457E-004   2.0151635236314926E-005
   1.6953343997697483E-005   1.6018925816393026E-004   6.2669436197654597E-004   9.8624376627707211E-004   6.2669436197654532E-004   1.6018925816393040E-004   1.6953343997697347E-005
   1.4015099670011060E-005   1.3242628826133255E-004   5.1807973382290778E-004   8.1531435244736831E-004   5.1807973382290821E-004   1.3242628826133236E-004   1.4015099670010904E-005
   1.1367764963564120E-005   1.0741207379161177E-004   4.2021882006922746E-004   6.6130831376633983E-004   4.2021882006922870E-004   1.0741207379161199E-004   1.1367764963564045E-005
   9.0330580819070561E-006   8.5351826358794411E-005   3.3391445204595984E-004   5.2548908492091326E-004   3.3391445204596049E-004   8.5351826358794384E-005   9.0330580819069866E-006
   7.0206950634701854E-006   6.6337351154155570E-005   2.5952579113777804E-004   4.0842188669209140E-004   2.5952579113777821E-004   6.6337351154155597E-005   7.0206950634701168E-006
   5.3329620349430252E-006   5.0390249399172074E-005   1.9713734590578015E-004   3.1023971220481256E-004   1.9713734590577977E-004   5.0390249399171898E-005   5.3329620349429964E-006
   3.9572852995333372E-006   3.7391714375722485E-005   1.4628431926391868E-004   2.3021109927190243E-004   1.4628431926391814E-004   3.7391714375722390E-005   3.9572852995333033E-006
   2.8668028686393922E-006   2.7087931731459208E-005   1.0597373561926851E-004   1.6677337867531219E-004   1.0597373561926859E-004   2.7087931731459218E-005   2.8668028686393774E-006
   2.0289374369357758E-006   1.9171084060342986E-005   7.5001347976156959E-005   1.1803139838464057E-004   7.5001347976156742E-005   1.9171084060342949E-005   2.0289374369357622E-006
   1.4025387240113850E-006   1.3252349375797669E-005   5.1846002234785671E-005   8.1591282150960174E-005   5.1846002234785685E-005   1.3252349375797616E-005   1.4025387240113723E-006
