  0.98257081516560840       0.97306720593558371       0.94363581971062060       0.88319301879077727       0.81544079077733511       0.99304729826847571        1.0000000000000000     
  0.98438353713778004       0.97503315898503684       0.94750648126370962       0.88614477275969916       0.81557554610763872       0.99288846310279466       0.99999999999999833     
  0.98571293168290375       0.97688690970218706       0.95015319826425693       0.88874421546083782       0.81528174072761106       0.99276012951749681       0.99999999999999878     
  0.98709422896320265       0.97860673235025308       0.95291903640554643       0.88602677390402507       0.81450148829899294       0.99302842701466021       0.99999999999999978     
  0.98834210749054374       0.97667021138562660       0.95532873312141309       0.88671503731360402       0.81309322849492294       0.99286018586061597       0.99999999999999800     
  0.98926103876332228       0.97851438247526246       0.95669488597898233       0.88409222406029819       0.81075810933040449       0.99285688267776873       0.99999999999999944     
  0.99027694697858104       0.97986858182326653       0.95800265326772283       0.88306871692637523       0.81290424244844350       0.99253384953854118        1.0000000000000000     
  0.99081884951325383       0.98091226537678267       0.95865519241981101       0.88179530078612800       0.80987342879372726       0.99235981092918213       0.99999999999999911     
  0.99106158254889787       0.98150641387157900       0.95859080539099606       0.87733267908693269       0.80724213385092847       0.99303847605688844        1.0000000000000004     
  0.99082990825483774       0.98022882760495911       0.95832890634971690       0.87346215540464123       0.80233510726865664       0.99271545282384610       0.99999999999999889     
  0.99022874511236558       0.97822665294754263       0.95645556645124474       0.86787562180537559       0.79684737297598451       0.99245411771019998       0.99999972044733398     
  0.98830339792014510       0.97752448068172304       0.95518745327879861       0.85962119673201187       0.79357371380946162       0.99216793623667987       0.99999970137004934     
  0.98742289434755948       0.97592570422105185       0.95381962639760454       0.85045801089025619       0.78355661091818940       0.99206521013673044       0.99999968829877373     
  0.98458773144522049       0.97381381613505369       0.95204114928657924       0.84090434152054405       0.77567971847145745       0.99172975713306588       0.99999999999999956     
  0.98281440507324214       0.97064340606461841       0.94896343541966410       0.83085452840627128       0.76334904406052617       0.99163629905519979       0.99999999743168855     
  0.97966138242866385       0.96875046190718495       0.94614441785584447       0.82081713042526205       0.75539251315987188       0.99152911264061705       0.99999999744937296     
  0.97782505651381635       0.96528328391971130       0.93862247838504131       0.81073900599776627       0.74201275546325063       0.99141481764991868       0.99999999732869127     
  0.97535894735181505       0.96267309762393405       0.93383531552933319       0.80129430005877134       0.72828485919770691       0.99132377057168530       0.99999999712398313     
  0.97105897142119713       0.96012647617029157       0.91850293389391635       0.79169951224740631       0.73278707192391901       0.99153160448352207       0.99999999999999789     
  0.96867165168840141       0.95733464124640932       0.91229115167940644       0.78213326167392072       0.72030481962388482       0.99184555567481492        1.0000000000000020     
  0.96592544892452226       0.95417862440489309       0.90590524391558380       0.77312105030545208       0.70753086757048922       0.99175578257829089       0.99999999999999956     
  0.96177728520593564       0.95036838272163005       0.89909870872517028       0.76445459491999657       0.70136309877149983       0.99163576626121119        1.0000000000000016     
  0.95892872814779373       0.94683075801586192       0.89282772117065423       0.75608691205563872       0.68894958797844086       0.99144688808823911       0.99999999999999967     
  0.95599410961827413       0.93599149786794555       0.88392220324961601       0.74808866554698661       0.67611914165155429       0.99122660651619854       0.99999999999999833     
  0.95238888365363150       0.93188101345975538       0.87791486208731495       0.74446880612007060       0.66365478302985548       0.99133349898702738       0.99999999999999778     
  0.94934043299818616       0.92748517982552114       0.87228066076689870       0.74535879821214446       0.66997418345719295       0.99122560009214766       0.99999999999999878     
  0.93879962962690522       0.92157871007113401       0.86681429796724685       0.75564878600176577       0.66095410887791939       0.99038362642948885       0.99999999999999967     
  0.93413421659846563       0.91753668353841822       0.86184320491100641       0.74931216427425107       0.64991829092327114       0.99008320640593472       0.99999999999999833     
  0.93039608260000073       0.91351914350938757       0.85754568042352186       0.74344201003868193       0.63945648719854475       0.99010934499903969       0.99999999999999845     
  0.92755061941329209       0.90996606693597115       0.85376680107887259       0.73816862605701783       0.63805873328618068       0.99060794692827925        1.0000000000000004     
  0.92261885628202445       0.90302629941362889       0.84446685975389235       0.73367105093375684       0.62950441950012825       0.99077138846990209       0.99999999999999978     
  0.92015957699020867       0.89348828753892140       0.84240210283778683       0.72240856256518460       0.62203363180117621       0.99078350436492746        1.0000000000000000     
  0.91218886862242010       0.89240952320081746       0.83912397349753387       0.71917201151698040       0.61649165220843016       0.99075698812416080       0.99999576786040423     
  0.91116895418563415       0.89058693582791271       0.82929361660956424       0.71675537616519647       0.61132947208572597       0.99069224391217192        1.0000000000000000     
  0.91033254400596120       0.88973828958627654       0.82799735090821402       0.71493964306512170       0.60744570985167523       0.99038251102336594       0.99999999999999900     
  0.90973366408706946       0.88934761482805202       0.82744158217361052       0.71474530553314364       0.60446883906158355       0.98999819077286810       0.99999999999999867     
  0.90970689114776981       0.88927085759966651       0.82751465518210066       0.71417890376642712       0.58906888275286784       0.98991375423421579        1.0000000000000009     
  0.88888100248826341       0.86562408256781276       0.84792383443739605       0.71553433747604289       0.55653099929632233       0.98986994289603292       0.99999999999999845     
  0.89018160438287697       0.86735164062018677       0.84905376581541903       0.71803225009382632       0.55736855196672130       0.98984875264932759        1.0000000000000011     
  0.89228251343077303       0.86950195646743766       0.85156799290920893       0.72180090570572875       0.52846246341194125       0.99040545409808101       0.99999999999999911     
  0.89369352204935382       0.87225717700389371       0.84876268697519919       0.72464902007752852       0.53338324658074376       0.99145280816021109       0.99999999999999922     
  0.89612268102234882       0.87569718675040431       0.85308547286396108       0.73045457343344289       0.53111579455892421       0.99158563927402898       0.99999999999999811     
  0.89519166468916422       0.87957804334128320       0.85916123954082046       0.73587496734087110       0.52031900542978116       0.99198685788525243        1.0000000000000002     
  0.89570260673349922       0.88368559535289559       0.86441502238171597       0.71096277522843099       0.53252186451882555       0.99216660186354766       0.99999999999999989     
  0.89883943190594573       0.87564092729859433       0.87878700238933127       0.71909905470122715       0.54757630811108982       0.99220199293036793       0.99999999999999789     
  0.91271522487118828       0.89141621444712071       0.89151993026956300       0.73372328755033323       0.55517132100749755       0.99234052006568918        1.0000000000000016     
  0.92587535990009262       0.90580138011990918       0.90361775250759535       0.74887514481395201       0.56368690718684134       0.99251093129548951       0.99999999999999833     
  0.93779628875516674       0.91901175680189984       0.91504008255502367       0.76443239519635453       0.57315916561681124       0.99271193287207282       0.99999999999999900     
  0.94827855834846553       0.93102316019663045       0.92572114061659538       0.78028018943942035       0.58362809829808393       0.99294282627483821       0.99999999999999767     
  0.95733900859640297       0.94178728486716146       0.93560068633056193       0.79629969760601305       0.59512518457458830       0.99538928800749171        1.0000000000000000     
  0.96510821911116806       0.95131190200185733       0.94464608664734007       0.81238223612304050       0.60768844902074759       0.99550864188155630        1.0000000000000011     
  0.97174705781353721       0.95965812135342743       0.95285106594639835       0.82842172197446251       0.62135561844856380       0.99563953458809107        1.0000000000000011     
  0.97740192620972122       0.96691681290357290       0.96022932571644859       0.84430694625070013       0.63615289129675312       0.99578237365444622        1.0000000000000016     
  0.98219221904171927       0.97318864131729232       0.96680961557237066       0.85992360529675949       0.65209688960980716       0.99593756860854676       0.99999999999999967     
  0.98621165774084674       0.97856792501644330       0.97262726479557771       0.87514539585282780       0.66917802462982512       0.99610841485381640       0.99999999999999933     
  0.98953947547258914       0.98314046205973438       0.97772338051217189       0.88984811135797770       0.68737207330191086       0.99628757254256362       0.99999999999999867     
  0.99224723210989885       0.98698201337549130       0.98214053487671749       0.90390772550856235       0.70662966776201874       0.99649490275912411        1.0000000000000020     
  0.99440405541853771       0.99016114251808074       0.98592153565470975       0.91720213764416603       0.72693638881309663       0.99730123779060920        1.0000000000000013     
  0.99607946058051344       0.99274343628152451       0.98911034432210376       0.92961906119663917       0.75330314743532800       0.99750435585216857       0.99999999999999833     
  0.99734338011110135       0.99479372908053765       0.99175219773855006       0.94105451412080998       0.83839242059477936       0.99772396581690714       0.99999999999999889     
  0.99826561876470887       0.99637860389880017       0.99363337367865456       0.95142514555991431       0.85595926409251466       0.99795797929119989       0.99999999999999822     
  0.99891360773128157       0.99756625165699275       0.99530828502949642       0.96067191134870666       0.87328623251005499       0.99820218218242429       0.99999999999999922     
  0.99935001199769935       0.99842509451103156       0.99625623743075675       0.96876322295796591       0.89012431178538221       0.99845063115351973       0.99999999999999933     
  0.99963034037612031       0.99902168734404040       0.99704606956178465       0.97569869732321290       0.90621866053102806       0.99869573205815265        1.0000000000000007     
  0.99980117045853734       0.99941784702515601       0.99774869669490496       0.98150790605976101       0.92131857466480549       0.99895658949995325       0.99999999999999922     
  0.99989932313342000       0.99966816927258417       0.99852182229548503       0.98625106917377214       0.93519636850207233       0.99939349405995159        1.0000000000000004     
  0.99995211318734600       0.99981805723014339       0.99899779102988095       0.99001598687646497       0.94766526245967897       0.99953303530636539       0.99999999999999800     
  0.99997819801588805       0.99990285854502181       0.99934331202853477       0.99291297644380316       0.95859280577462636       0.99965423958729893        1.0000000000000007     
  0.99999028666202849       0.99994799838042825       0.99959331695888876       0.99506886271753869       0.96791443295709245       0.99975732331068090       0.99999999999999956     
  0.99999550350781941       0.99997123473310523       0.99973806424720335       0.99661917900904762       0.97564099313693375       0.99984184458175684       0.99999999999999800     
  0.99999772170261469       0.99998320777804106       0.99983256429805534       0.99769856616614694       0.98185799101101989       0.99990744482173488        1.0000000000000033     
  0.99999874297292846       0.99998972729169699       0.99989055879397970       0.99843105783372665       0.98672034558198307       0.99995176820221077        1.0000000000000031     
  0.99999928364801960       0.99999365469574553       0.99992750478810066       0.99892451682604821       0.99043407060833522       0.99997781214370829        1.0000000000000016     
  0.99999960356849038       0.99999620229261499       0.99995294505143728       0.99926287547735138       0.99322721253944213       0.99999155252067395       0.99999999999999989     
  0.99999979850252851       0.99999789100838876       0.99997119959980119       0.99950511023040356       0.99532307023697686       0.99999754029223975        1.0000000000000004     
  0.99999991106684527       0.99999897072740829       0.99998415031901200       0.99968687701606673       0.99691169936018864       0.99999953366033700       0.99999999999999944     
  0.99999996767753929       0.99999958141688805       0.99999258240407640       0.99982469221285286       0.99815711309855248       0.99999986510805772       0.99999999999999878     
  0.99999999114412519       0.99999986893192283       0.99999725643455639       0.99991911059894945       0.99909261718357112       0.99999999394890060        1.0000000000000018     
  0.99999999847797216       0.99999997339055657       0.99999930808478177       0.99996369116591399       0.99930361507051013       0.99999999996433719       0.99999999999999989     
  0.99999999992669575       0.99999999828709962       0.99999993358760442       0.99998713065933831       0.99993460418159219       0.99999999999997335       0.99999999999999600     
  0.99999999999989853       0.99999999999537592       0.99999999958113894       0.99999964442032185       0.99993105906979707        1.0000000000000009       0.99999999999999956     
