  0.58398340602680843       0.58926142226767908       0.59483794296952142       0.60095299970480276       0.61552081964276240       0.65791483438518716       0.74245917564219566     
  0.57956340557694863       0.58502564406071655       0.59123472631460194       0.59879011792205894       0.61650503035926929       0.66426442790390317       0.75526281921362004     
  0.57555969656569173       0.58098263766525682       0.58764610017619290       0.59652015688824200       0.61726723408090645       0.67026305388146579       0.76751519634453669     
  0.57196731305739967       0.57726017665799134       0.58424009097456642       0.59430931796671993       0.61797011126748647       0.67607076539001065       0.77937450978998324     
  0.56876897001191851       0.57387789626315922       0.58108024141028125       0.59222909315860273       0.61869028601181952       0.68176733388065192       0.79091039325105017     
  0.56593376275169405       0.57083179754991742       0.57818366035939361       0.59031420565266823       0.61946271672981801       0.68739188178969424       0.80214892928777215     
  0.56342989313707659       0.56810731773521828       0.57554938857034499       0.58858172967565370       0.62030463396788149       0.69295849110664920       0.81308890798064193     
  0.56123374562750850       0.56568852142815085       0.57317889080054396       0.58703972293167783       0.62122482370089538       0.69847902470296952       0.82371467701058798     
  0.55932015390646017       0.56356083489177011       0.57106620458882884       0.58568885058094100       0.62222846714511670       0.70396056415203012       0.83402259856189642     
  0.55766684344237727       0.56169383734004474       0.56919934125886340       0.58452440271970940       0.62330129198152739       0.70941106781879493       0.84401348453238978     
  0.55624574769022228       0.56007064941424911       0.56756715962493554       0.58354475691583052       0.62445819495444788       0.71486187504153653       0.85369728974781789     
  0.55503197697967022       0.55866856145108468       0.56615889819601550       0.58275164231360543       0.62570619598257726       0.72026733615454552       0.86307226960813277     
  0.55400688589875713       0.55747329121103806       0.56496879725392246       0.58213315544010158       0.62704079643179433       0.72565211972495447       0.87214226926745131     
  0.55316692117419208       0.55646987134017367       0.56397636785010496       0.58166317721432370       0.62846041672725939       0.73104785160537644       0.88090494941183994     
  0.55247342439928127       0.55564125932344821       0.56316557696175784       0.58136101702493237       0.62998082826602553       0.73646700527956521       0.88935605463431211     
  0.55192327305968003       0.55500104594164856       0.56252681860467424       0.58123746885351912       0.63160956165485660       0.74192094612090442       0.89748789776151194     
  0.55150271449672306       0.55449921230025634       0.56206197184697126       0.58129059309088882       0.63335155460447579       0.74741818907447477       0.90529133579884191     
  0.55120788979491231       0.55414045625108532       0.56176414724199331       0.58150540925477301       0.63521222385562859       0.75296556605828224       0.91275707350137458     
  0.55101610678359170       0.55391794775771719       0.56162796308013219       0.58187851511238819       0.63719677782277262       0.75856826308713787       0.91987666391535383     
  0.55092725064637305       0.55382499215288261       0.56164659281719009       0.58241393964134358       0.63930915684194867       0.76422851851199636       0.92664295964382293     
  0.55094056738919472       0.55385802681020757       0.56181366746410499       0.58311023135688944       0.64155586950451904       0.76994982724624805       0.93305050591859251     
  0.55104947033396223       0.55401419057603085       0.56213247630623886       0.58396681642276094       0.64394165596505870       0.77573182056411016       0.93909605875969882     
  0.55125619000371273       0.55429251625113907       0.56260556483116808       0.58498317955589574       0.64647078499854271       0.78157359549986294       0.94477868923552089     
  0.55156239061121748       0.55469327657911094       0.56323197512412648       0.58616016740899546       0.64914877046760355       0.78747449710951778       0.95010026303021189     
  0.55197139869018519       0.55521584187925943       0.56401159650848909       0.58749940751276020       0.65198131195284026       0.79343324325599451       0.95506549697515564     
  0.55248672632143281       0.55586622034448996       0.56494375073383540       0.58900227423590024       0.65497352264889663       0.79944659600706680       0.95967957415493055     
  0.55311130952717291       0.55665112049637899       0.56602989499992651       0.59066852627096089       0.65812774677986075       0.80550863372055626       0.96394981720844541     
  0.55384863094324666       0.55756769397730344       0.56727453559644581       0.59249870406051142       0.66144523836087998       0.81161326133648570       0.96788574854407072     
  0.55470312051527970       0.55861899820606609       0.56868049805577825       0.59449595905992403       0.66492660197875975       0.81775483076396793       0.97149885294632998     
  0.55568169537718404       0.55980926740698522       0.57024830438456364       0.59665952948065526       0.66858056767903717       0.82392479243635519       0.97480037639391126     
  0.55678761613583960       0.56114139544971042       0.57197456847748684       0.59900278594221312       0.67240251854691369       0.83011729375907073       0.97780618848120771     
  0.55802667563990527       0.56262082405210090       0.57385964392513344       0.60151667251057084       0.67639109176458168       0.83632382234956093       0.98053106659392675     
  0.55939886232706981       0.56424772795667955       0.57590205667053740       0.60419911263968884       0.68055332846142191       0.84253297018862072       0.98299007888881207     
  0.56089967031647436       0.56602315434348816       0.57811632614536146       0.60707068098051453       0.68487026179824939       0.84873441380553671       0.98519918680267027     
  0.56252846471497076       0.56794554643373796       0.58049037469491338       0.61009827029456665       0.68937269830904291       0.85491896614408458       0.98717480484428055     
  0.56428287199133409       0.57000311215644661       0.58301064955651050       0.61329283987693750       0.69398162107270533       0.86107459663812358       0.98893346397839210     
  0.56619240506879287       0.57216845355593016       0.58565999601480123       0.61666461689772545       0.69875496089750122       0.86718904590766843       0.99049154700913677     
  0.56822297827231660       0.57442280630313325       0.58842521011497084       0.62016923265148083       0.70369017979486514       0.87324997874013299       0.99186525762571709     
  0.57032456315723057       0.57680342397883433       0.59128614793076217       0.62379281347448268       0.70874357851626602       0.87924423044252287       0.99307038473918441     
  0.57247271447078130       0.57924659218532537       0.59421163028247337       0.62750295934488309       0.71391557414017415       0.88515938238874459       0.99412259828861060     
  0.57465493048205185       0.58169751000634529       0.59716150469892737       0.63127677007311911       0.71913634416859840       0.89097656233262590       0.99503660280461437     
  0.57675521852486267       0.58409464888066942       0.60009389517517320       0.63509452067946714       0.72450124687816519       0.89667114489503763       0.99582629014393986     
  0.57865657173088547       0.58635078386453765       0.60295664248829572       0.63893793757477191       0.72986911617999484       0.90221504733958402       0.99650475891363133     
  0.58017329609932156       0.58833523064035964       0.60571149692962922       0.64276153739152531       0.73512025241386025       0.90758303353650405       0.99708372918205590     
   1.0000000000000000        1.0000000000000000        1.0000000000000000        1.0000000000000000        1.0000000000000000        1.0000000000000000        1.0000000000000000     
   1.0000000000000000        1.0000000000000000        1.0000000000000000        1.0000000000000000        1.0000000000000000        1.0000000000000000        1.0000000000000000     
   1.0000000000000000        1.0000000000000000        1.0000000000000000        1.0000000000000000        1.0000000000000000        1.0000000000000000        1.0000000000000000     
   1.0000000000000000        1.0000000000000000        1.0000000000000000        1.0000000000000000        1.0000000000000000        1.0000000000000000        1.0000000000000000     
   1.0000000000000000        1.0000000000000000        1.0000000000000000        1.0000000000000000        1.0000000000000000        1.0000000000000000        1.0000000000000000     
   1.0000000000000000        1.0000000000000000        1.0000000000000000        1.0000000000000000        1.0000000000000000        1.0000000000000000        1.0000000000000000     
   1.0000000000000000        1.0000000000000000        1.0000000000000000        1.0000000000000000        1.0000000000000000        1.0000000000000000        1.0000000000000000     
   1.0000000000000000        1.0000000000000000        1.0000000000000000        1.0000000000000000        1.0000000000000000        1.0000000000000000        1.0000000000000000     
   1.0000000000000000        1.0000000000000000        1.0000000000000000        1.0000000000000000        1.0000000000000000        1.0000000000000000        1.0000000000000000     
   1.0000000000000000        1.0000000000000000        1.0000000000000000        1.0000000000000000        1.0000000000000000        1.0000000000000000        1.0000000000000000     
   1.0000000000000000        1.0000000000000000        1.0000000000000000        1.0000000000000000        1.0000000000000000        1.0000000000000000        1.0000000000000000     
   1.0000000000000000        1.0000000000000000        1.0000000000000000        1.0000000000000000        1.0000000000000000        1.0000000000000000        1.0000000000000000     
   1.0000000000000000        1.0000000000000000        1.0000000000000000        1.0000000000000000        1.0000000000000000        1.0000000000000000        1.0000000000000000     
   1.0000000000000000        1.0000000000000000        1.0000000000000000        1.0000000000000000        1.0000000000000000        1.0000000000000000        1.0000000000000000     
   1.0000000000000000        1.0000000000000000        1.0000000000000000        1.0000000000000000        1.0000000000000000        1.0000000000000000        1.0000000000000000     
   1.0000000000000000        1.0000000000000000        1.0000000000000000        1.0000000000000000        1.0000000000000000        1.0000000000000000        1.0000000000000000     
   1.0000000000000000        1.0000000000000000        1.0000000000000000        1.0000000000000000        1.0000000000000000        1.0000000000000000        1.0000000000000000     
   1.0000000000000000        1.0000000000000000        1.0000000000000000        1.0000000000000000        1.0000000000000000        1.0000000000000000        1.0000000000000000     
   1.0000000000000000        1.0000000000000000        1.0000000000000000        1.0000000000000000        1.0000000000000000        1.0000000000000000        1.0000000000000000     
   1.0000000000000000        1.0000000000000000        1.0000000000000000        1.0000000000000000        1.0000000000000000        1.0000000000000000        1.0000000000000000     
   1.0000000000000000        1.0000000000000000        1.0000000000000000        1.0000000000000000        1.0000000000000000        1.0000000000000000        1.0000000000000000     
   1.0000000000000000        1.0000000000000000        1.0000000000000000        1.0000000000000000        1.0000000000000000        1.0000000000000000        1.0000000000000000     
   1.0000000000000000        1.0000000000000000        1.0000000000000000        1.0000000000000000        1.0000000000000000        1.0000000000000000        1.0000000000000000     
   1.0000000000000000        1.0000000000000000        1.0000000000000000        1.0000000000000000        1.0000000000000000        1.0000000000000000        1.0000000000000000     
   1.0000000000000000        1.0000000000000000        1.0000000000000000        1.0000000000000000        1.0000000000000000        1.0000000000000000        1.0000000000000000     
   1.0000000000000000        1.0000000000000000        1.0000000000000000        1.0000000000000000        1.0000000000000000        1.0000000000000000        1.0000000000000000     
   1.0000000000000000        1.0000000000000000        1.0000000000000000        1.0000000000000000        1.0000000000000000        1.0000000000000000        1.0000000000000000     
   1.0000000000000000        1.0000000000000000        1.0000000000000000        1.0000000000000000        1.0000000000000000        1.0000000000000000        1.0000000000000000     
   1.0000000000000000        1.0000000000000000        1.0000000000000000        1.0000000000000000        1.0000000000000000        1.0000000000000000        1.0000000000000000     
   1.0000000000000000        1.0000000000000000        1.0000000000000000        1.0000000000000000        1.0000000000000000        1.0000000000000000        1.0000000000000000     
   1.0000000000000000        1.0000000000000000        1.0000000000000000        1.0000000000000000        1.0000000000000000        1.0000000000000000        1.0000000000000000     
   1.0000000000000000        1.0000000000000000        1.0000000000000000        1.0000000000000000        1.0000000000000000        1.0000000000000000        1.0000000000000000     
   1.0000000000000000        1.0000000000000000        1.0000000000000000        1.0000000000000000        1.0000000000000000        1.0000000000000000        1.0000000000000000     
   1.0000000000000000        1.0000000000000000        1.0000000000000000        1.0000000000000000        1.0000000000000000        1.0000000000000000        1.0000000000000000     
   1.0000000000000000        1.0000000000000000        1.0000000000000000        1.0000000000000000        1.0000000000000000        1.0000000000000000        1.0000000000000000     
   1.0000000000000000        1.0000000000000000        1.0000000000000000        1.0000000000000000        1.0000000000000000        1.0000000000000000        1.0000000000000000     
   1.0000000000000000        1.0000000000000000        1.0000000000000000        1.0000000000000000        1.0000000000000000        1.0000000000000000        1.0000000000000000     
