   2.5280028853355097        2.4558878721759339        2.3288742489026584        2.1399711421596121        1.8423179841409991        5.4210613720537459        19.398121851759495     
   2.5435476471931868        2.4796477463161515        2.3613851360639155        2.1698936096405386        1.8219379211282454        5.3853629344296499        19.522304018620098     
   2.5527635013666652        2.4964535852780587        2.3868816383916154        2.1935345608865058        1.7859495078252206        5.2695856162859291        19.418669160845695     
   2.5568120193305743        2.5073553433415592        2.4061215546409391        2.2112528640579563        1.7360189176325893        5.0980593691843552        19.277884518524683     
   2.5566335449210595        2.5132136599763402        2.4197427751846328        2.2232649914106637        1.6727509866627306        4.9085451149924459        19.122371371654516     
   2.5529710669130110        2.5147685294594848        2.4283024152672001        2.2297580757855626        1.5982874880216076        4.7418363525654224        18.932854160003981     
   2.5463935582797599        2.5126225676863170        2.4323146642024014        2.2308878620530903        1.5152816737878811        4.6045608388271981        18.707620967266372     
   2.5373238143075034        2.5072598629162166        2.4322475086421393        2.2268069751800610        1.4257039602680635        4.4809776277003026        18.452702656166075     
   2.5260777613910199        2.4990692384059114        2.4284960633960786        2.2177147240564610        1.3314768917147275        4.3650259392662676        18.175027139262014     
   2.5128773407575062        2.4883475949970602        2.4213927292315516        2.2038629429088656        1.2343944649258347        4.2529643969557185        17.880187859468457     
   2.4978756381490648        2.4753162075478294        2.4112107623225221        2.1855144870092809        1.1366014985009238        4.1430942318605535        17.572659297858394     
   2.4811771668030711        2.4601505372526740        2.3981675342834241        2.1630632659449356        1.0401755853679451        4.0347592330860262        17.256050739692498     
   2.4628454736043031        2.4429746148841986        2.3824326354465311        2.1370236247414693       0.94683832029984294        3.9277492017214968        16.933251037835806     
   2.4429214850221448        2.4238731568478458        2.3641199751939426        2.1078799977665246       0.85718805680582044        3.8220367125691310        16.606590545395214     
   2.4214146856043097        2.4028826553486464        2.3432991474950633        2.0760478250682786       0.77121794060980475        3.7176874312429842        16.277919732232263     
   2.3982930319291373        2.3800137606251397        2.3200175727494434        2.0417993789832622       0.68924893038579416        3.6148192831926189        15.948713100753064     
   2.3735063336284092        2.3552335584722255        2.2942952504506438        2.0051583753088154       0.61136772553708996        3.5135669059790477        15.620138148119002     
   2.3469586495344585        2.3284784054682168        2.2661059496391540        1.9662521254697312       0.53769439750887060        3.4140894612412187        15.293114102180487     
   2.3185361293688134        2.2996644808611237        2.2354044113049198        1.9251966399040221       0.46810740248936111        3.3165344920760798        14.968357711830681     
   2.2881188414860412        2.2686799842735104        2.2021239431121553        1.8820831503767523       0.40230150570701950        3.2210404136970348        14.646423908005808     
   2.2555711270150822        2.2354008692130751        2.1661698400910874        1.8370571510519074       0.34002407203841351        3.1277307413205793        14.327729434154250     
   2.2207466458734104        2.1996966310345014        2.1274040885299441        1.7901918459172999       0.28112000306966278        3.0367099784743345        14.012592015075210     
   2.1834750758656161        2.1614136533352579        2.0856806374012260        1.7415212950998802       0.22550595619149613        2.9480813988238150        13.701253571059102     
   2.1435499266941327        2.1203829404626950        2.0408360183052592        1.6910533690377232       0.17313515640186722        2.8619264318228770        13.393891615226227     
   2.1007473419381553        2.0764035339916695        1.9926902685588801        1.6388122284132973       0.12399291196121287        2.7783141671972085        13.090644249029117     
   2.0548150714260167        2.0292385272316116        1.9410500168586831        1.5847792938555336        7.8081844739608552E-002   2.6973034749181566        12.791627812524569     
   2.0054684930477009        1.9786186814651312        1.8857253971955308        1.5288929173357499        3.5376573231086388E-002   2.6189382816452351        12.496935815382047     
   1.9523933837893668        1.9242457703061548        1.8265255994478877        1.4710613749766117       -4.1270245725047883E-003   2.5432515493676289        12.206641128224177     
   1.8952349653989788        1.8657803043197536        1.7632722679946413        1.4111610757102480       -4.0449757098782305E-002   2.4702600720228025        11.920800231973752     
   1.8335957105532519        1.8028425703953093        1.6957482983157326        1.3490337241599881       -7.3634301429911037E-002   2.3999701745081286        11.639470393612397     
   1.7670327799868497        1.7349979963035380        1.6237210856891870        1.2844453644863931      -0.10374404505222391        2.3323811403878549        11.362725305652878     
   1.6950301795055001        1.6617225401708968        1.5469492721981508        1.2171516442942452      -0.13088602770168975        2.2674799542305881        11.090630225563578     
   1.6170207685679270        1.5823959704263617        1.4651772659795683        1.1468431116396380      -0.15523158353232622        2.2052373430714596        10.823261505322771     
   1.5323482643416979        1.4962976894045903        1.3778385989475543        1.0731274483541617      -0.17699395156921827        2.1456119593608172        10.560690089736868     
   1.4402385005036851        1.4025743787280660        1.2844334475660746       0.99553719769251403      -0.19646599108669943        2.0885513447910462        10.302997238626665     
   1.3397852681918110        1.3002898511691070        1.1843614225753636       0.91350113325489535      -0.21402298913562171        2.0339913458517804        10.050271043198137     
   1.2299097838874093        1.1885779963830549        1.0771497479347172       0.82628887622219060      -0.23013037118426266        1.9818674873595739        9.8026142580879512     
   1.1093461550366697        1.0666372580853105       0.96209303337274699       0.73306498396015618      -0.24534715421072192        1.9321062289122310        9.5601351379175341     
  0.97648305048152440       0.93385700246136871       0.83817389894206518       0.63280680490637287      -0.26025265035307160        1.8846535505987503        9.3229537036547665     
  0.83000137491163084       0.78894893816377787       0.70376424653535641       0.52433654911262995      -0.27554185412131593        1.8394622772485236        9.0912101908350476     
  0.66897042395397588       0.63110796281985548       0.55722053830268659       0.40644653792689867      -0.29216257461013873        1.7964430576248014        8.8650899815291719     
  0.49172328875289228       0.45865303978936600       0.39707416426539993       0.27779809900550106      -0.31111180746800488        1.7554625112650140        8.6448270011499648     
  0.29545764092547877       0.26849582773927977       0.22085568669962002       0.13589880116082800      -0.33360432653907512        1.7163133837871165        8.4306939034638688     
   7.7522082762415123E-002   5.8710629891163116E-002   2.5231617819275340E-002  -2.0889538606487314E-002 -0.36082084398222602        1.6787350330387933        8.2230310104148501     
 -0.16114480225237882      -0.17311981196517978      -0.19203235589932102      -0.19266890492877392      -0.39149587613060371        1.6430066283173501        8.0222461392521200     
 -0.10650732449781621      -0.11920700858806978      -0.13776544930432474      -0.12908614550294148      -0.28861445150777887        1.6286356667356490        7.8288866041893348     
  -6.7172813863516909E-002  -7.6829200323953836E-002  -9.2342927983332851E-002  -7.4603991673374587E-002 -0.18617668701597162        1.6156605313715833        7.6394417634670502     
  -4.1065635782041282E-002  -4.6976402833873464E-002  -5.6601932334577686E-002  -2.8721309573356453E-002  -8.4583298526531250E-002   1.6039607995259197        7.4536863058790486     
  -2.3827728062144699E-002  -2.6553271690849319E-002  -2.9966212811861244E-002   8.8708740078360104E-003   1.5331718955508621E-002   1.5934033052771457        7.2713895228615719     
  -1.3736875916973658E-002  -1.3923088268441705E-002  -1.1469837320685020E-002   3.8531516468922090E-002  0.11231278950202675        1.5838584315257953        7.0923925749719690     
  -7.4039502176893703E-003  -6.5408182137261803E-003   2.1203537163977905E-004   6.0559548355100072E-002  0.20511862745698231        1.5752261876672957        6.9166851824277504     
  -3.4381822021500585E-003  -2.3269942647308182E-003   6.6419578001401195E-003   7.5325496364133590E-002  0.29246449779107575        1.5674354432565420        6.7443986049874045     
  -1.2082544884534144E-003  -5.0314937842984268E-005   9.3555210914541276E-003   8.3398391523872364E-002  0.37307101818930732        1.5604012614610276        6.5756470626458219     
  -9.2931469431779197E-005   1.0232392376455686E-003   9.6977274801476766E-003   8.5328017263677891E-002  0.44589040125917817        1.5540313981712113        6.4105320387546021     
   3.2674266489968759E-004   1.3568875351214712E-003   8.7253262313979462E-003   8.2061852564043317E-002  0.50833821356258613        1.5482520283117538        6.2492546612696103     
   3.7884292875534152E-004   1.2643678229916236E-003   7.1762912643277832E-003   7.4833382801337306E-002  0.55779126121233669        1.5430280242007774        6.0921515400735364     
   3.0063994331434038E-004   9.8611327973970172E-004   5.5053884309597383E-003   6.4990022211724827E-002  0.59248488184574344        1.5383545612909717        5.9395594352578645     
   2.1626639488439816E-004   6.8344972532226106E-004   3.9664191447523686E-003   5.3876512814889761E-002  0.61095207034899135        1.5342653177770049        5.7917102488934216     
   1.6218194204323136E-004   4.5057063355341217E-004   2.6789997905394386E-003   4.2558598360868838E-002  0.61221518822620036        1.5308579912192923        5.6487554216774329     
   1.3610051653382873E-004   3.0841650197442177E-004   1.7057743867405250E-003   3.1813903071176770E-002  0.59601321332179868        1.5283239649662623        5.5107960729398728     
   1.2629612154161856E-004   2.3816052253986897E-004   1.0436522425671165E-003   2.2467317028767149E-002  0.56296862172384032        1.5269856252483442        5.3778707376157273     
   1.2360041283392072E-004   2.1065440593162805E-004   6.4885851407490167E-004   1.4895476808100893E-002  0.51477886799871653        1.5273348440707364        5.2499491290593827     
   1.2322899969967468E-004   2.0293186139400872E-004   4.4752791011839045E-004   9.2588131648268061E-003  0.45397019278687256        1.5300531233937129        5.1268889316174739     
   1.2337265821925889E-004   2.0222654128234982E-004   3.6398491567194363E-004   5.4779484714029061E-003  0.38398794972213640        1.5360053717466515        5.0084484227380521     
   1.2354294287781600E-004   2.0315799154933890E-004   3.3867670973849356E-004   3.1186990618298823E-003  0.30922803700372720        1.5462021223539739        4.8942995312356441     
   1.2365779278597394E-004   2.0408082292709486E-004   3.3565044311549270E-004   1.8048605095656333E-003  0.23550118224215533        1.5616713678534924        4.7840489730195124     
   1.2372241904867666E-004   2.0469494489207507E-004   3.3815335248808185E-004   1.1565041078004002E-003  0.16837293516087701        1.5826647210844884        4.6772291670692381     
   1.2375261116123710E-004   2.0503277633049366E-004   3.4051895650748058E-004   8.7217590711175224E-004  0.11166123024835362        1.6079351148651213        4.5732336469849644     
   1.2376274902807803E-004   2.0517672556789247E-004   3.4171131527325127E-004   7.5359067408165860E-004   6.8292514726205858E-002   1.6337711051476740        4.4712775252103567     
   1.2376372259113893E-004   2.0520685034671669E-004   3.4194921912515235E-004   6.9571065171264164E-004   3.8613737244826536E-002   1.6523485429743927        4.3702290023722545     
   1.2376216529829881E-004   2.0518775795334501E-004   3.4161855926730697E-004   6.5654697822999162E-004   2.0893622145103121E-002   1.6500506070927448        4.2683924835200253     
   1.2376081873424532E-004   2.0516130153103621E-004   3.4107022288381103E-004   6.2548499613496351E-004   1.1394369625538900E-002   1.6047674843201245        4.1633097774290881     
   1.2376011916530652E-004   2.0514408906825967E-004   3.4056779387352557E-004   6.0157019778175609E-004   6.7177173608569864E-003   1.4867415960616155        4.0515187517722842     
   1.2375976957799877E-004   2.0513637980377764E-004   3.4024068557892746E-004   5.8459439522100655E-004   4.3583075823241746E-003   1.2774458017451420        3.9282660205595064     
   1.2375948384214981E-004   2.0513365271924530E-004   3.4008280533534134E-004   5.7370558283478801E-004   2.9786967219893588E-003  0.99179047998482817        3.7871175639625303     
   1.2375909872022834E-004   2.0513250801546608E-004   3.4002601790396770E-004   5.6763075525892415E-004   2.0752385821403803E-003  0.68125722510099396        3.6195323552097118     
   1.2375848378790599E-004   2.0513141129618098E-004   3.4001012810107474E-004   5.6485118010035293E-004   1.5018077352409462E-003  0.41049077286237839        3.4141779526088585     
   1.2375742791441002E-004   2.0512965355053747E-004   3.4000475338040410E-004   5.6386508381336086E-004   1.1810241501544738E-003  0.22093640275642165        3.1576473472060531     
   1.2375544418370728E-004   2.0512636585429182E-004   3.3999902556879904E-004   5.6360151298961113E-004   1.0267606603222329E-003  0.11345865529247613        2.8358132879255238     
   1.2375106923983328E-004   2.0511911715545832E-004   3.3998700022955545E-004   5.6353593418252148E-004   9.6369892857995785E-004   6.0645094379837450E-002   2.4353476820431883     
   1.2373698018796473E-004   2.0509577507399346E-004   3.3994834990034992E-004   5.6346632258157169E-004   9.4188246092177265E-004   3.2241002379281486E-002   1.9809328431159938     
