   2.4511647608247085     
   2.4656484798971783     
   2.4653730793560102     
   2.4538817515350195     
   2.4340948362026507     
   2.4091793448345764     
   2.3803987991776547     
   2.3475003327494535     
   2.3108167439973339     
   2.2707828167620385     
   2.2280217039140440     
   2.1832322258453640     
   2.1370808317884600     
   2.0899428305165988     
   2.0420098012780556     
   1.9934916346687310     
   1.9444367108781400     
   1.8949273871289309     
   1.8449753480501638     
   1.7945299097830607     
   1.7435642776658873     
   1.6920349829734744     
   1.6398969129985486     
   1.5870966679710330     
   1.5335877011983765     
   1.4793049801298255     
   1.4241578978216289     
   1.3680465246552314     
   1.3108538733426289     
   1.2524317114143737     
   1.1925902791962832     
   1.1311163848131784     
   1.0677459060312944     
   1.0020904194723157     
  0.93372021260947224     
  0.86211524851462251     
  0.78670730795888999     
  0.70681165298332893     
  0.62160290090804238     
  0.52998179941207624     
  0.43080299001542122     
  0.32284038046501007     
  0.20403614725024208     
   7.2526669212462064E-002
  -7.2084139769750422E-002
  -8.4065415223176700E-003
   4.8866290485856598E-002
   9.9569343878863792E-002
  0.14396772995988072     
  0.18223124103027738     
  0.21466680075873493     
  0.24161638366903038     
  0.26343391100483271     
  0.28044458250927917     
  0.29266765224017716     
  0.30013818666441699     
  0.30307032050422611     
  0.30169660124737929     
  0.29622801860007109     
  0.28692606587644315     
  0.27427294399635288     
  0.25883970489031677     
  0.24131955102347280     
  0.22254745412176416     
  0.20346592549285747     
  0.18538793295138692     
  0.16952208388215403     
  0.15659383570907878     
  0.14700025372484241     
  0.14029469910581091     
  0.13519102689967605     
  0.12940075694477540     
  0.12024223726062876     
  0.10593489767916778     
   8.7034033830895211E-002
   6.6540923852418651E-002
   4.8337787180338362E-002
   3.4877207816184405E-002
   2.6099024778750583E-002
   2.0204855418081008E-002
   1.5475464564478809E-002
