  0.58082580073999190       0.58934815303558330       0.59893628372689212       0.59837965342618793       0.56707462342632331       0.51486345524611321       0.51707624906069072     
  0.57417041945859071       0.58195382682491892       0.59172683965942019       0.59528247796033795       0.57377348119125204       0.53495041939149757       0.55189486848116542     
  0.56892475252792618       0.57590592294029008       0.58536386651782868       0.59172258813029621       0.57925798195105038       0.55334226134449938       0.58484406003622236     
  0.56478808569226813       0.57092327550074828       0.57989439285404887       0.58823501131369649       0.58408492737794482       0.56902540287329850       0.61728325772500348     
  0.56156195364541894       0.56683958298555848       0.57522394420802059       0.58500757336298825       0.58837327863970967       0.58328392814743102       0.64958452090290497     
  0.55909813787989837       0.56354201970250539       0.57126745262172074       0.58211497511839194       0.59207988783945764       0.59672687277989078       0.68167381064738797     
  0.55727048573138460       0.56093917681887540       0.56794838498023537       0.57956482310791169       0.59514215587818309       0.60971846285480757       0.71329433147466814     
  0.55597158647461886       0.55894159316456538       0.56520208171909236       0.57734023233708354       0.59765697008634133       0.62244892379253625       0.74411331325587304     
  0.55508052682736408       0.55744405861504664       0.56295612279093044       0.57541429238094188       0.59970013646518672       0.63498774995961027       0.77375488204897513     
  0.55447622223889048       0.55633715210382129       0.56113826121031629       0.57375989521422743       0.60131064323696948       0.64736776388437134       0.80184348567914432     
  0.55406595803021064       0.55552191141957430       0.55966653439765790       0.57231351052702317       0.60258494961895381       0.65960879895736713       0.82804690966070693     
  0.55378812895645280       0.55492068249518667       0.55848098518672318       0.57103335177916004       0.60363832925765315       0.67171555187582399       0.85210466254842643     
  0.55360096501232581       0.55447662535631537       0.55757903414170762       0.56992634950459764       0.60465775803757771       0.68369807839362462       0.87385992088248210     
  0.55347186886250865       0.55415157383499791       0.55690393709658026       0.56896927038591638       0.60569011741822498       0.69555155143580971       0.89324721542015439     
  0.55338407550407231       0.55391710425909746       0.55640918070215450       0.56816673135327733       0.60669378378941197       0.70727394707344726       0.91029659002028185     
  0.55332721736976476       0.55375333805715521       0.55606125562189301       0.56755586913224920       0.60773067108802892       0.71886108558377138       0.92511258475909552     
  0.55329571261944632       0.55364388568501766       0.55582914238346526       0.56708588782139291       0.60881608059844805       0.73030315718172956       0.93785162415150281     
  0.55328358514265785       0.55357586692881922       0.55568387801610331       0.56673234825498719       0.60998693044217767       0.74158958312451873       0.94870390638265167     
  0.55328226012428561       0.55354041472651938       0.55560078262940782       0.56649231260663158       0.61127773475146208       0.75270953219373493       0.95787498076231781     
  0.55328714542322754       0.55352872218246074       0.55558823854893113       0.56633179926314281       0.61269036202733773       0.76364859391615669       0.96557027879503199     
  0.55329593351079986       0.55353618148869232       0.55564150300341797       0.56624477066613876       0.61423019942270141       0.77439811394521041       0.97198839720802599     
  0.55330399256938334       0.55355267647307949       0.55574299829728124       0.56623796054904429       0.61590110122282071       0.78494631849789576       0.97731145001987985     
  0.55331425845141802       0.55357826550871148       0.55587309554490394       0.56630888751949282       0.61770532579701298       0.79528242950603789       0.98170362937076650     
  0.55332599552012407       0.55361448073165753       0.55601569657735128       0.56646122406761357       0.61964992736778846       0.80539975456716062       0.98531075467235385     
  0.55334005119649532       0.55366167667380017       0.55616101618388980       0.56670975611255536       0.62174458738068672       0.81529549300487136       0.98825996572344443     
  0.55335593113066017       0.55371757018124912       0.55631126503399497       0.56706194061908810       0.62399530105879986       0.82496151079153635       0.99066029558324720     
  0.55337103270619403       0.55377704252188265       0.55646001736602391       0.56750676016094248       0.62639620583109334       0.83438620291208820       0.99260443807704302     
  0.55338162558065263       0.55383654810097727       0.55660008030569708       0.56803431356951295       0.62894642742928664       0.84356153984844440       0.99417160263980364     
  0.55338589364231083       0.55389497026191614       0.55673061991318029       0.56863932503598569       0.63164951352327969       0.85248235409982498       0.99542903688678119     
  0.55337810238796226       0.55395093142777341       0.55683772109077723       0.56932156385539534       0.63451148689179449       0.86115081944349359       0.99643338304407025     
  0.55335274039826099       0.55399555041488924       0.55689814716498953       0.57005856961440449       0.63751542446687404       0.86955322090936515       0.99723139298242991     
  0.55329369177788501       0.55402202312109794       0.55688298427766791       0.57084057432155955       0.64066006861985980       0.87768450984176316       0.99786216617569889     
  0.55318180110973159       0.55401072447079380       0.55686203283299651       0.57164880266014240       0.64393289311092661       0.88553611295978574       0.99835796223527395     
  0.55299421652400937       0.55394976292305664       0.55676333382118015       0.57246745905827789       0.64732966613877074       0.89310038646268852       0.99874554697508666     
  0.55270156041304797       0.55382197385257470       0.55655123160655462       0.57327055201350385       0.65084490289014307       0.90037698450735049       0.99904686908693641     
  0.55227989180753501       0.55356275017514900       0.55609151335150964       0.57402590522002916       0.65446517116593972       0.90735275644036217       0.99927982506295021     
  0.55169896260943652       0.55309797713720343       0.55531389826862854       0.57466181920344761       0.65812723424662034       0.91401921604545255       0.99945880722548053     
  0.55092343268660948       0.55207586513366758       0.55418458937085469       0.57512582796938583       0.66177788041520169       0.92036766715841201       0.99959547950101579     
  0.54983330986791423       0.55039486776749424       0.55276119505253607       0.57532294404479989       0.66537760351104314       0.92638121924745809       0.99969922157324154     
  0.54780694903412164       0.54757933801027436       0.55087314257732489       0.57518577208163368       0.66892452027000182       0.93205693734664818       0.99977755860676643     
  0.54351245945315152       0.54363721089096850       0.54823659921556023       0.57462092031124956       0.67235874346143298       0.93734519629070434       0.99983638875351688     
  0.53733055006157304       0.53872349833011668       0.54481619343803278       0.57360911366235678       0.67562204730046116       0.94221634224489703       0.99988026395687535     
  0.52953939925389459       0.53219649748065145       0.54039355484862317       0.57188952227369161       0.67861647090264721       0.94664164967352415       0.99991277224634811     
  0.51967185932090632       0.52407780026248751       0.53490198208203588       0.56972950954792267       0.68145603542899436       0.95058843311400376       0.99993667654826757     
   1.0000000000000000        1.0000000000000000        1.0000000000000000        1.0000000000000000        1.0000000000000000        1.0000000000000000        1.0000000000000000     
   1.0000000000000000        1.0000000000000000        1.0000000000000000        1.0000000000000000        1.0000000000000000        1.0000000000000000        1.0000000000000000     
   1.0000000000000000        1.0000000000000000        1.0000000000000000        1.0000000000000000        1.0000000000000000        1.0000000000000000        1.0000000000000000     
   1.0000000000000000        1.0000000000000000        1.0000000000000000        1.0000000000000000        1.0000000000000000        1.0000000000000000        1.0000000000000000     
   1.0000000000000000        1.0000000000000000        1.0000000000000000        1.0000000000000000        1.0000000000000000        1.0000000000000000        1.0000000000000000     
   1.0000000000000000        1.0000000000000000        1.0000000000000000        1.0000000000000000        1.0000000000000000        1.0000000000000000        1.0000000000000000     
   1.0000000000000000        1.0000000000000000        1.0000000000000000        1.0000000000000000        1.0000000000000000        1.0000000000000000        1.0000000000000000     
   1.0000000000000000        1.0000000000000000        1.0000000000000000        1.0000000000000000        1.0000000000000000        1.0000000000000000        1.0000000000000000     
   1.0000000000000000        1.0000000000000000        1.0000000000000000        1.0000000000000000        1.0000000000000000        1.0000000000000000        1.0000000000000000     
   1.0000000000000000        1.0000000000000000        1.0000000000000000        1.0000000000000000        1.0000000000000000        1.0000000000000000        1.0000000000000000     
   1.0000000000000000        1.0000000000000000        1.0000000000000000        1.0000000000000000        1.0000000000000000        1.0000000000000000        1.0000000000000000     
   1.0000000000000000        1.0000000000000000        1.0000000000000000        1.0000000000000000        1.0000000000000000        1.0000000000000000        1.0000000000000000     
   1.0000000000000000        1.0000000000000000        1.0000000000000000        1.0000000000000000        1.0000000000000000        1.0000000000000000        1.0000000000000000     
   1.0000000000000000        1.0000000000000000        1.0000000000000000        1.0000000000000000        1.0000000000000000        1.0000000000000000        1.0000000000000000     
   1.0000000000000000        1.0000000000000000        1.0000000000000000        1.0000000000000000        1.0000000000000000        1.0000000000000000        1.0000000000000000     
   1.0000000000000000        1.0000000000000000        1.0000000000000000        1.0000000000000000        1.0000000000000000        1.0000000000000000        1.0000000000000000     
   1.0000000000000000        1.0000000000000000        1.0000000000000000        1.0000000000000000        1.0000000000000000        1.0000000000000000        1.0000000000000000     
   1.0000000000000000        1.0000000000000000        1.0000000000000000        1.0000000000000000        1.0000000000000000        1.0000000000000000        1.0000000000000000     
   1.0000000000000000        1.0000000000000000        1.0000000000000000        1.0000000000000000        1.0000000000000000        1.0000000000000000        1.0000000000000000     
   1.0000000000000000        1.0000000000000000        1.0000000000000000        1.0000000000000000        1.0000000000000000        1.0000000000000000        1.0000000000000000     
   1.0000000000000000        1.0000000000000000        1.0000000000000000        1.0000000000000000        1.0000000000000000        1.0000000000000000        1.0000000000000000     
   1.0000000000000000        1.0000000000000000        1.0000000000000000        1.0000000000000000        1.0000000000000000        1.0000000000000000        1.0000000000000000     
   1.0000000000000000        1.0000000000000000        1.0000000000000000        1.0000000000000000        1.0000000000000000        1.0000000000000000        1.0000000000000000     
   1.0000000000000000        1.0000000000000000        1.0000000000000000        1.0000000000000000        1.0000000000000000        1.0000000000000000        1.0000000000000000     
   1.0000000000000000        1.0000000000000000        1.0000000000000000        1.0000000000000000        1.0000000000000000        1.0000000000000000        1.0000000000000000     
   1.0000000000000000        1.0000000000000000        1.0000000000000000        1.0000000000000000        1.0000000000000000        1.0000000000000000        1.0000000000000000     
   1.0000000000000000        1.0000000000000000        1.0000000000000000        1.0000000000000000        1.0000000000000000        1.0000000000000000        1.0000000000000000     
   1.0000000000000000        1.0000000000000000        1.0000000000000000        1.0000000000000000        1.0000000000000000        1.0000000000000000        1.0000000000000000     
   1.0000000000000000        1.0000000000000000        1.0000000000000000        1.0000000000000000        1.0000000000000000        1.0000000000000000        1.0000000000000000     
   1.0000000000000000        1.0000000000000000        1.0000000000000000        1.0000000000000000        1.0000000000000000        1.0000000000000000        1.0000000000000000     
   1.0000000000000000        1.0000000000000000        1.0000000000000000        1.0000000000000000        1.0000000000000000        1.0000000000000000        1.0000000000000000     
   1.0000000000000000        1.0000000000000000        1.0000000000000000        1.0000000000000000        1.0000000000000000        1.0000000000000000        1.0000000000000000     
   1.0000000000000000        1.0000000000000000        1.0000000000000000        1.0000000000000000        1.0000000000000000        1.0000000000000000        1.0000000000000000     
   1.0000000000000000        1.0000000000000000        1.0000000000000000        1.0000000000000000        1.0000000000000000        1.0000000000000000        1.0000000000000000     
   1.0000000000000000        1.0000000000000000        1.0000000000000000        1.0000000000000000        1.0000000000000000        1.0000000000000000        1.0000000000000000     
   1.0000000000000000        1.0000000000000000        1.0000000000000000        1.0000000000000000        1.0000000000000000        1.0000000000000000        1.0000000000000000     
   1.0000000000000000        1.0000000000000000        1.0000000000000000        1.0000000000000000        1.0000000000000000        1.0000000000000000        1.0000000000000000     
