  0.65090800644651869       0.66983624215316506       0.70284315204653713       0.75027795050933377       0.82664696335168109        1.0437454085636195        1.8216960068168828     
  0.66556053084732492       0.68235945309209822       0.71330760903340817       0.76349697349099011       0.85072130743274244        1.0911597217561309        1.9773814706768316     
  0.68202452383142109       0.69671320121872937       0.72505177879214999       0.77647745396106771       0.87323439988487905        1.1364034681783233        2.1429222570053157     
  0.69975635351496468       0.71237540339054295       0.73803331182130671       0.78974621614053619       0.89406134919802660        1.1819043779177207        2.3196318011469041     
  0.71841855193842374       0.72902703679943781       0.75200122866658070       0.80328918477317357       0.91284037397614837        1.2281122945327578        2.5084296075719750     
  0.73762034786130892       0.74637408852923159       0.76674746993762366       0.81693683052544630       0.92992822228480365        1.2751891745282937        2.7101716643951672     
  0.75698562490012700       0.76410931823997230       0.78207571701324674       0.83059441360217201       0.94615749553020589        1.3232120192412127        2.9256724744769635     
  0.77623935849968539       0.78196886378092245       0.79780855852634069       0.84421831329894947       0.96193333078155863        1.3722352257780099        3.1557820817942859     
  0.79523154971107979       0.79973968204367751       0.81376223886427235       0.85781288908686315       0.97742633055793582        1.4222692914271307        3.4013147665721015     
  0.81380450101534219       0.81725905098501450       0.82975874077497291       0.87132284110369185       0.99268634924448496        1.4733115117740450        3.6631047390580180     
  0.83183594908157432       0.83440310305621046       0.84563892259676310       0.88461717651686778        1.0077401675621649        1.5253657940283121        3.9420427326513292     
  0.84924223286970213       0.85107035468882153       0.86122216636756066       0.89765877596922350        1.0225634920141571        1.5784138787298636        4.2390074811857259     
  0.86596558182755279       0.86718133424614796       0.87643880122001860       0.91038598447482599        1.0371653564525418        1.6324807277505302        4.5550350846600756     
  0.88195688522824656       0.88267620691194493       0.89122407332903386       0.92281352941478556        1.0515207912054609        1.6875491101527740        4.8910924770548290     
  0.89717860343463440       0.89749586948094007       0.90547726035322573       0.93492019846119545        1.0656305446274292        1.7436235430041485        5.2482594098539472     
  0.91159893539191816       0.91159768960321441       0.91911802456796732       0.94660713316564871        1.0794881258772888        1.8007109383309641        5.6276433593097765     
  0.92519485628460918       0.92494687328513003       0.93207388017771142       0.95784721503322656        1.0930736188113495        1.8587982980079829        6.0303388736929771     
  0.93793902185728228       0.93751314846194345       0.94427322421350524       0.96859982619188334        1.1063667989890957        1.9178700092658170        6.4574671064222153     
  0.94981936405896938       0.94927795118844394       0.95567410052062440       0.97879306546437439        1.1193469077669489        1.9779095049152007        6.9101739386044354     
  0.96082212271269463       0.96021233499167902       0.96603008252290667       0.98837134699992157        1.1319791287134582        2.0388751428305607        7.3895989748845201     
  0.97093333849691565       0.97032541910538506       0.97565598053800417       0.99728929207199490        1.1442524551205897        2.1007613609655076        7.8969302390795759     
  0.98014228059074648       0.97958998582876344       0.98409076232959114        1.0054749635319233        1.1561419385000473        2.1635371223708719        8.4333230658105922     
  0.98843335822231460       0.98795794438892581       0.99190253601842915        1.0128852204799730        1.1676202670444675        2.2271655929830385        8.9999385838461716     
  0.99579164393892816       0.99542918380980139       0.99877130777344247        1.0195306117171765        1.1786729755048440        2.2916337227149572        9.5980404189574333     
   1.0022081402002552        1.0020411584345159        1.0046722445361229        1.0253978150383840        1.1892974167192079        2.3569363289443710        10.229155579428445     
   1.0076662902974776        1.0077239590815925        1.0096719807748800        1.0304746199011954        1.1994903738296563        2.4230621393903577        10.894453203180323     
   1.0121551030140485        1.0124456373498283        1.0137321877640098        1.0347288131168886        1.2092135228239917        2.4899530042533038        11.595026431999662     
   1.0156668909917133        1.0161863473045274        1.0168358576345935        1.0381271353134987        1.2184327451528512        2.5575478349911704        12.331998452689618     
   1.0181915757613176        1.0189338872209246        1.0189752281475466        1.0406768340776471        1.2271285370573779        2.6258164750776647        13.106602971493947     
   1.0197231700008400        1.0206773929866433        1.0201486538675404        1.0423859836108036        1.2352784629706313        2.6947522519862686        13.920526448380329     
   1.0202331016977670        1.0213830920899347        1.0202688977709040        1.0432092612147357        1.2428394196224803        2.7642676138466613        14.774481135624674     
   1.0196923948915229        1.0210376618197874        1.0192656156176807        1.0431039954184897        1.2497778867347351        2.8343039686844338        15.669463862663298     
   1.0180714114304836        1.0195577308400148        1.0170830457287434        1.0419728544147842        1.2560263018278643        2.9047189795131523        16.606060786957460     
   1.0153369529901561        1.0169701725357183        1.0136721638122588        1.0396881253925903        1.2615250287349247        2.9754005670244799        17.584888661925866     
   1.0114279983194951        1.0127194693975867        1.0089567566866728        1.0362636705922932        1.2661645160456416        3.0459972498116130        18.606412442003339     
   1.0062202572114749        1.0065415741983001        1.0026933923954309        1.0314372975099260        1.2698718968162319        3.1164875090620510        19.670199931061767     
  0.99975178026796485       0.99827434194360865       0.99469764658855286        1.0252934622305643        1.2725201468783458        3.1866318495419339        20.775801677710568     
  0.99053983757888653       0.98766368668440208       0.98482257243937821        1.0176413285276729        1.2739663963574830        3.2562261405458441        21.922478198580738     
  0.97853681084105515       0.97378981009992793       0.97285656327977477        1.0082291600242497        1.2740499273336992        3.3250130911943101        23.109082026428329     
  0.96215922757755701       0.95639881528420478       0.95860095849208271       0.99694343792398510        1.2726155328464568        3.3927848471208493        24.334581221981804     
  0.93923221527438949       0.93521825945409198       0.94188339159293033       0.98332385198492844        1.2694723839601527        3.4592561036021983        25.597173687894387     
  0.91066586340190669       0.91019997573921929       0.92109959779402961       0.96708072543435597        1.2642959105938225        3.5240765438110238        26.894259135628467     
  0.87762709708312148       0.88085704690747668       0.89636967117024158       0.94789969663359985        1.2569226649808778        3.5869120852512810        28.222940115385995     
  0.83912424494826010       0.84642645612405809       0.86544962420741722       0.92512625756390254        1.2469435655120655        3.6470485750266524        29.576741484402397     
  0.80464765413731842       0.81621653329886923       0.84035712643987803       0.90434874150035505        1.2349320519844982        3.7038556338410844        30.948305189568270     
  0.76149636856011960       0.77554613152534480       0.80487580210116938       0.87739882122750190        1.2203691773398231        3.7561925011564683        32.329057148238832     
  0.72176296656349570       0.73874642936827006       0.77204141496635015       0.85109796054058351        1.2044301489354285        3.8033767995156107        33.709143942438274     
  0.68677674139162792       0.70481598065182072       0.74172120919422591       0.82563809696091461        1.1871558531299433        3.8450074700786927        35.081814106865266     
  0.65659882860346064       0.67444455528622038       0.71354805726457116       0.80121693737210486        1.1686950504546150        3.8810597068236614        36.443304787709941     
  0.63331801916018571       0.64866793356507724       0.68780764131770411       0.77800012777835026        1.1492895284385143        3.9118124524789093        37.792580855394753     
  0.61605467765497846       0.62863110203475303       0.66467035429780663       0.75605527498547054        1.1291002972766999        3.9373133364530002        39.126462717500097     
  0.60242960573449000       0.61350816255417573       0.64449963738797134       0.73526386500670260        1.1078115273962528        3.9566788841532081        40.432171413931876     
  0.59251637400357060       0.60157345950102015       0.62772953486670990       0.71552081772394815        1.0860550438971708        3.9688240422060801        41.693639539924128     
  0.58679020764607659       0.59273857216168568       0.61421247610764351       0.69684361497760072        1.0632397439138679        3.9730788246498765        42.897831531304440     
  0.58378548351031867       0.58723270721004350       0.60347903351200127       0.67928251729062528        1.0388647462612168        3.9688894324842474        44.031949561611604     
  0.58207331014297159       0.58415940118008680       0.59520485012242641       0.66282254819925235        1.0138463604497467        3.9553192335296576        45.077853956988235     
  0.58116209002527319       0.58237052461861594       0.58934866518360363       0.64744914168477463       0.98830455590364641        3.9310772720395031        46.011786836326017     
  0.58079258270492762       0.58135772214246884       0.58555507630231818       0.63323536551622861       0.96156641953089861        3.8947284082224076        46.806268851194595     
  0.58068692492376228       0.58088351640695735       0.58323038342928279       0.62034441258672435       0.93355442199784100        3.8448843316816226        47.432115758866985     
  0.58066378577128208       0.58071701526698583       0.58188035935218452       0.60892981954277403       0.90429565359624209        3.7801560344959917        47.857957190667236     
  0.58065951725138154       0.58067366781791574       0.58116824345264106       0.59946271210793667       0.87386907629722221        3.6993264019148087        48.052214095618993     
  0.58065892709008227       0.58066473208450120       0.58084917638725575       0.59235183326059937       0.84234415125418227        3.6013335547846346        47.983151158872900     
  0.58065882144711256       0.58066291298286421       0.58073265717951461       0.58735393579148720       0.80986099425318070        3.4855392200116548        47.622689480806990     
  0.58065876268877215       0.58066219907604999       0.58069644573667722       0.58411392037110166       0.77665822195410716        3.3518642322955117        46.948766579073940     
  0.58065872201964475       0.58066171188311411       0.58068412716035300       0.58236793915541563       0.74304353699907733        3.2007561081722540        45.946433425278066     
  0.58065869500301703       0.58066136006021707       0.58067769815590020       0.58150438974276331       0.70951873732027559        3.0331238134459637        44.607178927802430     
  0.58065867800664894       0.58066111666748166       0.58067321237869751       0.58111001510581817       0.67700109696897326        2.8501721659050889        42.927515023499858     
  0.58065866795840948       0.58066095805813556       0.58066994146296746       0.58093114903147924       0.64730938277050576        2.6536554455752768        40.913442780099970     
  0.58065866241545849       0.58066086178639198       0.58066763599209048       0.58083717350914277       0.62263249724504199        2.4458167347597795        38.580120555876526     
  0.58065865959652230       0.58066080788321073       0.58066610736487856       0.58077734457469732       0.60474143401982183        2.2295138497490354        35.956373837815399     
  0.58065865829647911       0.58066078034714863       0.58066517327366030       0.58073604433896076       0.59338822798027990        2.0083318848886940        33.085983516106950     
  0.58065865776506032       0.58066076773034414       0.58066465786409371       0.58070798970091553       0.58728617466247812        1.7863025876495624        30.024107259143602     
  0.58065865757460433       0.58066076266244537       0.58066440581360146       0.58069000564756545       0.58425252328230615        1.5680743660837007        26.838892211956225     
  0.58065865751538948       0.58066076090864094       0.58066429886997817       0.58067940661400519       0.58269993178723389        1.3588979359641111        23.605045238767307     
  0.58065865750004053       0.58066076039245007       0.58066426036571828       0.58067382622802288       0.58180956553035612        1.1643715035088598        20.403106323160891     
  0.58065865749686218       0.58066076026661129       0.58066424891249147       0.58067130806415446       0.58126702535433261       0.98993107969521499        17.311656579811650     
  0.58065865749637613       0.58066076024248747       0.58066424617515955       0.58067037253932485       0.58095318704385879       0.84123871790421123        14.415640065727020     
  0.58065865749632339       0.58066076023913638       0.58066424565645247       0.58067009629347177       0.58079135726660991       0.72620086445027732        11.784441911342554     
  0.58065865749631962       0.58066076023882018       0.58066424558318031       0.58067003402322381       0.58071839055669794       0.65091579104210806        9.4619702610310750     
  0.58065865749631929       0.58066076023880209       0.58066424557619289       0.58067002384150090       0.58069047727289980       0.61137788679610328        7.4824418449310173     
  0.58075168075345307       0.58075378349599027       0.58075726883302170       0.58076304593712624       0.58077492489241100       0.59401497496059485        5.8567927137625571     
