   1.1277234346659440E-004   1.0655666542114162E-003   4.1687228104966218E-003   6.5604178601868053E-003   4.1687228104966192E-003   1.0655666542114168E-003   1.1277234346659335E-004
   1.1267232542392881E-004   1.0646216007718229E-003   4.1650255609484788E-003   6.5545994109706658E-003   4.1650255609484840E-003   1.0646216007718207E-003   1.1267232542392745E-004
   1.1256830665955610E-004   1.0636387451946415E-003   4.1611804214184587E-003   6.5485482237858323E-003   4.1611804214184483E-003   1.0636387451946393E-003   1.1256830665955521E-004
   1.1246028717347714E-004   1.0626180874798810E-003   4.1571873919064792E-003   6.5422642986324615E-003   4.1571873919064592E-003   1.0626180874798825E-003   1.1246028717347592E-004
   1.1235169615572615E-004   1.0615920294597544E-003   4.1531732352542289E-003   6.5359471251977613E-003   4.1531732352542185E-003   1.0615920294597535E-003   1.1235169615572459E-004
   1.1224424820131843E-004   1.0605767720503591E-003   4.1492013328825409E-003   6.5296964483255605E-003   4.1492013328825426E-003   1.0605767720503574E-003   1.1224424820131797E-004
   1.1213737177858421E-004   1.0595669149463388E-003   4.1452505576511341E-003   6.5234790197346024E-003   4.1452505576511107E-003   1.0595669149463373E-003   1.1213737177858355E-004
   1.1203106688752254E-004   1.0585624581476829E-003   4.1413209095599807E-003   6.5172948394248758E-003   4.1413209095599651E-003   1.0585624581476839E-003   1.1203106688752143E-004
   1.1192304740144351E-004   1.0575418004329232E-003   4.1373278800480029E-003   6.5110109142714296E-003   4.1373278800480150E-003   1.0575418004329224E-003   1.1192304740144271E-004
   1.1181102719365715E-004   1.0564833405805722E-003   4.1331869605541307E-003   6.5044942511493526E-003   4.1331869605541029E-003   1.0564833405805720E-003   1.1181102719365659E-004
   1.1169386320081964E-004   1.0553762779799086E-003   4.1288558967977410E-003   6.4976783534961271E-003   4.1288558967977331E-003   1.0553762779799054E-003   1.1169386320081951E-004
   1.1156926929624187E-004   1.0541990114094435E-003   4.1242501802178045E-003   6.4904302281869027E-003   4.1242501802178019E-003   1.0541990114094387E-003   1.1156926929624129E-004
   1.1143838854326856E-004   1.0529623414799051E-003   4.1194120650948525E-003   6.4828163717840599E-003   4.1194120650948369E-003   1.0529623414799103E-003   1.1143838854326748E-004
   1.1129950634688125E-004   1.0516500672752163E-003   4.1142781700080344E-003   6.4747370394439459E-003   4.1142781700080084E-003   1.0516500672752189E-003   1.1129950634687980E-004
   1.1115262270708052E-004   1.0502621887953640E-003   4.1088484949573408E-003   6.4661922311665130E-003   4.1088484949573468E-003   1.0502621887953627E-003   1.1115262270707951E-004
   1.1099773762386553E-004   1.0487987060403302E-003   4.1031230399428565E-003   6.4571819469517941E-003   4.1031230399428400E-003   1.0487987060403259E-003   1.1099773762386545E-004
   1.1083370803389409E-004   1.0472488183993953E-003   4.0970595506838979E-003   6.4476396902373263E-003   4.0970595506839127E-003   1.0472488183993934E-003   1.1083370803389342E-004
   1.1065939087381901E-004   1.0456017252618234E-003   4.0906157729000458E-003   6.4374989644606214E-003   4.0906157729000431E-003   1.0456017252618182E-003   1.1065939087381870E-004
   1.1047364308029724E-004   1.0438466260168609E-003   4.0837494523106787E-003   6.4266932730592235E-003   4.0837494523106978E-003   1.0438466260168588E-003   1.1047364308029618E-004
   1.1027417852663797E-004   1.0419619194430357E-003   4.0763760803547181E-003   6.4150896229081354E-003   4.0763760803547234E-003   1.0419619194430405E-003   1.1027417852663665E-004
   1.1006042568116951E-004   1.0399422052349955E-003   4.0684745298918646E-003   6.4026547657262331E-003   4.0684745298918950E-003   1.0399422052349884E-003   1.1006042568116843E-004
   1.0983066994887408E-004   1.0377712824766064E-003   4.0599814195013406E-003   6.3892889566697269E-003   4.0599814195013502E-003   1.0377712824766088E-003   1.0983066994887297E-004
   1.0958319673473505E-004   1.0354329502517863E-003   4.0508333677622922E-003   6.3748924508949352E-003   4.0508333677622792E-003   1.0354329502517848E-003   1.0958319673473444E-004
   1.0931743450707966E-004   1.0329218082551445E-003   4.0410092475344234E-003   6.3594320001205728E-003   4.0410092475344070E-003   1.0329218082551427E-003   1.0931743450707935E-004
   1.0903338326590874E-004   1.0302378564866950E-003   4.0305090588177665E-003   6.3429076043467281E-003   4.0305090588177569E-003   1.0302378564866941E-003   1.0903338326590825E-004
   1.0872989994787721E-004   1.0273702943357009E-003   4.0192905473317338E-003   6.3252527670109148E-003   4.0192905473317320E-003   1.0273702943357039E-003   1.0872989994787693E-004
   1.0840412689462247E-004   1.0242921202753110E-003   4.0072480773750288E-003   6.3063012467068826E-003   4.0072480773749915E-003   1.0242921202753095E-003   1.0840412689462229E-004
   1.0805377797945687E-004   1.0209817330840520E-003   3.9942971403864489E-003   6.2859200503097741E-003   3.9942971403864498E-003   1.0209817330840395E-003   1.0805377797945557E-004
   1.0767771013903302E-004   1.0174283321511734E-003   3.9803954820855124E-003   6.2640426812570716E-003   3.9803954820855168E-003   1.0174283321511654E-003   1.0767771013903222E-004
   1.0727592337335200E-004   1.0136319174766841E-003   3.9655431024722167E-003   6.2406691395487717E-003   3.9655431024722028E-003   1.0136319174766802E-003   1.0727592337335134E-004
   1.0684441696070841E-004   1.0095546869230056E-003   3.9495921115646117E-003   6.2155666872162904E-003   3.9495921115646048E-003   1.0095546869230028E-003   1.0684441696070748E-004
   1.0638090477441069E-004   1.0051750392686568E-003   3.9324580008016120E-003   6.1886023311345942E-003   3.9324580008015956E-003   1.0051750392686576E-003   1.0638090477441008E-004
   1.0588081456108190E-004   1.0004497720706839E-003   3.9139717530609899E-003   6.1595100850538841E-003   3.9139717530610029E-003   1.0004497720706841E-003   1.0588081456108095E-004
   1.0534071713068622E-004   9.9534648349687820E-004   3.8940066055011616E-003   6.1280904592867199E-003   3.8940066055011585E-003   9.9534648349687517E-004   1.0534071713068561E-004
   1.0475604022984605E-004   9.8982197110427089E-004   3.8723935409998617E-003   6.0940774675832211E-003   3.8723935409998543E-003   9.8982197110427674E-004   1.0475604022984480E-004
   1.0412221160518067E-004   9.8383303244993633E-004   3.8489635424349099E-003   6.0572051236934639E-003   3.8489635424349055E-003   9.8383303244993178E-004   1.0412221160517945E-004
   1.0343351593996687E-004   9.7732566448015365E-004   3.8235053384035535E-003   6.0171409448051515E-003   3.8235053384035635E-003   9.7732566448015886E-004   1.0343351593996626E-004
   1.0268423791748176E-004   9.7024586414124966E-004   3.7958076575030750E-003   5.9735524481059248E-003   3.7958076575030733E-003   9.7024586414125064E-004   1.0268423791748059E-004
   1.0186866222100065E-004   9.6253962837953124E-004   3.7656592283306888E-003   5.9261071507834186E-003   3.7656592283306922E-003   9.6253962837953026E-004   1.0186866222099933E-004
   1.0098335966048959E-004   9.5417455536278041E-004   3.7329332880447585E-003   5.8746055631502328E-003   3.7329332880447542E-003   9.5417455536277640E-004   1.0098335966048922E-004
   1.0002318645089791E-004   9.4510204234267772E-004   3.6974396923827907E-003   5.8187484506752787E-003   3.6974396923828150E-003   9.4510204234267480E-004   1.0002318645089680E-004
   9.8981855743827653E-005   9.3526268596015485E-004   3.6589460428018135E-003   5.7581700822648980E-003   3.6589460428017996E-003   9.3526268596015279E-004   9.8981855743827612E-005
   9.7854223754229976E-005   9.2460788346689820E-004   3.6172621950392903E-003   5.6925712233880090E-003   3.6172621950392851E-003   9.2460788346689852E-004   9.7854223754229068E-005
   9.6625430658620748E-005   9.1299722692331122E-004   3.5718388434480899E-003   5.6210874187325342E-003   3.5718388434480882E-003   9.1299722692330971E-004   9.6625430658619854E-005
   9.5282331228536366E-005   9.0030650930589663E-004   3.5221900638019010E-003   5.5429539578300399E-003   3.5221900638019109E-003   9.0030650930590140E-004   9.5282331228535743E-005
   9.3815209425546832E-005   8.8644392542339221E-004   3.4679566947160506E-003   5.4576056198994988E-003   3.4679566947160411E-003   8.8644392542339666E-004   9.3815209425545843E-005
   9.2212634616203803E-005   8.7130146916840866E-004   3.4087161933850276E-003   5.3643774393162509E-003   3.4087161933850289E-003   8.7130146916841137E-004   9.2212634616202989E-005
   9.0475749863852398E-005   8.5488994115167922E-004   3.3445108140893842E-003   5.2633359126427652E-003   3.3445108140893725E-003   8.5488994115168334E-004   9.0475749863851545E-005
   8.8614842738595192E-005   8.3730654686985713E-004   3.2757208453540699E-003   5.1550795089412476E-003   3.2757208453540595E-003   8.3730654686985865E-004   8.8614842738594392E-005
   8.6646487658931489E-005   8.1870789517864302E-004   3.2029589742470677E-003   5.0405724283675160E-003   3.2029589742470690E-003   8.1870789517864237E-004   8.6646487658930635E-005
   8.4580972194963863E-005   7.9919119157467462E-004   3.1266054892933087E-003   4.9204131399838468E-003   3.1266054892933053E-003   7.9919119157467907E-004   8.4580972194962860E-005
   8.2408580308261366E-005   7.7866463086668277E-004   3.0463012291081244E-003   4.7940364230091813E-003   3.0463012291081343E-003   7.7866463086668591E-004   8.2408580308260485E-005
   8.0117309833705030E-005   7.5701480664192109E-004   2.9616025237457627E-003   4.6607440635376340E-003   2.9616025237457662E-003   7.5701480664192174E-004   8.0117309833704298E-005
   7.7705446176277066E-005   7.3422551798427507E-004   2.8724459917853769E-003   4.5204363167254697E-003   2.8724459917853743E-003   7.3422551798427399E-004   7.7705446176276388E-005
   7.5174703930994463E-005   7.1031296580985294E-004   2.7788950146477929E-003   4.3732129274164254E-003   2.7788950146477929E-003   7.1031296580985413E-004   7.5174703930994355E-005
   7.2520510844479433E-005   6.8523394767570087E-004   2.6807805752108241E-003   4.2188079093605814E-003   2.6807805752108102E-003   6.8523394767570412E-004   7.2520510844478986E-005
   6.9733722409972789E-005   6.5890205869592036E-004   2.5777646392300519E-003   4.0566892900581733E-003   2.5777646392300528E-003   6.5890205869592264E-004   6.9733722409972261E-005
   6.6805194120716892E-005   6.3123089398460009E-004   2.4695091724610914E-003   3.8863250970094638E-003   2.4695091724610862E-003   6.3123089398459988E-004   6.6805194120716390E-005
   6.3729210659987500E-005   6.0216645048804499E-004   2.3558029035011690E-003   3.7073828474021206E-003   2.3558029035011846E-003   6.0216645048804683E-004   6.3729210659987202E-005
   6.0502914369423694E-005   5.7168172667941878E-004   2.2365401966489553E-003   3.5196962998299184E-003   2.2365401966489640E-003   5.7168172667941574E-004   6.0502914369423348E-005
   5.7128591375714172E-005   5.3979832378018883E-004   2.1118055604655152E-003   3.3233984474178341E-003   2.1118055604655165E-003   5.3979832378018753E-004   5.7128591375713819E-005
   5.3613100058928065E-005   5.0658104545478835E-004   1.9818525206341531E-003   3.1188882695406782E-003   1.9818525206341518E-003   5.0658104545478651E-004   5.3613100058927632E-005
   4.9971300242546062E-005   4.7217029964281414E-004   1.8472303828020141E-003   2.9070302215105535E-003   1.8472303828020163E-003   4.7217029964281441E-004   4.9971300242546055E-005
   4.6226624725137189E-005   4.3678749886440433E-004   1.7088053597203983E-003   2.6891874828581172E-003   1.7088053597204009E-003   4.3678749886440302E-004   4.6226624725136837E-005
   4.2409936217008269E-005   4.0072425960948385E-004   1.5677183169641260E-003   2.4671554607700610E-003   1.5677183169641260E-003   4.0072425960948228E-004   4.2409936217008026E-005
   3.8556669681847616E-005   3.6431540081093944E-004   1.4252791372302486E-003   2.2429955486829565E-003   1.4252791372302556E-003   3.6431540081093911E-004   3.8556669681847284E-005
   3.4703974678359293E-005   3.2791194231776382E-004   1.2828610846366533E-003   2.0188688848770827E-003   1.2828610846366620E-003   3.2791194231776441E-004   3.4703974678359001E-005
   3.0893001486954268E-005   2.9190270611653533E-004   1.1419853132831302E-003   1.7971693456013736E-003   1.1419853132831354E-003   2.9190270611653528E-004   3.0893001486954010E-005
   2.7166614983061157E-005   2.5669271510993377E-004   1.0042363586903100E-003   1.5803905519484577E-003   1.0042363586903100E-003   2.5669271510993398E-004   2.7166614983060923E-005
   2.3570537700469544E-005   2.2271399372749025E-004   8.7130439208017393E-004   1.3711923664171538E-003   8.7130439208018000E-004   2.2271399372749033E-004   2.3570537700469402E-005
   2.0151635236314770E-005   1.9040936700947064E-004   7.4492183895528529E-004   1.1723011480687276E-003   7.4492183895528768E-004   1.9040936700947039E-004   2.0151635236314641E-005
   1.6953343997697246E-005   1.6018925816392750E-004   6.2669436197653502E-004   9.8624376627705346E-004   6.2669436197653437E-004   1.6018925816392755E-004   1.6953343997697080E-005
   1.4015099670010865E-005   1.3242628826133057E-004   5.1807973382289672E-004   8.1531435244735541E-004   5.1807973382289694E-004   1.3242628826133019E-004   1.4015099670010703E-005
   1.1367764963563918E-005   1.0741207379161012E-004   4.2021882006921949E-004   6.6130831376632856E-004   4.2021882006922095E-004   1.0741207379160970E-004   1.1367764963563832E-005
   9.0330580819068748E-006   8.5351826358793124E-005   3.3391445204595502E-004   5.2548908492090426E-004   3.3391445204595415E-004   8.5351826358792974E-005   9.0330580819068189E-006
   7.0206950634700668E-006   6.6337351154154581E-005   2.5952579113777382E-004   4.0842188669208381E-004   2.5952579113777344E-004   6.6337351154154703E-005   7.0206950634699880E-006
   5.3329620349429625E-006   5.0390249399170902E-005   1.9713734590577682E-004   3.1023971220480725E-004   1.9713734590577671E-004   5.0390249399171105E-005   5.3329620349429100E-006
   3.9572852995332737E-006   3.7391714375721787E-005   1.4628431926391578E-004   2.3021109927189802E-004   1.4628431926391546E-004   3.7391714375721808E-005   3.9572852995332355E-006
   2.8668028686393570E-006   2.7087931731458825E-005   1.0597373561926651E-004   1.6677337867530921E-004   1.0597373561926638E-004   2.7087931731458829E-005   2.8668028686393312E-006
   2.0289374369357444E-006   1.9171084060342661E-005   7.5001347976155617E-005   1.1803139838463853E-004   7.5001347976155536E-005   1.9171084060342634E-005   2.0289374369357275E-006
   1.4025387240113568E-006   1.3252349375797430E-005   5.1846002234784906E-005   8.1591282150958737E-005   5.1846002234784743E-005   1.3252349375797398E-005   1.4025387240113468E-006
