  0.57768628437244551       0.58580027599325724       0.59613564539858110       0.59797875267089706       0.57385274198677672       0.51655370095054309       0.51758585909090948     
  0.57133831636483101       0.57870505936314343       0.58901719544575837       0.59498353442340890       0.58058516779210667       0.53526882542211129       0.55048423557455706     
  0.56646957531213216       0.57302065941955238       0.58278179130144259       0.59153009381078314       0.58578505834020578       0.55060097486341164       0.58265820671977875     
  0.56275645026599241       0.56844744744745501       0.57751899446952648       0.58816812129729013       0.58969576765319376       0.56490690654743658       0.61479480512715390     
  0.56001383970389984       0.56482729663129827       0.57311192176744397       0.58502988359836039       0.59219622096247748       0.57871699933136944       0.64692329904710555     
  0.55804400673470822       0.56202783130446732       0.56946939999564161       0.58213045428523935       0.59352003212767013       0.59219126464486205       0.67891415499164820     
  0.55663792229644260       0.55989133177279560       0.56650311174103618       0.57947650819481111       0.59424845962452577       0.60541841774487104       0.71051887224685450     
  0.55563041087192155       0.55826487516358037       0.56412521670684501       0.57707610726280534       0.59473974616558600       0.61845761774697505       0.74140717123392397     
  0.55491946498291522       0.55702649554909067       0.56223917612454322       0.57494099075715532       0.59516993296866016       0.63133939443499676       0.77119817484191666     
  0.55442136921699092       0.55608668779227743       0.56075352773076970       0.57306185223658235       0.59561300735582690       0.64408088099990823       0.79950332840735605     
  0.55407132600259634       0.55537805442081301       0.55958956276369043       0.57139844580172128       0.59611655405662900       0.65669231565325148       0.82597210161858825     
  0.55382446644364069       0.55484562452934250       0.55865653569147389       0.56994330392530002       0.59669307619896961       0.66917306129479814       0.85032230839935330     
  0.55365135013258349       0.55444766647708887       0.55793628792251271       0.56868571525932810       0.59736781768286462       0.68152942992908527       0.87237617756803798     
  0.55352909052738819       0.55415265444976658       0.55740227883198690       0.56764749094981948       0.59814823648675230       0.69375346540805027       0.89205069304613427     
  0.55344114666175093       0.55393555601489941       0.55700710773970075       0.56681963399209612       0.59905373021339992       0.70584248943971639       0.90936335990848838     
  0.55337729960297766       0.55377935673113088       0.55671454489983230       0.56615624637745143       0.60009475145514612       0.71778835274363451       0.92441089600949888     
  0.55333232916610320       0.55367143384468365       0.55649461874092199       0.56564919057421403       0.60127580513465595       0.72957946948857155       0.93734599123736684     
  0.55330128723531258       0.55360183163377708       0.55632286545706200       0.56528319811183114       0.60260056435707543       0.74120305006489839       0.94835876885623605     
  0.55328191813056404       0.55356463008809975       0.55617897242483505       0.56503067715154509       0.60407177864523764       0.75264655685269621       0.95765727270410783     
  0.55327180770662376       0.55355146149795686       0.55600878660892661       0.56487697946361781       0.60568913081418196       0.76389909403404899       0.96545115220607669     
  0.55326936544570393       0.55356718631344837       0.55588921053062379       0.56480432859276120       0.60745471548084740       0.77494607858428122       0.97194342289236269     
  0.55327350503428641       0.55360343016047076       0.55569744765053275       0.56478326301363424       0.60936863029028032       0.78577528685077680       0.97732013018599673     
  0.55328280361674542       0.55364864519178747       0.55561015864800600       0.56480024235694914       0.61142909149697411       0.79637370414217590       0.98174927665940148     
  0.55329565866291386       0.55371151002138519       0.55551974562297279       0.56486908706858452       0.61363957940989000       0.80673407959076771       0.98538026016490698     
  0.55331197066812554       0.55380385699598489       0.55541751852474053       0.56498982329399416       0.61601941850409625       0.81686434802617836       0.98834364681692388     
  0.55333058479935082       0.55390652378061600       0.55533934178515787       0.56515871675252716       0.61856865082272672       0.82674520662574869       0.99075104590552310     
  0.55335029006973335       0.55401170993284621       0.55527078387168582       0.56536533532547961       0.62127932585657586       0.83636612237987940       0.99269675537951596     
  0.55337005885204749       0.55411436467397335       0.55520790119859920       0.56560137266269261       0.62414546520615211       0.84571582811985002       0.99426142486321956     
  0.55338841992495069       0.55421347780809538       0.55515357532143661       0.56587189308564745       0.62716685510139980       0.85478961977494261       0.99551363401703097     
  0.55340468495457418       0.55430837302652558       0.55511072757224011       0.56618512245819452       0.63034994284299428       0.86359970147258602       0.99651114546638075     
  0.55341151782628240       0.55438683143394440       0.55504871634152364       0.56652519704848625       0.63367584567535673       0.87212291037274214       0.99730156691152183     
  0.55340219757256681       0.55444381094306416       0.55494877888996241       0.56688504680967033       0.63714114313820591       0.88035560200394025       0.99792439813282119     
  0.55336694967602329       0.55446007205289072       0.55478872863583606       0.56723171543047957       0.64072963223894441       0.88828578300904038       0.99841226420577900     
  0.55329415985969799       0.55443186184236060       0.55454873118233317       0.56752741391176620       0.64442811032970782       0.89590790466906678       0.99879223686060070     
  0.55316442806925703       0.55423996990826108       0.55419889511372267       0.56775836215244957       0.64820836649717739       0.90318610693562351       0.99908598323755038     
  0.55294872129759154       0.55379103167774624       0.55365876960759619       0.56782422465836746       0.65205151409076068       0.91014204689360290       0.99931202908396777     
  0.55264873473669263       0.55298256644055366       0.55285725105165773       0.56779738221379006       0.65592229842853444       0.91676713620419226       0.99948491264154415     
  0.55193931528750717       0.55170738048490653       0.55173627168640027       0.56760718434789015       0.65977681807774013       0.92305871985026866       0.99961637324835462     
  0.55064720568455350       0.54954702031610536       0.55021325817054756       0.56715604964862421       0.66357644372465674       0.92900746042539384       0.99971573156810933     
  0.54824711321341058       0.54636426754420986       0.54820257095191216       0.56642573304400379       0.66728490131887486       0.93459841035919722       0.99979039377508416     
  0.54344360177530671       0.54200493987715592       0.54562165980870692       0.56526869787176981       0.67087505734406205       0.93980200878365761       0.99984617635910766     
  0.53652099993432745       0.53643105224575249       0.54193155239799073       0.56358773007582952       0.67419192684156370       0.94458531280100921       0.99988761307531537     
  0.52792959733425526       0.52948363150541589       0.53708014591777276       0.56134753349629241       0.67731991861236984       0.94892562260694990       0.99991821807308923     
  0.51745235201138651       0.52086954618434889       0.53015457868472093       0.55843124234237063       0.68009998563722351       0.95279079734016836       0.99994066053994535     
   1.0000000000000000        1.0000000000000000        1.0000000000000000        1.0000000000000000        1.0000000000000000        1.0000000000000000        1.0000000000000000     
   1.0000000000000000        1.0000000000000000        1.0000000000000000        1.0000000000000000        1.0000000000000000        1.0000000000000000        1.0000000000000000     
   1.0000000000000000        1.0000000000000000        1.0000000000000000        1.0000000000000000        1.0000000000000000        1.0000000000000000        1.0000000000000000     
   1.0000000000000000        1.0000000000000000        1.0000000000000000        1.0000000000000000        1.0000000000000000        1.0000000000000000        1.0000000000000000     
   1.0000000000000000        1.0000000000000000        1.0000000000000000        1.0000000000000000        1.0000000000000000        1.0000000000000000        1.0000000000000000     
   1.0000000000000000        1.0000000000000000        1.0000000000000000        1.0000000000000000        1.0000000000000000        1.0000000000000000        1.0000000000000000     
   1.0000000000000000        1.0000000000000000        1.0000000000000000        1.0000000000000000        1.0000000000000000        1.0000000000000000        1.0000000000000000     
   1.0000000000000000        1.0000000000000000        1.0000000000000000        1.0000000000000000        1.0000000000000000        1.0000000000000000        1.0000000000000000     
   1.0000000000000000        1.0000000000000000        1.0000000000000000        1.0000000000000000        1.0000000000000000        1.0000000000000000        1.0000000000000000     
   1.0000000000000000        1.0000000000000000        1.0000000000000000        1.0000000000000000        1.0000000000000000        1.0000000000000000        1.0000000000000000     
   1.0000000000000000        1.0000000000000000        1.0000000000000000        1.0000000000000000        1.0000000000000000        1.0000000000000000        1.0000000000000000     
   1.0000000000000000        1.0000000000000000        1.0000000000000000        1.0000000000000000        1.0000000000000000        1.0000000000000000        1.0000000000000000     
   1.0000000000000000        1.0000000000000000        1.0000000000000000        1.0000000000000000        1.0000000000000000        1.0000000000000000        1.0000000000000000     
   1.0000000000000000        1.0000000000000000        1.0000000000000000        1.0000000000000000        1.0000000000000000        1.0000000000000000        1.0000000000000000     
   1.0000000000000000        1.0000000000000000        1.0000000000000000        1.0000000000000000        1.0000000000000000        1.0000000000000000        1.0000000000000000     
   1.0000000000000000        1.0000000000000000        1.0000000000000000        1.0000000000000000        1.0000000000000000        1.0000000000000000        1.0000000000000000     
   1.0000000000000000        1.0000000000000000        1.0000000000000000        1.0000000000000000        1.0000000000000000        1.0000000000000000        1.0000000000000000     
   1.0000000000000000        1.0000000000000000        1.0000000000000000        1.0000000000000000        1.0000000000000000        1.0000000000000000        1.0000000000000000     
   1.0000000000000000        1.0000000000000000        1.0000000000000000        1.0000000000000000        1.0000000000000000        1.0000000000000000        1.0000000000000000     
   1.0000000000000000        1.0000000000000000        1.0000000000000000        1.0000000000000000        1.0000000000000000        1.0000000000000000        1.0000000000000000     
   1.0000000000000000        1.0000000000000000        1.0000000000000000        1.0000000000000000        1.0000000000000000        1.0000000000000000        1.0000000000000000     
   1.0000000000000000        1.0000000000000000        1.0000000000000000        1.0000000000000000        1.0000000000000000        1.0000000000000000        1.0000000000000000     
   1.0000000000000000        1.0000000000000000        1.0000000000000000        1.0000000000000000        1.0000000000000000        1.0000000000000000        1.0000000000000000     
   1.0000000000000000        1.0000000000000000        1.0000000000000000        1.0000000000000000        1.0000000000000000        1.0000000000000000        1.0000000000000000     
   1.0000000000000000        1.0000000000000000        1.0000000000000000        1.0000000000000000        1.0000000000000000        1.0000000000000000        1.0000000000000000     
   1.0000000000000000        1.0000000000000000        1.0000000000000000        1.0000000000000000        1.0000000000000000        1.0000000000000000        1.0000000000000000     
   1.0000000000000000        1.0000000000000000        1.0000000000000000        1.0000000000000000        1.0000000000000000        1.0000000000000000        1.0000000000000000     
   1.0000000000000000        1.0000000000000000        1.0000000000000000        1.0000000000000000        1.0000000000000000        1.0000000000000000        1.0000000000000000     
   1.0000000000000000        1.0000000000000000        1.0000000000000000        1.0000000000000000        1.0000000000000000        1.0000000000000000        1.0000000000000000     
   1.0000000000000000        1.0000000000000000        1.0000000000000000        1.0000000000000000        1.0000000000000000        1.0000000000000000        1.0000000000000000     
   1.0000000000000000        1.0000000000000000        1.0000000000000000        1.0000000000000000        1.0000000000000000        1.0000000000000000        1.0000000000000000     
   1.0000000000000000        1.0000000000000000        1.0000000000000000        1.0000000000000000        1.0000000000000000        1.0000000000000000        1.0000000000000000     
   1.0000000000000000        1.0000000000000000        1.0000000000000000        1.0000000000000000        1.0000000000000000        1.0000000000000000        1.0000000000000000     
   1.0000000000000000        1.0000000000000000        1.0000000000000000        1.0000000000000000        1.0000000000000000        1.0000000000000000        1.0000000000000000     
   1.0000000000000000        1.0000000000000000        1.0000000000000000        1.0000000000000000        1.0000000000000000        1.0000000000000000        1.0000000000000000     
   1.0000000000000000        1.0000000000000000        1.0000000000000000        1.0000000000000000        1.0000000000000000        1.0000000000000000        1.0000000000000000     
   1.0000000000000000        1.0000000000000000        1.0000000000000000        1.0000000000000000        1.0000000000000000        1.0000000000000000        1.0000000000000000     
