   1.9698187917617227        1.9212393968414092        1.8625988310378814        1.9515176395765428        1.1317719921973588        4.4099053426027037        18.964650334726898     
   1.9823327456063706        1.9410973759755663        1.8918597188825883        1.9878271706432860        1.1205142291309567        4.3799066649089866        19.100723627920793     
   1.9898925649206680        1.9553228377597716        1.9154596618103248        2.0186238137067769        1.0927816778116028        4.2604720381518968        18.971179533392021     
   1.9935069656967108        1.9649171979502860        1.9341449219093358        2.0444710257541505        1.0508480809753868        4.0739621845213554        18.688010509372852     
   1.9939607421216281        1.9706746141206000        1.9485395326489068        2.0656360077646196       0.99534797844544265        3.8420215671572997        18.385875937106178     
   1.9918514945093291        1.9732250013193187        1.9591573517682521        2.0822599751351918       0.92768882961127785        3.6039461955266412        18.120609378495153     
   1.9876290546193609        1.9730640752807538        1.9664168293807667        2.0944872624448685       0.85006493590553234        3.3935332377558804        17.869799482512981     
   1.9816120907419701        1.9705529014634455        1.9706432317819589        2.1024915007322020       0.76524078857789868        3.2196616855639575        17.607811047518620     
   1.9740284683607290        1.9659548448415876        1.9720928873991450        2.1064133371924969       0.67520608673225013        3.0684324551181530        17.327844628918186     
   1.9650313043166872        1.9594641079047577        1.9709865695230029        2.1063558750124893       0.58154719048816883        2.9323322506949503        17.032472800610570     
   1.9547164889111044        1.9512191119013926        1.9675141866614665        2.1023812925828556       0.48553277496327035        2.8066992804669328        16.724877347624293     
   1.9431333322569437        1.9413156142223764        1.9618328784983563        2.0944996331121293       0.38835339235222177        2.6886169920131966        16.408248669155959     
   1.9302968306443826        1.9298326843466667        1.9540639882838529        2.0827137386776298       0.29145623789818337        2.5763445148496924        16.085385889361429     
   1.9162123054317248        1.9168212086670153        1.9442967773713358        2.0670543497930112       0.19627429551901021        2.4688775145274779        15.758648203871116     
   1.9008632915620740        1.9023154004410390        1.9326259640856509        2.0475984519999697       0.10413495419795173        2.3656035319965589        15.429958942424809     
   1.8842096257045351        1.8863222479123913        1.9190961947011067        2.0244977277228511        1.6156810300866988E-002   2.2661752442674263        15.100876012170303     
   1.8662023276556492        1.8688375389043468        1.9037343977878416        1.9979833498933104       -6.6767449784610786E-002   2.1703878450036664        14.772646939357108     
   1.8467699335162648        1.8498387662775226        1.8865383997036285        1.9683241944582011      -0.14420282510785226        2.0781533923405999        14.446263527864977     
   1.8258414870699682        1.8292913761137086        1.8674727452486934        1.9358016580046609      -0.21594204679734963        1.9894327946041350        14.122505809545258     
   1.8033402105226530        1.8071349492958360        1.8464973404264180        1.9007100043395249      -0.28195936137743499        1.9042234196689660        13.801982661027415     
   1.7791773959458916        1.7832876444918000        1.8235446794451760        1.8633305092979455      -0.34229306043773161        1.8225423603560229        13.485156782753148     
   1.7532784631187641        1.7576499135767967        1.7985274208835800        1.8239162150839470      -0.39704113414927733        1.7444103876899351        13.172383488268064     
   1.7255169417181206        1.7300952104420706        1.7713453450788259        1.7826758980379596      -0.44631735319358407        1.6698669439481111        12.863936062923685     
   1.6957595219455295        1.7005044378193153        1.7418717268913178        1.7397564667580094      -0.49022600027718227        1.5989418026915236        12.560017655721207     
   1.6638507795951456        1.6687239858584539        1.7099481832834831        1.6953034008842880      -0.52885150112724699        1.5316606945815556        12.260786356750492     
   1.6295889015841372        1.6345803008624717        1.6753843362747058        1.6493260937113683      -0.56225674646308521        1.4680439949311215        11.966373041350053     
   1.5927569967010631        1.5978768783909278        1.6379619184940670        1.6018494871994335      -0.59048825636820523        1.4081004214800583        11.676881194733825     
   1.5531118189294966        1.5583950251521494        1.5974230693494980        1.5528369234605082      -0.61356978596584322        1.3518317571397669        11.392390905440601     
   1.5103842350748644        1.5158839988832027        1.5534745700742154        1.5021857124452822      -0.63152707007962205        1.2992233740496806        11.112962682055352     
   1.4642748445150917        1.4700636282751500        1.5057846390445739        1.4497735747975171      -0.64440192906388216        1.2502482139165116        10.838654218556298     
   1.4144649215355687        1.4206203186053867        1.4539615996617439        1.3955106475679424      -0.65227002462433981        1.2048685147017901        10.569535296409949     
   1.3605849610869931        1.3671925577743205        1.3975719156882644        1.3391850660689633      -0.65520544717998774        1.1630334163561500        10.305665057638903     
   1.3022095671449878        1.3093571262320034        1.3361989556057305        1.2806205352672175      -0.65329572265449731        1.1246710093871819        10.047110597461959     
   1.2388609581286032        1.2466081362354662        1.2694458230700971        1.2196020283406968      -0.64665126991201283        1.0896943263289025        9.7939312832549952     
   1.1699899151623947        1.1783494140084356        1.1969169909689272        1.1557263912884228      -0.63543924245153238        1.0580004405679115        9.5461938021738622     
   1.0949564130446103        1.1038725236498661        1.1182146528160473        1.0885729162066575      -0.61950983243252278        1.0294680631727675        9.3039690087485241     
   1.0129824808280397        1.0223574538756208        1.0327462985619817        1.0176278997030950      -0.59940455729484499        1.0039682017356160        9.0673395812755331     
  0.92311414083903387       0.93284712996832009       0.93966788757195241       0.94212570360254400      -0.57559226693517895       0.98136122754465216        8.8363907347511859     
  0.82416757548157471       0.83416189371409011       0.83805904048293833       0.86125412229573528      -0.54792380945706864       0.96152038219888714        8.6112160342942037     
  0.71495710917831534       0.72452452749471974       0.72723642182385562       0.77396862649514697      -0.51692512583075501       0.94432465890366057        8.3919254405484462     
  0.59390381427786754       0.60223395153840686       0.60658204108524105       0.67885481088101085      -0.48314816334754246       0.92960187646345915        8.1786680476334634     
  0.45753482048750982       0.46573078531045525       0.47471917387171392       0.57419051259475995      -0.44708894476066452       0.91710379869738301        7.9716356443325198     
  0.30326430334775811       0.31238180231301865       0.32978644550613267       0.45808871410650126      -0.40984372570330890       0.90650562606660934        7.7710514509784430     
  0.12815624796054026       0.13993417241268039       0.16918365198207719       0.32740349018791087      -0.37321601692499928       0.89742344264113416        7.5771972064398030     
  -6.8559341525841880E-002  -5.3838274927784008E-002  -1.1176321768004361E-002  0.18044341110972711      -0.33409583389890191       0.88991319079797959        7.3904157338569281     
  -4.0278799477446947E-002  -2.5689505264103293E-002   1.9404193468326513E-002  0.21870502296962593      -0.19654606758763793       0.89773791097636479        7.2111862481637976     
  -2.0846093286895625E-002  -7.1307996661578513E-003   3.8629397222201281E-002  0.24568024542070749       -6.0613973111577985E-002  0.90772130022113928        7.0363460986267041     
  -1.0152360982100298E-002   2.9630804214395550E-003   4.8490921935604295E-002  0.26237273177425435        7.6555763338364183E-002  0.91978696422003403        6.8656690474035607     
  -3.6612423725587459E-003   7.8211925584115802E-003   5.1336870002634698E-002  0.26932358614004681       0.20965293903354609       0.93385279873894822        6.6989242961707784     
   1.7479921616397694E-004   9.7390585826581423E-003   4.9433315240011148E-002  0.26715132965247823       0.33566062561944221       0.94984282659004482        6.5359474562225595     
   1.8779209861356494E-003   9.8116280073677360E-003   4.4695550866730313E-002  0.25678769698855852       0.45280678347590325       0.96770503333618241        6.3767106933360607     
   2.2992251622261329E-003   8.6923041290911454E-003   3.8502595037332936E-002  0.23953110167931851       0.55929864263172158       0.98742448380410086        6.2213166645845277     
   2.0502772947791721E-003   6.9899450577108327E-003   3.1731144815557152E-002  0.21694958670756609       0.65324290795696272        1.0089854040102484        6.0698508938597149     
   1.5623022140270010E-003   5.1960474700537594E-003   2.4993478228656812E-002  0.19079069239774360       0.73239742378525241        1.0324192662264142        5.9223912211028376     
   1.0723674816721152E-003   3.6184229475864933E-003   1.8778878181794925E-002  0.16286357706836396       0.79425003747357681        1.0578199007272846        5.7791162867118810     
   6.8566101321228636E-004   2.3791280493862810E-003   1.3447799930190305E-002  0.13484941948822676       0.83710071135592734        1.0853373736859515        5.6403392068312215     
   4.2118566008959195E-004   1.4884736210751732E-003   9.1730643074124634E-003  0.10814004696192907       0.85969148448679900        1.1152317269146736        5.5063658638819017     
   2.6320206023989123E-004   8.9778584037585041E-004   5.9589149450644825E-003   8.3830857317600635E-002  0.86105012097883304        1.1478911583211964        5.3773884072341804     
   1.8218521119431715E-004   5.4207303842588391E-004   3.6922860852081204E-003   6.2596796530187709E-002  0.84080660141504049        1.1838812148910149        5.2535164074067824     
   1.4747567798517125E-004   3.5154074553185442E-004   2.2000068052218762E-003   4.4674852702741137E-002  0.79940564894473554        1.2239884915891484        5.1348099047583373     
   1.3535323798824538E-004   2.6356249888467674E-004   1.2893442819113591E-003   3.0362702908408035E-002  0.73834704198888768        1.2692604839438777        5.0212700848819276     
   1.3206158070168595E-004   2.2985650493450292E-004   7.8264769231418691E-004   1.9531495336798699E-002  0.66039807316862353        1.3211482943384951        4.9128343096584723     
   1.3147794051835736E-004   2.1975516601449891E-004   5.3187275928138491E-004   1.1882761610765296E-002  0.56957472824818511        1.3809673533198463        4.8093346830243631     
   1.3149966601703287E-004   2.1785231311288980E-004   4.2480554852749361E-004   6.9739574822232347E-003  0.47105012107251815        1.4502552053519220        4.7105121220598782     
   1.3158170036464356E-004   2.1799801934103922E-004   3.8656546396495522E-004   4.0140757836543339E-003  0.37117319046914948        1.5313705380194693        4.6160285561809147     
   1.3163012620434188E-004   2.1833709729491535E-004   3.7522482775704358E-004   2.3789842674134675E-003  0.27684818596961430        1.6242286823429022        4.5254876997180293     
   1.3164699391693838E-004   2.1850399146176359E-004   3.7189858738010903E-004   1.5446500410029337E-003  0.19429258704484736        1.7266637934289863        4.4384281462493815     
   1.3164647290456592E-004   2.1850974443742656E-004   3.7003579167387674E-004   1.1402444821412600E-003  0.12707285547617472        1.8324991954103855        4.3542675684405419     
   1.3163997511837026E-004   2.1842970155736512E-004   3.6814296322055417E-004   9.3897596765355731E-004   7.7142920371559953E-002   1.9304859621025268        4.2722704568966368     
   1.3163383289939020E-004   2.1833125446519191E-004   3.6619333035385545E-004   8.2413459217359176E-004   4.3650453453242546E-002   2.0030456894697686        4.1914194164152727     
   1.3162999596300675E-004   2.1825381485096086E-004   3.6445198835168723E-004   7.4688391873038512E-004   2.3891872064776266E-002   2.0252114004207526        4.1102442731894993     
   1.3162811256587758E-004   2.1820746605984785E-004   3.6313760663999803E-004   6.9114626489175492E-004   1.3250417499716944E-002   1.9650035566192676        4.0265140749962791     
   1.3162730961643329E-004   2.1818525631628542E-004   3.6231265148116702E-004   6.5192180733735004E-004   7.8665977210059107E-003   1.7908978282018226        3.9371682738234108     
   1.3162693319397796E-004   2.1817653618827081E-004   3.6188460964105078E-004   6.2632686960726366E-004   5.0423891077206037E-003   1.4993589376163596        3.8381743782611366     
   1.3162662898288816E-004   2.1817359582540125E-004   3.6170268776502786E-004   6.1142670658867200E-004   3.3678701588391998E-003   1.1320704942958786        3.7243303231888931     
   1.3162621927372407E-004   2.1817237662610716E-004   3.6164088155602885E-004   6.0393388704138183E-004   2.2939879084156252E-003  0.76078650677595960        3.5893531356457911     
   1.3162556518648872E-004   2.1817121009265578E-004   3.6162390729882205E-004   6.0077917350525754E-004   1.6306389613606727E-003  0.45388070329342556        3.4263206871619807     
   1.3162444221781103E-004   2.1816934061517925E-004   3.6161818873933261E-004   5.9970991819914543E-004   1.2662303201796275E-003  0.24513915372077888        3.2310187271830055     
   1.3162233254359601E-004   2.1816584409568032E-004   3.6161209677186817E-004   5.9942858537600412E-004   1.0939280424096512E-003  0.12687333887235222        3.0092651104972070     
   1.3161768001105831E-004   2.1815813513284269E-004   3.6159930700172959E-004   5.9935881021203226E-004   1.0250458682062884E-003   6.6921560918842243E-002   2.7980517827422422     
   1.3160269732715151E-004   2.1813331121593550E-004   3.6155819974465945E-004   5.9928477153081954E-004   1.0017560850565351E-003   3.4500893795528807E-002   2.6706147592045428     
