  0.65149825952779239       0.67040464707172021       0.69942541825024507       0.73443404082102604       0.78564297273942318       0.98395719049101826        1.6920728916065952     
  0.66528574896665948       0.68208727685505333       0.70944372228448893       0.74723928240439041       0.80853509664961065        1.0317616549956481        1.8407338806357851     
  0.68070366058971177       0.69546068769107472       0.72071810155293969       0.75969971264606051       0.83077977355581412        1.0795331678663875        1.9980453156621669     
  0.69726506848870962       0.71001419378434449       0.73304437644451659       0.77236804444987861       0.85288780619137228        1.1270048005825168        2.1644970366629792     
  0.71461347853115387       0.72542585730162590       0.74621803112897422       0.78539922936272333       0.87486936899706735        1.1731034171707351        2.3419547302184478     
  0.73246860578776785       0.74146637517395064       0.76006020238191374       0.79881884542783044       0.89656853122125768        1.2183248712486368        2.5312568481717519     
  0.75060445991133951       0.75795944854589203       0.77440824419624532       0.81259445390821572       0.91793076456520983        1.2639459394596966        2.7333875296887906     
  0.76887200667120859       0.77474614360919614       0.78912078264474972       0.82667285358850262       0.93873923305941598        1.3101523715128955        2.9491545359250058     
  0.78709975286728762       0.79165967537295023       0.80404672578917025       0.84093359512082433       0.95868182847474903        1.3570377201840849        3.1793124112745326     
  0.80509291197459820       0.80853611523601832       0.81902739607702302       0.85524722904054795       0.97761734280258716        1.4046844334095572        3.4246283343716524     
  0.82269716238764456       0.82520780540445571       0.83390799015064199       0.86950167357932562       0.99558062467820096        1.4531269273188527        3.6859232327295564     
  0.83979437159606030       0.84152621597839927       0.84865565315011693       0.88353406017509040        1.0125023331624428        1.5023739652004975        3.9640054843160453     
  0.85629302199269308       0.85738296345288034       0.86316439084636110       0.89727535909594036        1.0284889082014352        1.5524606662530660        4.2598279899202467     
  0.87212312083632992       0.87268215095041279       0.87732012663018710       0.91064567807608521        1.0436309938256803        1.6033755631952815        4.5742779097704629     
  0.88722104236655241       0.88736476041294610       0.89103566484926366       0.92357599882907904        1.0580752423237969        1.6551228941767024        4.9083371721797944     
  0.90152764773683425       0.90134912636350717       0.90423375995098554       0.93599905486285961        1.0718971437451836        1.7077057263373940        5.2630262155429079     
  0.91505407307168418       0.91458472253239986       0.91683896381221186       0.94786596654392896        1.0851896592431374        1.7611084087185120        5.6393489176595466     
  0.92775592282604014       0.92702878975447645       0.92880103434961736       0.95917211162843474        1.0980041334234323        1.8153141102036106        6.0383274609962507     
  0.93960365039479699       0.93866149753285344       0.94011337434167030       0.96987995772283486        1.1103591580656482        1.8703038404183523        6.4610053217776739     
  0.95058758448081437       0.94946388681238947       0.95074618711388037       0.97993070569808294        1.1222482209627973        1.9260372708717761        6.9083724340653792     
  0.96064691146364289       0.95940667098170573       0.96066189108593070       0.98931368340647885        1.1336755874517757        1.9825012102373905        7.3815293016980403     
  0.96981152659407022       0.96847434088216866       0.96981610070011781       0.99800516562607833        1.1446366826444501        2.0396610410220637        7.8815251628332552     
  0.97804472951710952       0.97664925727878338       0.97815791811372532        1.0059848582639026        1.1551164975499215        2.0974811991129778        8.4093970587119404     
  0.98534658727690227       0.98390176502429383       0.98565826739093931        1.0132438349463451        1.1651107728194059        2.1559455067773787        8.9662745659836283     
  0.99171031382712638       0.99022915849018944       0.99232754845040982        1.0197548598087620        1.1746184025912347        2.2150499890607600        9.5533548504572323     
  0.99709859216262553       0.99561698013754729       0.99815037625775338        1.0255339279820763        1.1836259840844152        2.2747689263749273        10.171758841869805     
   1.0014992303831158        1.0000415339808946        1.0031132632269382        1.0304902164808609        1.1921003529580065        2.3350390063203466        10.822467415385329     
   1.0049008436434954        1.0034845363074365        1.0071416780233211        1.0347147142652733        1.2000192528615516        2.3958073097696073        11.506440308647019     
   1.0072739636243055        1.0059338657690005        1.0102035951097441        1.0381646634237205        1.2073709784429687        2.4570419891986699        12.224742105286587     
   1.0086087894176545        1.0073769145349603        1.0122823258060074        1.0408447104914673        1.2141572412684720        2.5187379552490854        12.978568336150374     
   1.0088653932317089        1.0077834112326307        1.0133316302755151        1.0427810240009190        1.2203296521626315        2.5807965987273875        13.768625073519946     
   1.0080064728649967        1.0071170909876130        1.0132888287368853        1.0437910388108733        1.2258527328191857        2.6431548384934662        14.595856599634708     
   1.0059628852570830        1.0053523849909776        1.0120996131450966        1.0438425798083739        1.2306735088628402        2.7056919477179857        15.460660800448778     
   1.0026557410674097        1.0024881337314830        1.0097060640804989        1.0430291622754981        1.2347378418546475        2.7683030892365328        16.363501932527658     
  0.99799009193529142       0.99842773113771133        1.0058188096229832        1.0410908607227567        1.2378911433936717        2.8308455205153167        17.304529149729717     
  0.99189554844013894       0.99309303110792979        1.0003755701038661        1.0379551497027553        1.2401931003178803        2.8931649375577160        18.283697449980608     
  0.98432627730503852       0.98620070696382545       0.99348697426735533        1.0336836957165996        1.2414804495985776        2.9550675279294087        19.300919930565435     
  0.97521699360518277       0.97696691973426109       0.98474468749048538        1.0278356080580664        1.2415469126214396        3.0163453153641022        20.355256440811367     
  0.96418801793247533       0.96541516356109602       0.97366797596357268        1.0202675538725199        1.2404527828533376        3.0767602186433720        21.445570245958180     
  0.94959885318231507       0.95038161274523514       0.95999851037027695        1.0110618662043718        1.2379905383519101        3.1361236333592215        22.570865075800814     
  0.92958034241994403       0.93140674931506418       0.94382293565800124       0.99951297843058418        1.2337991010187361        3.1941762000590614        23.729431944263887     
  0.90439858978741128       0.90925319426699802       0.92455113469524630       0.98476371280174324        1.2276207491220190        3.2506151961427534        24.919521937674464     
  0.87489460925884621       0.88235818576065239       0.90142983183939063       0.96733073543432835        1.2195007560427342        3.3051518510362681        26.138211564829263     
  0.83938622145052011       0.84996477860415232       0.87421731525552682       0.94637827491255211        1.2089652499215031        3.3571374184636031        27.379463917775336     
  0.81005040869681144       0.82417331851242159       0.85318854150124712       0.92734669619723975        1.1962670567420728        3.4060212813050046        28.636492907567966     
  0.77039106606258190       0.78735331905264361       0.82116649612935688       0.90315856519288851        1.1816343474653463        3.4507441788596078        29.901305948746710     
  0.73398242227870247       0.75377366629388776       0.79135653314063270       0.87991594318653366        1.1647264215102717        3.4904294037370218        31.164656131944383     
  0.70071489101340922       0.72254870937509952       0.76359441638063885       0.85756411367121455        1.1484459146193271        3.5249223906931229        32.419593744675126     
  0.67139702614310892       0.69388768060338035       0.73764670904095431       0.83612460075016215        1.1320531506769635        3.5542119306918769        33.662474473326512     
  0.64773841779810482       0.66841321017061084       0.71339513241739516       0.81565062750819317        1.1152282452053033        3.5785594510212522        34.892037541817501     
  0.62924057697424318       0.64720100834232497       0.69087044045101875       0.79610270743521461        1.0981610117702234        3.5980325124983095        36.105513249152985     
  0.61388031109331087       0.63001135136958519       0.67011917203530635       0.77723303873554916        1.0808788846037403        3.6118467510044852        37.291389698496431     
  0.60122667610781000       0.61558988027684847       0.65136050052411920       0.75877525714514171        1.0636940757630768        3.6190596208437595        38.435059833132243     
  0.59188387067617410       0.60353420104473166       0.63485741995015355       0.74059974139043161        1.0466011070492500        3.6191013417166711        39.524602148685474     
  0.58621147513387084       0.59418170871487463       0.62067337427923308       0.72264986756784388        1.0290451595942129        3.6115103992874489        40.548389211882686     
  0.58319057532150065       0.58788774561420709       0.60873080862236884       0.70485139967318389        1.0108952893233856        3.5954692039707123        41.489878445446379     
  0.58162480404593975       0.58417757033824103       0.59905923268278705       0.68712646190638937       0.99204020692561090        3.5698427949508793        42.327399064410734     
  0.58093352390312059       0.58216478870307131       0.59176750200561234       0.66953178359067067       0.97224105020554341        3.5333693424479438        43.035922231196324     
  0.58071589361218934       0.58118279010594320       0.58675947580660104       0.65225594997239023       0.95125739777308160        3.4848259296836375        43.588872405030209     
  0.58066818371814066       0.58080013034095557       0.58366016088699579       0.63561880982902241       0.92880198615421861        3.4230062719699155        43.957797296190932     
  0.58066000367550685       0.58069050355892471       0.58194679251462356       0.62020855249005213       0.90455341601222194        3.3468499723678065        44.114100802057614     
  0.58065892111634332       0.58066661946465892       0.58112600260153469       0.60695328316286734       0.87818131602299709        3.2554670399146350        44.029111689976965     
  0.58065879353260119       0.58066237854985858       0.58080505063883281       0.59656584374974342       0.84943754444361275        3.1483195387364620        43.677565777137843     
  0.58065876183702081       0.58066155956919552       0.58070551300171735       0.58912664471892684       0.81821183019847299        3.0252374914936575        43.039727265872692     
  0.58065874541283802       0.58066126635574888       0.58067929903887749       0.58462639561215823       0.78459625911737862        2.8869062915269010        42.102423601617403     
  0.58065873569333448       0.58066109895370255       0.58067186597632381       0.58231204909745948       0.74894351886366417        2.7344259517030194        40.858349191398794     
  0.58065873017833158       0.58066099459297604       0.58066878208903983       0.58129541243813365       0.71201108668814905        2.5691587346365679        39.304783557157847     
  0.58065872728934598       0.58066093273779851       0.58066697533363087       0.58091703909186077       0.67543018098088692        2.3927713403907505        37.447631324069548     
  0.58065872591517220       0.58066089917660180       0.58066581676532658       0.58078565929180082       0.64195653707793077        2.2074977330668646        35.301114103129386     
  0.58065872533161866       0.58066088284311668       0.58066511243595686       0.58073323712812230       0.61523474129283262        2.0166131819195972        32.891770631478629     
  0.58065872511374317       0.58066087584904336       0.58066472653856283       0.58070580288074092       0.59737569976678251        1.8241240045126930        30.259676892522361     
  0.58065872504337412       0.58066087325135618       0.58066454151203639       0.58068923504924153       0.58786870328522267        1.6339897649675912        27.455200370893039     
  0.58065872502368387       0.58066087243324915       0.58066446591405174       0.58067938659325402       0.58374500975210730        1.4499337322900119        24.540430619050387     
  0.58065872501899651       0.58066087221594109       0.58066444014517782       0.58067408102940088       0.58211558570523114        1.2744607718492342        21.583434841552577     
  0.58065872501809968       0.58066087216733353       0.58066443299660875       0.58067161910979614       0.58140013103810295        1.1086198365135664        18.657280538349070     
  0.58065872501796656       0.58066087215856466       0.58066443140541746       0.58067068324701421       0.58102707162173473       0.95436002952410892        15.833232421605095     
  0.58065872501795224       0.58066087215735962       0.58066443112549215       0.58067040449980889       0.58082949599938483       0.81806256555435874        13.188433824771268     
  0.58065872501795157       0.58066087215724027       0.58066443108690824       0.58067034169467913       0.58073541847664123       0.71052588327522803        10.785874003737927     
  0.58065872501795046       0.58066087215723217       0.58066443108303589       0.58067033137569934       0.58069688954576748       0.64058081561408631        8.6655419221166756     
  0.58065872501795135       0.58066087215723183       0.58066443108277077       0.58067033017481806       0.58068402567244548       0.60529342456191426        6.8585569329228475     
  0.58075174827513276       0.58075389541446920       0.58075745434005344       0.58076335333455376       0.58077378364532017       0.59071976564396067        5.3836260860083689     
