  0.98819786780544050       0.97951864267874678       0.96172607969045287       0.92976297760948035       0.79512751833636575       0.94479007790701419       0.99999646054549962     
  0.99151933866606401       0.98339744565585119       0.96714219622964315       0.93501525775898997       0.79508235491447032       0.94288975768883942       0.99999561072712195     
  0.99347533578021774       0.98645590869679967       0.97162030496710683       0.93970694910052233       0.79201919101244678       0.94086809365817126       0.99999600685607204     
  0.99498571820980242       0.98892311789273579       0.97537605826125784       0.94313326786310026       0.78549256167042225       0.93871410359886864       0.99999512677614288     
  0.99614333168796199       0.99088161096351146       0.97854218880903610       0.94625881856550098       0.77042320097449579       0.94139629862436236       0.99999413936507719     
  0.99698652083283501       0.99245793073255373       0.98123100826429643       0.94882670829578830       0.74804351756496790       0.93997841399766158       0.99999305116372672     
  0.99762598167930905       0.99372954967966753       0.98298801596390806       0.95084977077753130       0.70880900670970326       0.93937943317543338       0.99999187055049954     
  0.99810866967594214       0.99475519090716724       0.98496020306563825       0.95213835479577535       0.68089338460432725       0.93740588336399699       0.99999060684661079     
  0.99848109098250315       0.99559119827549436       0.98665269033012426       0.95201411795474822       0.65728329438233113       0.93497192883287328       0.99999152577296913     
  0.99876808553867158       0.99627302628412262       0.98776246785454869       0.95111587611947257       0.63441300297561909       0.93255411431245605       0.99999032300388457     
  0.99898545343247014       0.99678161086661954       0.98861412693451467       0.95110673138935253       0.61185175783353418       0.92961634861978837       0.99998906287846123     
  0.99914601207749942       0.99722158499185842       0.98912694088149655       0.95033566542919168       0.58936506769446262       0.92642377742759019       0.99998775332957301     
  0.99928621235292026       0.99758833630768196       0.98930342388690085       0.94927511744400417       0.56191704915593066       0.92301173521143898       0.99998640123932425     
  0.99939684302482035       0.99783882633144927       0.98830099475996169       0.94470602719045238       0.53918062761747010       0.91906948746892325       0.99998781720469876     
  0.99948637836938781       0.99801383127432763       0.98593022841628586       0.94284022844811011       0.51602225118144707       0.91464904611706666       0.99998658010947217     
  0.99955849748146364       0.99804673201912919       0.98524900659786596       0.94115011062829357       0.49234144758244197       0.91427755646971198       0.99998531726163864     
  0.99960248058766465       0.99793727614488048       0.98386743355640538       0.93890496171909865       0.46850089786924443       0.91023971553090377       0.99998403260613478     
  0.99963198874201176       0.99767961415842388       0.98291571891864638       0.93619181747638802       0.44686020332928289       0.90486170196883731       0.99998581569517697     
  0.99949293834138120       0.99518046354837875       0.98196237442369660       0.93199575992418238       0.42380408602426778       0.90297887363556772       0.99998467573439809     
  0.99933477924846381       0.99440107721921145       0.98052700116396196       0.92812882542290231       0.40176798918844081       0.90514585399696057       0.99998352784178757     
  0.99913191412978164       0.99352365248461538       0.97948048054738945       0.91591272771465393       0.37993762620300692       0.90217220005478660       0.99998237480190377     
  0.99761160019408401       0.99123893912979733       0.97675003802797822       0.90971310563903129       0.36996566834574290       0.89575206359386128       0.99998452824045470     
  0.99611612829521312       0.98807318186046222       0.97363970978084458       0.90380359964085688       0.35691256109538921       0.88972897396564588       0.99998355105447212     
  0.99534618829268751       0.98650287572220230       0.97208557252053751       0.89639256798496680       0.34163560871509069       0.88218787325622472       0.99998258451284994     
  0.99365692576835540       0.98556845232280965       0.97057281775213633       0.86662028658101109       0.36478084302850872       0.87442760922261853       0.99998163177923205     
  0.99289802691069928       0.98430526709340260       0.96804200526035922       0.85312988385404520       0.36726817991400079       0.86617875174759051       0.99998414761022736     
  0.98914783654857608       0.98290441858975097       0.96591161506889267       0.84706864800341375       0.35737235027474828       0.86483419088111435       0.99998340246728834     
  0.98773860858086937       0.98031905414733622       0.96387292088415455       0.84129441348108491       0.34522449043360032       0.86333368100747154       0.99998268742258367     
  0.98541638115881591       0.97760323528220305       0.96089902839301888       0.83532745842235179       0.33595173214388091       0.85731201660205369       0.99998533749098728     
  0.98453197057645314       0.97638992516881484       0.95831836281862848       0.83033478519811010       0.32606335027597050       0.85181474188678363       0.99998483738740129     
  0.98300071130850042       0.97408204847579827       0.95247146775375890       0.82549086030264707       0.35230629609076786       0.85286366731615548       0.99998437680293117     
  0.98000631954735251       0.97156813007185328       0.94943822705144709       0.82077363168952122       0.34391604879090198       0.85961169049331199       0.99998708612206044     
  0.97764403789989152       0.97049630144899868       0.94740088198837713       0.81319905486554389       0.33627428373917256       0.85821300777860821       0.99998682860241761     
  0.97539009858824843       0.96547568518310312       0.94435298010813362       0.80916959563681257       0.34724550620037914       0.85338186372272617       0.99998660748868240     
  0.97213589213509910       0.96389094930179531       0.93271673785125420       0.80522712041373590       0.35815668242910187       0.84984635027571132       0.99998928424070233     
  0.96937910264855454       0.95991118872396419       0.92884238235901884       0.80187555657649690       0.35468488597982772       0.84693698890391311       0.99998924336969297     
  0.96758472297573328       0.95541467367886668       0.91714082993850354       0.79490140127597464       0.35195632742612554       0.84397057369782680       0.99998923800860007     
  0.96157068063668505       0.95295742181106979       0.91021904680960652       0.78700781513338480       0.35059672239328943       0.84198096312175186       0.99999178218978746     
  0.95631575617322451       0.94722997260292729       0.90397878265761944       0.78363286777889429       0.35307102509603400       0.84785395238981054       0.99999194336026054     
  0.95387206757945897       0.94237335655371135       0.88754341234036260       0.78060211571765681       0.34985875388652604       0.84825913819422505       0.99999215784367945     
  0.94381855166809048       0.92246416248772922       0.87962861466938314       0.77724610226857016       0.34051796362406805       0.85130835533766536       0.99999442387392190     
  0.92998777484100148       0.91232502843961427       0.87096496634803644       0.77646962774980777       0.34237888754837120       0.86176967698418494       0.99999477414542992     
  0.91497079839968842       0.90382137858870715       0.86445907017526524       0.75998216667697427       0.35063900972890705       0.87456527464394052       0.99999516173061787     
  0.91435862969927850       0.89390408100450203       0.85194844375356871       0.77404188066862778       0.35523422836445001       0.89218464964757616       0.99999688140819376     
  0.89805929234744586       0.87333212698771989       0.87333586994634371       0.76616302823373050       0.38348529304918111       0.89726615049930913       0.99999725150826690     
  0.92500664953202338       0.90355174035580610       0.90159816995209019       0.79319169209839757       0.40449784395694860       0.89966762771877384       0.99999762882437615     
  0.95238580119463956       0.93262145176058842       0.92533425268159031       0.82078268232309359       0.42759108443016725       0.90259154148642362       0.99999866281656502     
  0.96712049076434525       0.95335029418537331       0.94448188830423185       0.84798299921004017       0.45290395736647399       0.90601815580813505       0.99999893096300774     
  0.97719760755255414       0.96730235875159998       0.95929420771242702       0.87370872937458055       0.48042906571501426       0.90991703719336803       0.99999947087418461     
  0.98550835429110772       0.97751164772520560       0.97060737168223854       0.89724208733305943       0.51011535426742449       0.91424745754948511       0.99999961838492746     
  0.99125966276487676       0.98521509557367914       0.97928506942647708       0.91814482031811140       0.54188854013569521       0.91896173139118298       0.99999973925640495     
  0.99520261251243114       0.99086268105930486       0.98531902970876384       0.93619609393407166       0.57564370641398344       0.92400273800958532       0.99999990151593021     
  0.99765138484169624       0.99476619353031226       0.99040919984786746       0.95137177156836139       0.65575176621286413       0.93131521778160631       0.99999994372410972     
  0.99898021301337159       0.99726328546188647       0.99404765911936654       0.96381507380392317       0.74039728498618695       0.95181766820289682       0.99999997108146144     
  0.99958498731579948       0.99871065142495719       0.99568419409140019       0.97378151928328216       0.77353582073434646       0.95549866640429026       0.99999999340268975     
  0.99984339162321878       0.99944166362945297       0.99725188596489533       0.98157368292174885       0.80633406066727709       0.95914862165463044       0.99999999754298297     
  0.99994853619558899       0.99977806734508090       0.99852235459122796       0.98749752389264356       0.83814626498574685       0.96271945068055620       0.99999999965707209     
  0.99998605450710576       0.99991697549072134       0.99918429128844222       0.99184409921152117       0.86825192919146266       0.96617336701646772       0.99999999991760791     
  0.99999652299880815       0.99996965540390403       0.99962282141830272       0.99489166235604154       0.89591410718490283       0.96948782619829343       0.99999999998468037     
  0.99999875509968295       0.99998730596746677       0.99982046561748317       0.99690886443342486       0.92046048937203651       0.97266002220858505       0.99999999999937783     
  0.99999926575414622       0.99999294474427447       0.99990510101514918       0.99815987720204136       0.94137470401920031       0.97570820689182158       0.99999999999996647     
  0.99999950264488535       0.99999526345666334       0.99994167715176918       0.99888107967971229       0.95838329148484358       0.98257480305073364       0.99999999999999900     
  0.99999967029638293       0.99999669813658687       0.99996016607134697       0.99928454083869300       0.97150468673474155       0.98515555482810580        1.0000000000000009     
  0.99999979470536371       0.99999776034649790       0.99997043024559207       0.99951698879314554       0.98105535202265726       0.98777169183677993       0.99999999999999711     
  0.99999988338235624       0.99999856257674280       0.99997959089889310       0.99966551220631050       0.98759157507356066       0.99037122604519567        1.0000000000000016     
  0.99999994177596541       0.99999915156356189       0.99998642328045317       0.99977067972444966       0.99180399570519318       0.99288900689401738       0.99999999999999845     
  0.99999997565214549       0.99999955661950746       0.99999147198829097       0.99984819588664864       0.99443803542978093       0.99517697764115776        1.0000000000000016     
  0.99999999196225575       0.99999980489357654       0.99999509322464797       0.99990387064991304       0.99614755309025960       0.99696479462667598        1.0000000000000000     
  0.99999999803828998       0.99999993194349124       0.99999752187014945       0.99994238339063590       0.99737555949890266       0.99821211578041802       0.99999999999999989     
  0.99999999967141495       0.99999998242495214       0.99999896375591102       0.99996796677546518       0.99831499742064933       0.99900104002511780        1.0000000000000000     
  0.99999999996503075       0.99999999688326957       0.99999966571493981       0.99998415976753197       0.99900743524995306       0.99947109854506044       0.99999999999999944     
  0.99999999999782485       0.99999999965082875       0.99999992321538844       0.99999344300173243       0.99947385293285818       0.99974973104103670        1.0000000000000036     
  0.99999999999992772       0.99999999997741029       0.99999998848716054       0.99999793094705258       0.99975267794846123       0.99990916044932321        1.0000000000000024     
  0.99999999999999911       0.99999999999924316       0.99999999898264735       0.99999956410473934       0.99993009007778000       0.99998252201435023       0.99999999999999956     
  0.99999999999999922       0.99999999999998823       0.99999999995354494       0.99999996886574338       0.99997655136958374       0.99999873096582692       0.99999999999999833     
   1.0000000000000002        1.0000000000000002       0.99999999999908262       0.99999999377872673       0.99999468514919998       0.99999997107630645       0.99999999999999922     
  0.99999999999999933       0.99999999999999989       0.99999999999999400       0.99999999963092168       0.99999927096322050       0.99999999864898503       0.99999999999999989     
  0.99999999999999956        1.0000000000000004       0.99999999999999867       0.99999999999233014       0.99999968107966863       0.99999999999978306        1.0000000000000004     
  0.99999999999999944       0.99999999999999933       0.99999999999999978       0.99999999999999545       0.99999999939625994       0.99999999999999989       0.99999999999999867     
  0.99999999999999911       0.99999999999999933        1.0000000000000004       0.99999999999999989       0.99999999999994615        1.0000000000000004       0.99999999999999745     
   1.0000000000000000        1.0000000000000000       0.99999999999999978        1.0000000000000002       0.99999999999997791       0.99999999999999978        1.0000000000000002     
