  0.65261846987785210       0.67149626514275296       0.70194100977437746       0.74372434347426708       0.80677860901420240        1.0164467902162322        1.7633336630119123     
  0.66669727548027380       0.68348676087591997       0.71226542647857904       0.75647854090851319       0.83016394219234990        1.0650809571131743        1.9166894343904928     
  0.68249828825524639       0.69722966627653649       0.72379248193837353       0.76893319517459069       0.85273480082865782        1.1132064007251419        2.0780670230892824     
  0.69949860460167923       0.71221270265196801       0.73642979828472843       0.78165289132398996       0.87486535878993088        1.1590602524656619        2.2500031941118799     
  0.71734001430782390       0.72810977159524715       0.74996215050462312       0.79478238177555360       0.89649625194732663        1.2045867739024718        2.4336241961805110     
  0.73573708417077810       0.74467911676273613       0.76418921142231322       0.80833947760672387       0.91728086416641652        1.2505692827762440        2.6297951922165517     
  0.75442955979312643       0.76171671269597829       0.77893095572049953       0.82221029779163257       0.93699479456046575        1.2972984821181028        2.8392991162621968     
  0.77321184260573539       0.77903264257089766       0.79403829395976733       0.83626648398249415       0.95575698599598502        1.3449202914853062        3.0629515708190418     
  0.79188225785239030       0.79642245276820711       0.80934788151177850       0.85039715771596136       0.97360635879801927        1.3934670947928496        3.3015327602800748     
  0.81024301380250208       0.81369846179888816       0.82470833044913061       0.86453850459539061       0.99049542069386076        1.4429429355621433        3.5558386779930591     
  0.82813022849836715       0.83068231439620677       0.83996327452360331       0.87846817148317924        1.0065600530614487        1.4933520672616383        3.8267240297907783     
  0.84543745916214530       0.84723352084248593       0.85498421690183013       0.89203131813971681        1.0219001716014491        1.5446758328373076        4.1150295717939063     
  0.86208425312413528       0.86324466286746826       0.86976156704286689       0.90521573974786318        1.0368318874205933        1.5969371112564545        4.4217481012611186     
  0.87799751430279449       0.87865274954958184       0.88418636001816309       0.91792465625370945        1.0513930726324003        1.6501176127068287        4.7478045722437612     
  0.89315187750430147       0.89340046516634986       0.89816441350483511       0.93019604496925368        1.0654802811544108        1.7042209164549096        5.0942229126255052     
  0.90752451102120668       0.90744500745070045       0.91162861242961768       0.94213811570245398        1.0791626638586524        1.7592505717809197        5.4620688508700610     
  0.92109722109315129       0.92074446689473011       0.92451021618912355       0.95360768718986488        1.0924309776252195        1.8151918167603378        5.8523890177787870     
  0.93384978972334520       0.93326170306506384       0.93674460353746569       0.96452850608346197        1.1053160324127154        1.8720282346272181        6.2662546179621916     
  0.94574079465440131       0.94497160097439648       0.94826445299155482       0.97488286483429087        1.1178492261302888        1.9297420203291926        6.7047593383370527     
  0.95674750221897076       0.95583936953817494       0.95906534397744214       0.98455574716076755        1.1300026019803553        1.9882925743563062        7.1689474445540089     
  0.96685510261622643       0.96584397292312973       0.96911619365718682       0.99351805442781294        1.1417612102304884        2.0476692777040149        7.6599732480955076     
  0.97602834450669707       0.97495726378809655       0.97836249343167636        1.0017821349888205        1.1531045361784893        2.1078388350598614        8.1789330755679135     
  0.98427172212723890       0.98315842517833840       0.98674739931041255        1.0093291125086168        1.1640103057997837        2.1687662139931509        8.7269245522384136     
  0.99157557724409473       0.99044371599221792       0.99422320936549236        1.0161608857147577        1.1744694966072318        2.2304358106751572        9.3051398040114108     
  0.99793394727885887       0.99681451033360868        1.0007668547345590        1.0223091809553551        1.1844782149838664        2.2928426836878320        9.9148651418328182     
   1.0033352466159473        1.0022555805358671        1.0063594652952659        1.0277703147449344        1.1940261327714117        2.3559650861726453        10.557276269757505     
   1.0077667897314577        1.0067412620509597        1.0109676445942870        1.0325083006235933        1.2030771560115119        2.4197397204033821        11.233386219591832     
   1.0112116782115386        1.0102575557414080        1.0145618659591980        1.0364895823886111        1.2116037141142812        2.4841138879968732        11.944228227344395     
   1.0136572077367718        1.0127965322132988        1.0171579808492628        1.0396901228484043        1.2195904783840821        2.5490527536853507        12.690934861351431     
   1.0150758519105341        1.0143472456579321        1.0186960056393086        1.0420991824743775        1.2270284798099882        2.6145451147931196        13.474867001109260     
   1.0154390703703762        1.0148768083404460        1.0190855288299647        1.0436461493334335        1.2338678829578738        2.6804976415951853        14.296743710590603     
   1.0146830797668356        1.0143638792990386        1.0182362595943419        1.0442926626175937        1.2400774739723734        2.7468458023693150        15.157458832375461     
   1.0127418098520009        1.0127629527567261        1.0164061427669049        1.0439795996369197        1.2455947917558341        2.8134687820859869        16.057502983773947     
   1.0095363067098926        1.0100278379881438        1.0133960896290803        1.0426491139839138        1.2503698965341428        2.8802482255314010        16.997396871507281     
   1.0049684079372865        1.0060550495717331        1.0091201642584255        1.0402087078901894        1.2543239838572855        2.9470234143226324        17.977711334172504     
  0.99897251231956063        1.0006519256218835        1.0030665032551702        1.0365707924707297        1.2573875016528835        3.0136529885563457        18.998269202354727     
  0.99148429071048649       0.99369122219538730       0.99500916789832794        1.0315126300003692        1.2594050331706497        3.0799338828781972        20.058596450351601     
  0.98246574068158632       0.98398638329188837       0.98501777985504646        1.0248922735670363        1.2602279865901771        3.1456580275690169        21.157925917838089     
  0.97140843372268315       0.97177578005954091       0.97326410951963271        1.0164146791132089        1.2597033267411080        3.2105571907420836        22.295154378799388     
  0.95681255156110279       0.95538777467416769       0.95924566895840824        1.0059124127288046        1.2576844021793920        3.2744480663273494        23.470646300704338     
  0.93570532336085832       0.93513333056754167       0.94211271099704919       0.99298769660932917        1.2539876004737693        3.3370832301979383        24.682135119006496     
  0.90915808042386004       0.91160397900162160       0.92189403213639454       0.97763479306926737        1.2483611869335076        3.3981518596161866        25.927078459433989     
  0.87802406806197131       0.88290922920031401       0.89786623405561550       0.95879925173679403        1.2405176503705542        3.4573096941310810        27.202729795101831     
  0.84067006881459960       0.84923213644553341       0.86964440392467313       0.93681018427532425        1.2303297857157507        3.5138799047618252        28.502942067473615     
  0.80886134580456726       0.82151815386641591       0.84683776301391134       0.91649097883107689        1.2176083690427344        3.5672767628333957        29.822862328139369     
  0.76713893188454163       0.78312294493422141       0.81394167285922303       0.89052937836286805        1.2028687185796365        3.6164846472400125        31.153602779900666     
  0.72912697170676166       0.74799300731079710       0.78315314952703574       0.86552938063094786        1.1869177664200579        3.6608428633962662        32.485627070963034     
  0.69511922006243942       0.71574231273502265       0.75445086208630685       0.84147318062685428        1.1699252027305158        3.6999498934468220        33.812484386287011     
  0.66540055132105169       0.68670716451465474       0.72782204264149875       0.81834260258398939        1.1521609406545268        3.7337859031298537        35.130638858504732     
  0.64156071928192149       0.66105688229885362       0.70324496979863094       0.79640218661281559        1.1337234528563278        3.7618015407487522        36.438832637736965     
  0.62328230990185385       0.63989873831687116       0.68067602988931142       0.77566344893590666        1.1147435694057273        3.7845791108744504        37.731542704975546     
  0.60846630850576899       0.62307711211000705       0.66012463424027312       0.75590094125329621        1.0950645145008921        3.8012633619557792        38.995445911857900     
  0.59678505349051192       0.60936502517325686       0.64184307467448032       0.73718748482188767        1.0744995278113012        3.8108534996099737        40.215800932454655     
  0.58899306567569076       0.59839394618992214       0.62611645203749677       0.71916468324714589        1.0539055692394870        3.8127164665709881        41.380375475027179     
  0.58474420487323220       0.59054983516589243       0.61303349659364115       0.70171586765620853        1.0331055460980574        3.8064103077028979        42.476824508439471     
  0.58249821791144485       0.58580360258847664       0.60244673714616104       0.68473779725269401        1.0116814686674616        3.7910912669042292        43.487676209503910     
  0.58132525226555354       0.58314090358752912       0.59430922116074547       0.66816254276213805       0.98949178829565632        3.7655626105795665        44.390019357486317     
  0.58083676624309388       0.58169046944584490       0.58855613736652113       0.65207271643652231       0.96633762125001077        3.7284821706902131        45.157317058578755     
  0.58069487630311312       0.58099765287137717       0.58484683743987831       0.63667353390481762       0.94204067399558211        3.6785464765838527        45.761356518245769     
  0.58066486666528028       0.58074431192515352       0.58265749262948185       0.62227912439526367       0.91644369533250958        3.6144657521553838        46.171882996359074     
  0.58065958006667906       0.58067775008879952       0.58148681324634788       0.60950058164396415       0.88935812081304477        3.5351097791394008        46.358450108802629     
  0.58065886190818683       0.58066451334808566       0.58095094160969196       0.59912541788829776       0.86093661346528272        3.4395000917338354        46.290485499176775     
  0.58065877164109558       0.58066224172652392       0.58075338639610219       0.59141766405709084       0.83105795703093088        3.3270610110227317        45.940974737346799     
  0.58065873680390878       0.58066166120610363       0.58069467394735774       0.58618803492699190       0.79968544471545222        3.1977376604991625        45.288738368404154     
  0.58065871438004502       0.58066134195611119       0.58067880919364423       0.58322298740478007       0.76657445281672631        3.0520009135083574        44.319490236286050     
  0.58065870024039257       0.58066112649385726       0.58067311813910916       0.58176163362287914       0.73201671788460887        2.8907758865680071        43.025177610893238     
  0.58065869183902363       0.58066098488514639       0.58066988505594141       0.58113310258948370       0.69686302515722465        2.7152705828424084        41.402607596140051     
  0.58065868718303038       0.58066089766799378       0.58066769465032331       0.58089143368268847       0.66293448782923237        2.5272067433195500        39.457741186011425     
  0.58065868480266092       0.58066084798754958       0.58066622314439331       0.58079406293622193       0.63299270617124426        2.3288429028647801        37.205399355297445     
  0.58065868369982310       0.58066082210948322       0.58066529917420595       0.58074458239539384       0.61009084180660444        2.1231998678232848        34.673469508964374     
  0.58065868324643788       0.58066080998159941       0.58066477071130895       0.58071393967651563       0.59525799558021819        1.9143157850679178        31.904253406406539     
  0.58065868308469171       0.58066080498641059       0.58066450110472434       0.58069421598318816       0.58743039289988752        1.7074455881386583        28.950979011103684     
  0.58065868303458879       0.58066080322695335       0.58066438066502746       0.58068213410267777       0.58387267364456874        1.5065873819647659        25.879351149572638     
  0.58065868302125268       0.58066080270362919       0.58066433475561530       0.58067538892720061       0.58231251492283909        1.3155154681870629        22.761472605516719     
  0.58065868301836909       0.58066080257250796       0.58066432025857229       0.58067208557828731       0.58154023397747256        1.1372499461481362        19.674798589640293     
  0.58065868301788581       0.58066080254582775       0.58066431656471607       0.58067072888854032       0.58110783885447459       0.97411369371092915        16.694943522983085     
  0.58065868301782642       0.58066080254168728       0.58066431582245037       0.58067027970167029       0.58087038843421657       0.83155592898876962        13.903657285248787     
  0.58065868301782142       0.58066080254122920       0.58066431570691901       0.58067016416944572       0.58075355115018723       0.71930394121311569        11.367712388060431     
  0.58065868301782131       0.58066080254119401       0.58066431569384713       0.58067014208612833       0.58070361682499305       0.64579135944204202        9.1295215031266856     
  0.58065868301782109       0.58066080254119290       0.58066431569285659       0.58067013910442733       0.58068584682586932       0.60807466329055593        7.2218940390145958     
  0.58075170627497308       0.58075382579839940       0.58075733895007020       0.58076316208528334       0.58077394026944296       0.59212935836491531        5.6557598691552311     
