   1.1277234346659356E-004   1.0655666542114120E-003   4.1687228104965975E-003   6.5604178601867767E-003   4.1687228104965940E-003   1.0655666542114120E-003   1.1277234346659319E-004
   1.1267232542392759E-004   1.0646216007718175E-003   4.1650255609484779E-003   6.5545994109706129E-003   4.1650255609484710E-003   1.0646216007718159E-003   1.1267232542392684E-004
   1.1256830665955522E-004   1.0636387451946419E-003   4.1611804214184171E-003   6.5485482237858531E-003   4.1611804214184180E-003   1.0636387451946404E-003   1.1256830665955472E-004
   1.1246028717347668E-004   1.0626180874798760E-003   4.1571873919064540E-003   6.5422642986323973E-003   4.1571873919064714E-003   1.0626180874798773E-003   1.1246028717347523E-004
   1.1235169615572483E-004   1.0615920294597444E-003   4.1531732352542176E-003   6.5359471251977405E-003   4.1531732352542150E-003   1.0615920294597448E-003   1.1235169615572411E-004
   1.1224424820131842E-004   1.0605767720503526E-003   4.1492013328825175E-003   6.5296964483255206E-003   4.1492013328825392E-003   1.0605767720503561E-003   1.1224424820131733E-004
   1.1213737177858323E-004   1.0595669149463284E-003   4.1452505576510977E-003   6.5234790197345486E-003   4.1452505576511020E-003   1.0595669149463308E-003   1.1213737177858309E-004
   1.1203106688752190E-004   1.0585624581476755E-003   4.1413209095599443E-003   6.5172948394248533E-003   4.1413209095599590E-003   1.0585624581476748E-003   1.1203106688752120E-004
   1.1192304740144297E-004   1.0575418004329098E-003   4.1373278800479925E-003   6.5110109142714201E-003   4.1373278800479873E-003   1.0575418004329098E-003   1.1192304740144233E-004
   1.1181102719365768E-004   1.0564833405805709E-003   4.1331869605540873E-003   6.5044942511493309E-003   4.1331869605540899E-003   1.0564833405805739E-003   1.1181102719365616E-004
   1.1169386320082064E-004   1.0553762779799006E-003   4.1288558967977175E-003   6.4976783534961375E-003   4.1288558967976976E-003   1.0553762779798976E-003   1.1169386320081922E-004
   1.1156926929624190E-004   1.0541990114094394E-003   4.1242501802177672E-003   6.4904302281868723E-003   4.1242501802177794E-003   1.0541990114094385E-003   1.1156926929624070E-004
   1.1143838854326778E-004   1.0529623414799116E-003   4.1194120650948039E-003   6.4828163717840460E-003   4.1194120650948031E-003   1.0529623414799127E-003   1.1143838854326706E-004
   1.1129950634688037E-004   1.0516500672752144E-003   4.1142781700079754E-003   6.4747370394439086E-003   4.1142781700079902E-003   1.0516500672752170E-003   1.1129950634687966E-004
   1.1115262270707980E-004   1.0502621887953534E-003   4.1088484949573312E-003   6.4661922311664887E-003   4.1088484949573217E-003   1.0502621887953549E-003   1.1115262270707859E-004
   1.1099773762386622E-004   1.0487987060403240E-003   4.1031230399428053E-003   6.4571819469517976E-003   4.1031230399428218E-003   1.0487987060403309E-003   1.1099773762386471E-004
   1.1083370803389372E-004   1.0472488183993899E-003   4.0970595506838910E-003   6.4476396902373142E-003   4.0970595506838771E-003   1.0472488183993875E-003   1.1083370803389294E-004
   1.1065939087381911E-004   1.0456017252618102E-003   4.0906157729000249E-003   6.4374989644605746E-003   4.0906157729000189E-003   1.0456017252618124E-003   1.1065939087381804E-004
   1.1047364308029646E-004   1.0438466260168492E-003   4.0837494523106423E-003   6.4266932730592018E-003   4.0837494523106605E-003   1.0438466260168544E-003   1.1047364308029604E-004
   1.1027417852663765E-004   1.0419619194430307E-003   4.0763760803547086E-003   6.4150896229081440E-003   4.0763760803546904E-003   1.0419619194430329E-003   1.1027417852663631E-004
   1.1006042568116886E-004   1.0399422052349836E-003   4.0684745298918646E-003   6.4026547657262131E-003   4.0684745298918395E-003   1.0399422052349856E-003   1.1006042568116795E-004
   1.0983066994887377E-004   1.0377712824766016E-003   4.0599814195013233E-003   6.3892889566696896E-003   4.0599814195013233E-003   1.0377712824766014E-003   1.0983066994887282E-004
   1.0958319673473427E-004   1.0354329502517761E-003   4.0508333677622592E-003   6.3748924508948632E-003   4.0508333677622445E-003   1.0354329502517791E-003   1.0958319673473350E-004
   1.0931743450707986E-004   1.0329218082551336E-003   4.0410092475343792E-003   6.3594320001205433E-003   4.0410092475343575E-003   1.0329218082551412E-003   1.0931743450707843E-004
   1.0903338326590865E-004   1.0302378564866913E-003   4.0305090588177170E-003   6.3429076043467220E-003   4.0305090588177049E-003   1.0302378564866915E-003   1.0903338326590782E-004
   1.0872989994787675E-004   1.0273702943356998E-003   4.0192905473317112E-003   6.3252527670108914E-003   4.0192905473317182E-003   1.0273702943356946E-003   1.0872989994787597E-004
   1.0840412689462285E-004   1.0242921202753047E-003   4.0072480773749898E-003   6.3063012467068679E-003   4.0072480773749846E-003   1.0242921202753043E-003   1.0840412689462137E-004
   1.0805377797945590E-004   1.0209817330840442E-003   3.9942971403864316E-003   6.2859200503097568E-003   3.9942971403864238E-003   1.0209817330840423E-003   1.0805377797945506E-004
   1.0767771013903183E-004   1.0174283321511682E-003   3.9803954820855116E-003   6.2640426812570283E-003   3.9803954820854985E-003   1.0174283321511626E-003   1.0767771013903116E-004
   1.0727592337335223E-004   1.0136319174766761E-003   3.9655431024721906E-003   6.2406691395487449E-003   3.9655431024721906E-003   1.0136319174766809E-003   1.0727592337335074E-004
   1.0684441696070790E-004   1.0095546869230043E-003   3.9495921115645987E-003   6.2155666872162505E-003   3.9495921115645788E-003   1.0095546869230004E-003   1.0684441696070663E-004
   1.0638090477441042E-004   1.0051750392686466E-003   3.9324580008015912E-003   6.1886023311345855E-003   3.9324580008015825E-003   1.0051750392686522E-003   1.0638090477440985E-004
   1.0588081456108092E-004   1.0004497720706798E-003   3.9139717530609804E-003   6.1595100850538476E-003   3.9139717530609795E-003   1.0004497720706820E-003   1.0588081456108029E-004
   1.0534071713068522E-004   9.9534648349687061E-004   3.8940066055011416E-003   6.1280904592866912E-003   3.8940066055011347E-003   9.9534648349687191E-004   1.0534071713068527E-004
   1.0475604022984463E-004   9.8982197110427219E-004   3.8723935409998422E-003   6.0940774675831474E-003   3.8723935409998335E-003   9.8982197110427327E-004   1.0475604022984392E-004
   1.0412221160517964E-004   9.8383303244992375E-004   3.8489635424348990E-003   6.0572051236934257E-003   3.8489635424348804E-003   9.8383303244992657E-004   1.0412221160517842E-004
   1.0343351593996639E-004   9.7732566448014411E-004   3.8235053384035570E-003   6.0171409448051324E-003   3.8235053384035431E-003   9.7732566448015170E-004   1.0343351593996558E-004
   1.0268423791748074E-004   9.7024586414124370E-004   3.7958076575030711E-003   5.9735524481058936E-003   3.7958076575030589E-003   9.7024586414124598E-004   1.0268423791748008E-004
   1.0186866222099975E-004   9.6253962837952115E-004   3.7656592283306775E-003   5.9261071507834091E-003   3.7656592283306757E-003   9.6253962837952788E-004   1.0186866222099907E-004
   1.0098335966048845E-004   9.5417455536277304E-004   3.7329332880447429E-003   5.8746055631502293E-003   3.7329332880447460E-003   9.5417455536277488E-004   1.0098335966048875E-004
   1.0002318645089673E-004   9.4510204234267013E-004   3.6974396923827846E-003   5.8187484506752301E-003   3.6974396923827825E-003   9.4510204234266634E-004   1.0002318645089620E-004
   9.8981855743827734E-005   9.3526268596014716E-004   3.6589460428017948E-003   5.7581700822648728E-003   3.6589460428017940E-003   9.3526268596014922E-004   9.8981855743826962E-005
   9.7854223754229299E-005   9.2460788346689429E-004   3.6172621950392690E-003   5.6925712233879804E-003   3.6172621950392668E-003   9.2460788346689483E-004   9.7854223754228526E-005
   9.6625430658619976E-005   9.1299722692330537E-004   3.5718388434480717E-003   5.6210874187324986E-003   3.5718388434480713E-003   9.1299722692330537E-004   9.6625430658619935E-005
   9.5282331228535837E-005   9.0030650930589598E-004   3.5221900638019031E-003   5.5429539578299922E-003   3.5221900638018884E-003   9.0030650930589815E-004   9.5282331228535431E-005
   9.3815209425546141E-005   8.8644392542339514E-004   3.4679566947160298E-003   5.4576056198994772E-003   3.4679566947160372E-003   8.8644392542339069E-004   9.3815209425545396E-005
   9.2212634616203410E-005   8.7130146916840562E-004   3.4087161933850081E-003   5.3643774393162197E-003   3.4087161933849973E-003   8.7130146916840345E-004   9.2212634616202298E-005
   9.0475749863851734E-005   8.5488994115167814E-004   3.3445108140893638E-003   5.2633359126427375E-003   3.3445108140893673E-003   8.5488994115167521E-004   9.0475749863851260E-005
   8.8614842738594690E-005   8.3730654686985345E-004   3.2757208453540508E-003   5.1550795089412129E-003   3.2757208453540565E-003   8.3730654686985464E-004   8.8614842738593823E-005
   8.6646487658930595E-005   8.1870789517863609E-004   3.2029589742470451E-003   5.0405724283674926E-003   3.2029589742470447E-003   8.1870789517863348E-004   8.6646487658930039E-005
   8.4580972194962887E-005   7.9919119157467093E-004   3.1266054892932962E-003   4.9204131399838112E-003   3.1266054892932940E-003   7.9919119157467039E-004   8.4580972194961979E-005
   8.2408580308260891E-005   7.7866463086668461E-004   3.0463012291081109E-003   4.7940364230091605E-003   3.0463012291081165E-003   7.7866463086668039E-004   8.2408580308260349E-005
   8.0117309833704393E-005   7.5701480664192012E-004   2.9616025237457497E-003   4.6607440635376002E-003   2.9616025237457419E-003   7.5701480664191784E-004   8.0117309833703770E-005
   7.7705446176276429E-005   7.3422551798427496E-004   2.8724459917853569E-003   4.5204363167254402E-003   2.8724459917853647E-003   7.3422551798427128E-004   7.7705446176275846E-005
   7.5174703930994707E-005   7.1031296580984925E-004   2.7788950146477847E-003   4.3732129274163933E-003   2.7788950146477830E-003   7.1031296580985055E-004   7.5174703930993962E-005
   7.2520510844478931E-005   6.8523394767569979E-004   2.6807805752108015E-003   4.2188079093605155E-003   2.6807805752108085E-003   6.8523394767570033E-004   7.2520510844478688E-005
   6.9733722409972613E-005   6.5890205869591440E-004   2.5777646392300319E-003   4.0566892900581724E-003   2.5777646392300363E-003   6.5890205869591418E-004   6.9733722409971813E-005
   6.6805194120716417E-005   6.3123089398459630E-004   2.4695091724610675E-003   3.8863250970094482E-003   2.4695091724610818E-003   6.3123089398459662E-004   6.6805194120716051E-005
   6.3729210659987541E-005   6.0216645048804076E-004   2.3558029035011681E-003   3.7073828474020899E-003   2.3558029035011642E-003   6.0216645048804314E-004   6.3729210659986646E-005
   6.0502914369423348E-005   5.7168172667941292E-004   2.2365401966489406E-003   3.5196962998299067E-003   2.2365401966489458E-003   5.7168172667941368E-004   6.0502914369423206E-005
   5.7128591375714050E-005   5.3979832378018493E-004   2.1118055604654961E-003   3.3233984474178172E-003   2.1118055604655026E-003   5.3979832378018503E-004   5.7128591375713670E-005
   5.3613100058927815E-005   5.0658104545478564E-004   1.9818525206341440E-003   3.1188882695406678E-003   1.9818525206341414E-003   5.0658104545478564E-004   5.3613100058927211E-005
   4.9971300242546279E-005   4.7217029964281376E-004   1.8472303828020085E-003   2.9070302215105431E-003   1.8472303828020141E-003   4.7217029964281355E-004   4.9971300242545771E-005
   4.6226624725136803E-005   4.3678749886440102E-004   1.7088053597203888E-003   2.6891874828581215E-003   1.7088053597203909E-003   4.3678749886440053E-004   4.6226624725136512E-005
   4.2409936217008215E-005   4.0072425960948043E-004   1.5677183169641119E-003   2.4671554607700488E-003   1.5677183169641191E-003   4.0072425960948114E-004   4.2409936217007883E-005
   3.8556669681847541E-005   3.6431540081093738E-004   1.4252791372302458E-003   2.2429955486829483E-003   1.4252791372302454E-003   3.6431540081093645E-004   3.8556669681847067E-005
   3.4703974678359137E-005   3.2791194231776441E-004   1.2828610846366529E-003   2.0188688848770714E-003   1.2828610846366507E-003   3.2791194231776279E-004   3.4703974678358791E-005
   3.0893001486954254E-005   2.9190270611653343E-004   1.1419853132831309E-003   1.7971693456013658E-003   1.1419853132831287E-003   2.9190270611653365E-004   3.0893001486953929E-005
   2.7166614983061038E-005   2.5669271510993268E-004   1.0042363586903063E-003   1.5803905519484536E-003   1.0042363586903046E-003   2.5669271510993268E-004   2.7166614983060743E-005
   2.3570537700469524E-005   2.2271399372748862E-004   8.7130439208017209E-004   1.3711923664171443E-003   8.7130439208017230E-004   2.2271399372748925E-004   2.3570537700469259E-005
   2.0151635236314729E-005   1.9040936700946947E-004   7.4492183895528313E-004   1.1723011480687170E-003   7.4492183895528443E-004   1.9040936700947004E-004   2.0151635236314485E-005
   1.6953343997697019E-005   1.6018925816392671E-004   6.2669436197653296E-004   9.8624376627704999E-004   6.2669436197653242E-004   1.6018925816392701E-004   1.6953343997696947E-005
   1.4015099670010755E-005   1.3242628826132916E-004   5.1807973382289650E-004   8.1531435244735085E-004   5.1807973382289488E-004   1.3242628826132943E-004   1.4015099670010579E-005
   1.1367764963563891E-005   1.0741207379160947E-004   4.2021882006921889E-004   6.6130831376632595E-004   4.2021882006921868E-004   1.0741207379160893E-004   1.1367764963563791E-005
   9.0330580819068460E-006   8.5351826358792527E-005   3.3391445204595204E-004   5.2548908492090253E-004   3.3391445204595290E-004   8.5351826358792459E-005   9.0330580819067732E-006
   7.0206950634700321E-006   6.6337351154154242E-005   2.5952579113777208E-004   4.0842188669208403E-004   2.5952579113777165E-004   6.6337351154154229E-005   7.0206950634699787E-006
   5.3329620349429253E-006   5.0390249399170726E-005   1.9713734590577563E-004   3.1023971220480487E-004   1.9713734590577547E-004   5.0390249399170847E-005   5.3329620349428651E-006
   3.9572852995332703E-006   3.7391714375721679E-005   1.4628431926391503E-004   2.3021109927189723E-004   1.4628431926391489E-004   3.7391714375721577E-005   3.9572852995332195E-006
   2.8668028686393168E-006   2.7087931731458568E-005   1.0597373561926607E-004   1.6677337867530828E-004   1.0597373561926610E-004   2.7087931731458619E-005   2.8668028686393210E-006
   2.0289374369357347E-006   1.9171084060342576E-005   7.5001347976155102E-005   1.1803139838463796E-004   7.5001347976155224E-005   1.9171084060342562E-005   2.0289374369357245E-006
   1.4025387240113540E-006   1.3252349375797291E-005   5.1846002234784567E-005   8.1591282150958385E-005   5.1846002234784553E-005   1.3252349375797337E-005   1.4025387240113422E-006
