  0.98898641306922641       0.97950311291124947       0.96167990800194270       0.92936028097457513       0.84233645182218986       0.97022392089736909       0.99999999299057418     
  0.99155171929873620       0.98329161056221526       0.96673463752424182       0.93427742148353454       0.84370412214105572       0.96968689708905531       0.99999999174464194     
  0.99349600484526635       0.98629936125979156       0.97101625626748178       0.93812329589821364       0.84307981246819830       0.96912862189205684       0.99999999033845421     
  0.99496467415720946       0.98878317699686902       0.97471320632190739       0.93951363836321677       0.84153981838956859       0.96862793827528137       0.99999998873974383     
  0.99608116004930436       0.99073031126131494       0.97785028043454358       0.94332635919920271       0.83911721787375149       0.96862520786983286       0.99999998689079761     
  0.99704160011485199       0.99231713290354473       0.98054854945651382       0.94597862926281517       0.83543251918280814       0.96813931945783982       0.99999998470072049     
  0.99765789989011733       0.99359646666149992       0.98321621521048719       0.94814524077469586       0.82923917710320116       0.96780660272153252       0.99999998775941679     
  0.99810185498101489       0.99463600142571085       0.98517888316779845       0.94937446053149577       0.81727685126804617       0.96865859664978160       0.99999998560638459     
  0.99847031150177190       0.99548436377675542       0.98654135436604673       0.95045245214864416       0.80048361383398503       0.96875087422002104       0.99999998290521053     
  0.99875596365396246       0.99616473429686703       0.98795328460776410       0.95019329149661647       0.78116336020891164       0.96816644735128277       0.99999997943942398     
  0.99897492387271691       0.99673525697903531       0.98909266786004768       0.94943478547695437       0.76162553779919007       0.96753707747083728       0.99999998369857956     
  0.99915057915546623       0.99720512993815835       0.98985071999752061       0.94942561182919549       0.74258039465913073       0.96687524580669659       0.99999998014816338     
  0.99928242121529043       0.99758412808944774       0.98932237178177185       0.94700817914115198       0.72342831800379837       0.96617760066283154       0.99999997554221587     
  0.99939461212418179       0.99788905702453623       0.98926093816712135       0.94446774389622112       0.70467805888356261       0.96549447181209758       0.99999996960086268     
  0.99948212590564212       0.99815584097427679       0.98888240656571813       0.93841572822824304       0.68628338990533400       0.96476462806900998       0.99999996577246208     
  0.99955494570225611       0.99833983026229967       0.98745157363495928       0.93629644997280559       0.67666661567301933       0.96397874865719535       0.99999997062271506     
  0.99961484831670033       0.99827061561444086       0.98666663355219142       0.93430842809662495       0.67368671166981497       0.96347883411764257       0.99999996346490250     
  0.99966196978606092       0.99820259102006093       0.98285084654923405       0.93181429062945165       0.65603756752429188       0.96262661080614009       0.99999995473059156     
  0.99970161060050555       0.99791495669243935       0.98133270077101675       0.92882833049803959       0.63746175453126419       0.96250297489157322       0.99999996590620144     
  0.99970126578783503       0.99696551457409255       0.97999412747199188       0.92214962872732542       0.62125590120334317       0.96194125402116248       0.99999995831285615     
  0.99950773862503373       0.99395822519333721       0.97630771320265730       0.91727162233470649       0.60480642312859989       0.96350586111148440       0.99999994951678861     
  0.99930792494350784       0.99305412987919173       0.97455506278643322       0.91111323548462708       0.58870844938691991       0.96376290039058399       0.99999993956041655     
  0.99905223402849386       0.99124357352864001       0.97330449465084956       0.90369336318170290       0.57294802505685494       0.96294376432053208       0.99999995625725069     
  0.99802511315239228       0.99012073572864423       0.97048832915246108       0.89682720335832056       0.55755690725933715       0.96208722855107476       0.99999994869860065     
  0.99512835992598470       0.98602697839188003       0.96728523103761488       0.86872613287192080       0.54254917717881368       0.96139840857207626       0.99999994066188735     
  0.99335486539533113       0.98320723736036120       0.96570741108341518       0.85240435882245846       0.52752670558751047       0.96050807015224027       0.99999995874969161     
  0.99232362029944654       0.98145912457464302       0.96099593816920170       0.84533766338045391       0.51345226558842594       0.95973696126200569       0.99999995344576476     
  0.98782413195968100       0.97880383407971705       0.95822722232066748       0.83266729150071428       0.50083404309637103       0.95886586754475645       0.99999994827408378     
  0.98684839075573316       0.97689529262423613       0.95537581246376035       0.82582301263308333       0.49329855939789108       0.95887185579607626       0.99999996581326978     
  0.98194958420790035       0.97170674674164892       0.95330901842789117       0.81295150807760508       0.48099311149216678       0.95820951402744636       0.99999996312454564     
  0.98056641222354901       0.96984940535867548       0.95166419808695302       0.80015717771730532       0.46981193548593320       0.95890794563637127       0.99999996092569077     
  0.97636532130409015       0.96619973235759193       0.94299372221511402       0.79443399520404601       0.45987276855141768       0.96125039014188396       0.99999997582985034     
  0.97302287747717220       0.96445149186363810       0.93913631453106217       0.78894509112058553       0.45142140671988945       0.96173954512853577       0.99999997533861151     
  0.97076831957680398       0.95927768725536611       0.93374171874957890       0.76010645803514665       0.44795361609119977       0.96155753104066821       0.99999997537341412     
  0.96589169788968099       0.95757544531916805       0.92135590700853598       0.75077064026088924       0.44214967075229195       0.96125408613831165       0.99999998609684537     
  0.96411695269488362       0.95215686758203877       0.89716637891110018       0.73095550555927702       0.43730821629109590       0.96137035048437047       0.99999998681962932     
  0.95673187962899642       0.94449915231668391       0.87843653474274419       0.72617930553314536       0.41728143168805953       0.96131689916733165       0.99999998785734034     
  0.95062468459476157       0.93616600403286343       0.87048978378130371       0.72007236128816987       0.37314401641758621       0.96137041177209093       0.99999999400484585     
  0.94790170503225446       0.91843837478825152       0.82951530763851833       0.71621815073074702       0.37247978073117921       0.96175640608900326       0.99999999488909042     
  0.92794327041689373       0.89010321929615122       0.82078533902954498       0.70349488232086721       0.36064198833391375       0.96289312876236177       0.99999999775979020     
  0.91066173088550717       0.87091065264157064       0.79661888630799593       0.68805731441895934       0.36167509539858739       0.96426339079207635       0.99999999821694630     
  0.88997034916788731       0.84885661150566560       0.78015741362996605       0.68414648687540780       0.35363942900683959       0.96802138422888850       0.99999999862884470     
  0.86133798985080456       0.82508783870592728       0.76649259683206894       0.68561129522252706       0.35106947418261680       0.96882668663059779       0.99999999949968943     
  0.81662835125664623       0.78716219662752052       0.74973525397657070       0.67865403259976942       0.36065902490186685       0.96946036452329110       0.99999999965166098     
  0.77906914584822518       0.75744008688701414       0.75869410661608938       0.62565039908288245       0.29205515645173424       0.97018470348499075       0.99999999989384258     
  0.83283496467481921       0.79897481183009333       0.79832361707289201       0.65882967261838865       0.36657563557063971       0.97075731808124754       0.99999999993516631     
  0.88152803142522085       0.84730120698418543       0.83588653565471738       0.69267275540082551       0.42661820302498449       0.97140971466103687       0.99999999996306321     
  0.91723548289520607       0.88640227045275355       0.87091000404391683       0.72644282804836302       0.45290395736647399       0.97214157668776202       0.99999999999199762     
  0.94841124281092515       0.92169432178020727       0.90179889381115963       0.76003243887212713       0.48042906571501426       0.97295241827204182       0.99999999999632472     
  0.96514953122151681       0.94709105027243312       0.92743193188966089       0.79326115370151928       0.51011535426742449       0.97384234706965866       0.99999999999945755     
  0.97636146500881926       0.96374342421430625       0.94716686850892795       0.82563582560657189       0.54188854013569521       0.97529018094268471       0.99999999999982392     
  0.98521483224630368       0.97549232588064061       0.96175322991298362       0.85644534683099116       0.57564370641398344       0.97925322498750667       0.99999999999995492     
  0.99134850600570434       0.98415701346438056       0.96919717173618913       0.88490242549377285       0.61120999174772495       0.98031015714126624       0.99999999999999589     
  0.99547536963165117       0.99045156651083577       0.97914241373306565       0.91029432382183040       0.64832974670901566       0.98146049533645763        1.0000000000000018     
  0.99792622510197571       0.99474135871516067       0.98611686374488861       0.93213372268241046       0.68664796594371025       0.98270706187008949       0.99999999999999833     
  0.99915869997397599       0.99738750221838746       0.98994140422343302       0.95023888409077961       0.72569054569456326       0.98405083616375300       0.99999999999999833     
  0.99968820399930058       0.99885101792958042       0.99403200875213027       0.96472467306052245       0.76483369406787194       0.98548894003538900       0.99999999999999978     
  0.99989617921486884       0.99954277807745084       0.99654204371719535       0.97591510255774250       0.80328561699681666       0.98701328836882674       0.99999999999999678     
  0.99997041604720138       0.99983446569976397       0.99829604280818662       0.98424103517459860       0.84010898223147712       0.98860744445729110       0.99999999999999889     
  0.99999275521221465       0.99994291220425557       0.99921450641505039       0.99017865924857296       0.87428528822026297       0.99245449306017375       0.99999999999999756     
  0.99999796149320686       0.99997909449580591       0.99965171863355218       0.99416509849565893       0.90679586465192330       0.99385239451904395        1.0000000000000022     
  0.99999901983927841       0.99999008155883939       0.99983708990150688       0.99667832352711083       0.95425476955280675       0.99516646459218827       0.99999999999999900     
  0.99999936549265667       0.99999384897035737       0.99991060209870630       0.99813222802706614       0.97149103776150991       0.99635041942668301        1.0000000000000009     
  0.99999958092050711       0.99999581391040770       0.99994332740696323       0.99891025427811275       0.98105535202265726       0.99736729016018921       0.99999999999999711     
  0.99999973682082943       0.99999718177311836       0.99996143223317624       0.99931613903007355       0.98759157507356066       0.99820353219392788        1.0000000000000016     
  0.99999984756194804       0.99999819027326564       0.99997381118458695       0.99954466894980243       0.99180399570519318       0.99880482576088647       0.99999999999999845     
  0.99999992138995963       0.99999892119384326       0.99998284315659558       0.99969295996185015       0.99443803542978093       0.99922805974088502        1.0000000000000016     
  0.99999996551697468       0.99999942370822825       0.99998933978917215       0.99979863041156236       0.99614755309025960       0.99952157275145792        1.0000000000000000     
  0.99999998784954203       0.99999973706194767       0.99999387395331774       0.99987425760674420       0.99737555949890266       0.99973036504087565       0.99999999999999989     
  0.99999999678474305       0.99999990362776203       0.99999687496473300       0.99992593691905962       0.99831499742064933       0.99987249795801891        1.0000000000000000     
  0.99999999940687190       0.99999997355347059       0.99999866513451274       0.99995917305483073       0.99900726839020060       0.99995525633621807       0.99999999999999944     
  0.99999999992982136       0.99999999498804848       0.99999955689484954       0.99998007435549052       0.99946722646718344       0.99999117238962065        1.0000000000000036     
  0.99999999999510825       0.99999999939797690       0.99999989499047504       0.99999157411720552       0.99973799608140035       0.99999931654671004        1.0000000000000024     
  0.99999999999981748       0.99999999995841404       0.99999998385182320       0.99999713947288138       0.99988336052327453       0.99999997955193065       0.99999999999999956     
  0.99999999999999645       0.99999999999851885       0.99999999855864852       0.99999940438327051       0.99995613059702959       0.99999999981814958       0.99999999999999833     
   1.0000000000000002       0.99999999999997591       0.99999999993452149       0.99999991786267939       0.99998790259622139       0.99999999999978606       0.99999999999999922     
  0.99999999999999933       0.99999999999999978       0.99999999999869826       0.99999998938414025       0.99999803700232193       0.99999999999999933       0.99999999999999989     
  0.99999999999999956        1.0000000000000004       0.99999999999998812       0.99999999948915808       0.99999987819735103       0.99999999999999978        1.0000000000000004     
  0.99999999999999944       0.99999999999999933       0.99999999999999978       0.99999999999254052       0.99999999243521265       0.99999999999999989       0.99999999999999867     
  0.99999999999999911       0.99999999999999933        1.0000000000000004       0.99999999999999845       0.99999999999670808        1.0000000000000004       0.99999999999999745     
   1.0000000000000000        1.0000000000000000       0.99999999999999978        1.0000000000000002       0.99999999999804268       0.99999999999999978        1.0000000000000002     
