   2.0788523671861490        2.0249903843152168        1.9462866759376740        1.9307098897641732        1.9484241822522694        4.6811371459056819        18.775282935368715     
   2.0912689788489733        2.0448809942394344        1.9753251901562154        1.9644801935297278        1.9479714760787143        4.6445717275666540        18.872290098634895     
   2.0985824850027734        2.0589414666577674        1.9984357513129540        1.9926518301985294        1.9308694391274728        4.5184991510537671        18.707934855808510     
   2.1018204730128121        2.0681982976655169        2.0163872017323095        2.0157840795950870        1.8995903328338495        4.3230123596460217        18.370526366893767     
   2.1017821866980539        2.0734643957485992        2.0298224519534123        2.0341701852527621        1.8543116300065510        4.0728438178375042        17.966819059765772     
   2.0990766752151844        2.0753852982833099        2.0392737865590531        2.0479815489055344        1.7955831336313399        3.7861716014157896        17.587932536624219     
   2.0941628065536460        2.0744705735897568        2.0451820005840649        2.0573735928634789        1.7246017200641035        3.5003237282510433        17.262144393785146     
   2.0873670928682539        2.0710965536486907        2.0478969942233505        2.0625307930916126        1.6438209184545742        3.2403959689798754        16.961190820928824     
   2.0789249108533272        2.0655444076270948        2.0477060603636876        2.0635909013270952        1.5559317437965652        3.0166044671119683        16.665302518883127     
   2.0689977532029253        2.0580236759226920        2.0448519873354485        2.0606852961420028        1.4632893345027220        2.8227272036709876        16.363317268232116     
   2.0576918366744126        2.0486895240636076        2.0395373616122421        2.0539389978927267        1.3675288943662069        2.6514427828393998        16.054275339468568     
   2.0450647417528942        2.0376530999611955        2.0319233779650809        2.0434578296720973        1.2696469730569531        2.4974924678932804        15.739321381283331     
   2.0311402366349318        2.0249969497049638        2.0221281191702660        2.0293526776599280        1.1705145208204029        2.3571573776406991        15.420121583810767     
   2.0159290272668380        2.0107709185305143        2.0102233931856497        2.0117521358272348        1.0710152398032724        2.2277257774269859        15.098396169641465     
   1.9994186915766732        1.9950021589632716        1.9962790353674751        1.9907912762196562       0.97204111862326903        2.1072536716657120        14.775688775397965     
   1.9815750220512078        1.9776948845367013        1.9803232932987707        1.9666362727502897       0.87448163328408479        1.9943750369422071        14.453317036463188     
   1.9623469290472759        1.9588400182099481        1.9624002771786349        1.9394738164802661       0.77925696552831603        1.8881256597781662        14.132366878531327     
   1.9416758500413007        1.9384062385425909        1.9425412318130368        1.9095652102764840       0.68720635872401070        1.7878530371493013        13.813715396339331     
   1.9194899164100387        1.9163438524085399        1.9207684315016329        1.8771552020884730       0.59916089054890997        1.6930835897504652        13.498057393786230     
   1.8957044748996081        1.8925856204473761        1.8970719717750948        1.8424954415070329       0.51589252000649111        1.6034752023377201        13.185936103074230     
   1.8702236357163811        1.8670486570754015        1.8713936064525138        1.8058047679178375       0.43801680889995920        1.5187779392060703        12.877762785047128     
   1.8429318730909363        1.8396300059508783        1.8436493448116824        1.7673191553532499       0.36596024598183829        1.4387993884524160        12.573851330587580     
   1.8136896637256270        1.8102045934437070        1.8137176182203179        1.7272040380464617       0.30008008588033014        1.3634112687376618        12.274441451813653     
   1.7823389867843114        1.7786492238356106        1.7814696178701606        1.6855908038312557       0.24069919676667145        1.2925077711690760        11.979708949172002     
   1.7487051701984484        1.7448098099499432        1.7467631438614122        1.6425674323868267       0.18792579324644257        1.2260052274418924        11.689789060678756     
   1.7125888102469267        1.7085135925564041        1.7094251456409457        1.5981344039562009       0.14175315884018366        1.1638351138432341        11.404793039485591     
   1.6737605209155619        1.6695682121471116        1.6692586195376999        1.5522755439329481       0.10213600899221570        1.1059330195225960        11.124807557477126     
   1.6319769100960633        1.6277563754864073        1.6260437884393140        1.5049662855537524        6.9020442795517944E-002   1.0522408779145007        10.849898533935194     
   1.5869610663406526        1.5828250453721946        1.5795352912775977        1.4561253106642869        4.2341094505974987E-002   1.0026956848779651        10.580114303849273     
   1.5384141216828187        1.5344728240218257        1.5294529688983056        1.4056053289018235        2.2000459164469906E-002  0.95723430037624102        10.315501443281967     
   1.4860119284535325        1.4823711795714634        1.4754610545883646        1.3532099429552911        7.9229922269336787E-003  0.91578895715149355        10.056118745153530     
   1.4293840260524784        1.4261465761923977        1.4171907298175759        1.2987445690309367        1.8738142127912029E-005  0.87827793577037294        9.8020154483571105     
   1.3681057054928141        1.3653495841503183        1.3542461221820816        1.2419811038335042       -1.8612997249259332E-003  0.84459188374802374        9.5532488401658568     
   1.3016906919497027        1.2994619730758064        1.2861935218372667        1.1826319311644156        2.0806059419877761E-003  0.81461570835292363        9.3098690652754321     
   1.2295606228476263        1.2278917972943708        1.2125676302552637        1.1203613620106858        1.1625947593309791E-002  0.78821970046526402        9.0719334113065173     
   1.1510279248314210        1.1499108555098676        1.1328473318156727        1.0547321301691091        2.6841664830212247E-002  0.76525687398045972        8.8395032040733383     
   1.0652345439906572        1.0646415127337583        1.0464002392258869       0.98515215510848508        4.7204170216198216E-002  0.74557532818228689        8.6126510835441970     
  0.97114236774323304       0.97112444584115065       0.95248029894661035       0.91087528347576907        7.2038137322332177E-002  0.72902256721060532        8.3914518521795323     
  0.86757108274968586       0.86820023156733506       0.85018134891918318       0.83100010235343058       0.10024410738073929       0.71544877880830782        8.1759879187433562     
  0.75326298924508006       0.75434941107709164       0.73842445106705557       0.74434480092268795       0.13054463394964763       0.70471150843875108        7.9663569256697979     
  0.62651298315062709       0.62757386316613006       0.61621175375857329       0.64951585646865240       0.16154276960066352       0.69661826666666704        7.7626931720773982     
  0.48390770138500439       0.48577337043724689       0.48194605229658627       0.54444485572311430       0.19191702515416603       0.69095797217645183        7.5651710550641633     
  0.32213333313912995       0.32663289079274666       0.33310664072621926       0.42664340433293435       0.22076849890486697       0.68734992401963046        7.3739936882541928     
  0.13808136896431239       0.14669698550318869       0.16720993443693682       0.29461539274343918       0.24827497783151631       0.68534981597920841        7.1894186591906202     
  -6.9670381459234820E-002  -5.6678717594585017E-002  -2.0691459331125081E-002  0.14552712625352476       0.28036542650218316       0.68505385279087661        7.0117612553760917     
  -4.1095156655004982E-002  -2.7724296074075887E-002   1.1977437219314836E-002  0.18886128916786479       0.41814509051608978       0.70053982592774799        6.8414792041031340     
  -2.1443173943200430E-002  -8.5767774089047424E-003   3.2946218929786483E-002  0.22037896128520248       0.54953265224595615       0.71859472282346126        6.6755837069938888     
  -1.0575256907340756E-002   1.9491280561864687E-003   4.4221502500306945E-002  0.24114091288652359       0.67227523601760009       0.73920017262328108        6.5138556267220000     
  -3.9586267437063316E-003   7.1087502126507838E-003   4.8186314555439327E-002  0.25172114600651779       0.78454040456783281       0.76234706599770496        6.3560716395392838     
  -3.2451296574127878E-005   9.2368036935748452E-003   4.7150122198822524E-002  0.25274725953968336       0.88603475996769865       0.78804416303148339        6.2020714772001497     
   1.7368737718571354E-003   9.4632821741327151E-003   4.3071924044264007E-002  0.24515963957109480       0.97621510633165132       0.81635552745913931        6.0518243144403678     
   2.2073640969045767E-003   8.4559679674219065E-003   3.7369505160102720E-002  0.23027433093198338        1.0528524703425566       0.84740855075212607        5.9054231715533545     
   1.9929111116129016E-003   6.8326196096753734E-003   3.0950966724143797E-002  0.20968578007422220        1.1126154311907404       0.88144403590098730        5.7629445054975070     
   1.5273169970314178E-003   5.0946404995173018E-003   2.4462105876777013E-002  0.18517998840044975        1.1535589698431099       0.91879820496213627        5.6244588605441326     
   1.0524996106185012E-003   3.5546241073401261E-003   1.8425742727107081E-002  0.15860732561174226        1.1746133596653177       0.95982548638919762        5.4901360726613904     
   6.7487697684822149E-004   2.3403896911738478E-003   1.3218610564616417E-002  0.13168527654440165        1.1750787170690775        1.0050585683333846        5.3602732523681533     
   4.1524907741904971E-004   1.4660989622364102E-003   9.0259119874506431E-003  0.10584482190111465        1.1544979674011899        1.0552210723783693        5.2351609430435104     
   2.5972857623252283E-004   8.8498001214608627E-004   5.8668991668711611E-003   8.2211977517764268E-002   1.1131928090186658        1.1112598364810224        5.1149783569552412     
   1.7985031931684855E-004   5.3459549968520349E-004   3.6361949187655239E-003   6.1483213980856752E-002   1.0521022487223117        1.1744033159168483        4.9998235046138015     
   1.4560639125870483E-004   3.4676247720157396E-004   2.1665272624746099E-003   4.3921506286624973E-002  0.97164842561539577        1.2461181706072624        4.8897475041444096     
   1.3364873156028028E-004   2.6002124049790288E-004   1.2695817060333248E-003   2.9865213530390167E-002  0.87352535449110336        1.3281349425528375        4.7847464261410302     
   1.3040736822168676E-004   2.2681799959037315E-004   7.7042927343761206E-004   1.9212628942435275E-002  0.76174477857511647        1.4221300765814564        4.6847571790749782     
   1.2983806801920253E-004   2.1690219228785089E-004   5.2353461982618450E-004   1.1689342737218953E-002  0.64158479675226843        1.5295060540846279        4.5896184398827469     
   1.2986465580415817E-004   2.1506841651886829E-004   4.1832672761846467E-004   6.8590508651704893E-003  0.51914804132148806        1.6519570234532959        4.4990855203937823     
   1.2994911596599015E-004   2.1524678610028439E-004   3.8094770994149250E-004   3.9454385674817906E-003  0.40114942977487000        1.7880102716939352        4.4128433834771732     
   1.2999895543240305E-004   2.1560570410079433E-004   3.7003791627906535E-004   2.3367366857999423E-003  0.29427411465181019        1.9341473096765784        4.3305285689279378     
   1.3001664688954467E-004   2.1578570242538950E-004   3.6697423720960916E-004   1.5169514335408923E-003  0.20386968517327583        2.0835972050029232        4.2517260880286907     
   1.3001656998971677E-004   2.1579942430510507E-004   3.6528465612521905E-004   1.1205875411879199E-003  0.13231410684652106        2.2246235123739333        4.1759209925613270     
   1.3001029779076856E-004   2.1572397920673991E-004   3.6350942065393777E-004   9.2392284841259287E-004   8.0264333307479646E-002   2.3396820024271605        4.1024982344125949     
   1.3000426718108127E-004   2.1562802279953566E-004   3.6163113765460577E-004   8.1204152135772836E-004   4.5763139486526418E-002   2.4026620913700998        4.0306002943049615     
   1.3000048381063507E-004   2.1555187466819602E-004   3.5993163540759142E-004   7.3672385282471233E-004   2.5383779671999951E-002   2.3815287236362566        3.9588692569412260     
   1.2999862448278589E-004   2.1550616116572440E-004   3.5864023059739087E-004   6.8221896475215182E-004   1.4235561130504990E-002   2.2462236909383662        3.8855284730850324     
   1.2999783156050079E-004   2.1548423432048315E-004   3.5782709276475401E-004   6.4372683428026375E-004   8.4359757096757818E-003   1.9790004937045302        3.8081136771676580     
   1.2999745982701226E-004   2.1547562303976401E-004   3.5740462105670397E-004   6.1854155508669093E-004   5.3220045090564333E-003   1.6024435444539646        3.7235306995882995     
   1.2999715940495955E-004   2.1547271922636233E-004   3.5722498771354757E-004   6.0385162591060002E-004   3.4827604321300840E-003   1.1780998923660901        3.6281971518392258     
   1.2999675479519364E-004   2.1547151515928449E-004   3.5716395214414805E-004   5.9645654072487220E-004   2.3300492206932326E-003  0.77962799981435449        3.5186941159330232     
   1.2999610881415377E-004   2.1547036308909397E-004   3.5714718893192305E-004   5.9334167521996636E-004   1.6328723984967699E-003  0.46361297234798349        3.3934729233311578     
   1.2999499973969254E-004   2.1546851675175718E-004   3.5714154128875454E-004   5.9228578927680224E-004   1.2560255219004023E-003  0.25150148767569713        3.2583445230318668     
   1.2999291616033813E-004   2.1546506348667319E-004   3.5713552473690959E-004   5.9200796358206079E-004   1.0809916425295826E-003  0.13010936873173909        3.1373536950493084     
   1.2998832112157431E-004   2.1545744985546097E-004   3.5712289329495117E-004   5.9193905556415070E-004   1.0123596768081200E-003   6.7343447444228877E-002   3.0688241429363625     
   1.2997352352562199E-004   2.1543293285164841E-004   3.5708229492384814E-004   5.9186593384612783E-004   9.8935485925587025E-004   3.4137785740714292E-002   3.0526694147965250     
