   2.2254911424231802     
   2.2449228653811617     
   2.2491420011204193     
   2.2410323850243956     
   2.2225666839191143     
   2.1958334876203334     
   2.1638120570950083     
   2.1286403006671599     
   2.0916107562531403     
   2.0529578352045679     
   2.0127249507480904     
   1.9709220155540008     
   1.9276166226862834     
   1.8829354441413577     
   1.8370538459938728     
   1.7901810219526768     
   1.7425675861621726     
   1.6944863205539109     
   1.6462082091407635     
   1.5979907633148729     
   1.5500333447359165     
   1.5024914778586778     
   1.4554700138730872     
   1.4090517671592593     
   1.3632470374288947     
   1.3179970985582619     
   1.2732204737503297     
   1.2288235363917595     
   1.1846792848322976     
   1.1406163117802346     
   1.0964343627774915     
   1.0519183997872545     
   1.0068131441840564     
  0.96081362415975713     
  0.91357902553939829     
  0.86477522313846023     
  0.81382910142021392     
  0.76003859774958582     
  0.70248839289307174     
  0.64004962529407450     
  0.57146832191533303     
  0.49508897717603839     
  0.40895247800621476     
  0.31167343387671437     
  0.20224698523628731     
  0.26172214497418594     
  0.31185676571229598     
  0.35306621190909732     
  0.38593038882446684     
  0.41132888041963239     
  0.43003832061141356     
  0.44241842607423904     
  0.44854748308970710     
  0.44884568489535898     
  0.44392831805246902     
  0.43441374820795520     
  0.42082796675556522     
  0.40373813956905297     
  0.38368294346622411     
  0.36091044341787243     
  0.33601596480843993     
  0.30998790961159622     
  0.28404562757864982     
  0.25957299223464231     
  0.23778594186500882     
  0.21983724744369887     
  0.20639732875312169     
  0.19717201835540449     
  0.19114715071594932     
  0.18618808231346123     
  0.17946142005411797     
  0.16791175450498305     
  0.14948720359549214     
  0.12491782116221042     
   9.7639098247270392E-002
   7.2034165188964494E-002
   5.1530380359739600E-002
   3.7456659849554354E-002
   2.9126833594249901E-002
   2.4786171628262639E-002
   2.2624350643524575E-002
