   1.1277234346659525E-004   1.0655666542114279E-003   4.1687228104966374E-003   6.5604178601868625E-003   4.1687228104966417E-003   1.0655666542114224E-003   1.1277234346659426E-004
   1.1267232542392898E-004   1.0646216007718305E-003   4.1650255609485126E-003   6.5545994109706997E-003   4.1650255609485187E-003   1.0646216007718222E-003   1.1267232542392807E-004
   1.1256830665955652E-004   1.0636387451946536E-003   4.1611804214184639E-003   6.5485482237858956E-003   4.1611804214184613E-003   1.0636387451946532E-003   1.1256830665955537E-004
   1.1246028717347749E-004   1.0626180874798886E-003   4.1571873919065017E-003   6.5422642986324555E-003   4.1571873919064853E-003   1.0626180874798942E-003   1.1246028717347654E-004
   1.1235169615572611E-004   1.0615920294597609E-003   4.1531732352542350E-003   6.5359471251978237E-003   4.1531732352542506E-003   1.0615920294597609E-003   1.1235169615572510E-004
   1.1224424820131927E-004   1.0605767720503661E-003   4.1492013328825687E-003   6.5296964483255908E-003   4.1492013328825539E-003   1.0605767720503678E-003   1.1224424820131865E-004
   1.1213737177858533E-004   1.0595669149463421E-003   4.1452505576511480E-003   6.5234790197346276E-003   4.1452505576511488E-003   1.0595669149463375E-003   1.1213737177858435E-004
   1.1203106688752320E-004   1.0585624581476913E-003   4.1413209095600076E-003   6.5172948394249201E-003   4.1413209095599972E-003   1.0585624581476863E-003   1.1203106688752202E-004
   1.1192304740144364E-004   1.0575418004329250E-003   4.1373278800480220E-003   6.5110109142714877E-003   4.1373278800480385E-003   1.0575418004329271E-003   1.1192304740144382E-004
   1.1181102719365864E-004   1.0564833405805822E-003   4.1331869605541350E-003   6.5044942511493864E-003   4.1331869605541341E-003   1.0564833405805785E-003   1.1181102719365764E-004
   1.1169386320082124E-004   1.0553762779799164E-003   4.1288558967977696E-003   6.4976783534962052E-003   4.1288558967977626E-003   1.0553762779799106E-003   1.1169386320082027E-004
   1.1156926929624350E-004   1.0541990114094574E-003   4.1242501802178149E-003   6.4904302281869617E-003   4.1242501802178227E-003   1.0541990114094459E-003   1.1156926929624218E-004
   1.1143838854326920E-004   1.0529623414799213E-003   4.1194120650948820E-003   6.4828163717841215E-003   4.1194120650948646E-003   1.0529623414799198E-003   1.1143838854326790E-004
   1.1129950634688200E-004   1.0516500672752243E-003   4.1142781700080231E-003   6.4747370394439858E-003   4.1142781700080275E-003   1.0516500672752289E-003   1.1129950634688073E-004
   1.1115262270708090E-004   1.0502621887953719E-003   4.1088484949573841E-003   6.4661922311665494E-003   4.1088484949573720E-003   1.0502621887953621E-003   1.1115262270708007E-004
   1.1099773762386697E-004   1.0487987060403383E-003   4.1031230399428600E-003   6.4571819469518565E-003   4.1031230399428513E-003   1.0487987060403357E-003   1.1099773762386620E-004
   1.1083370803389455E-004   1.0472488183994046E-003   4.0970595506839387E-003   6.4476396902373515E-003   4.0970595506839231E-003   1.0472488183994018E-003   1.1083370803389437E-004
   1.1065939087382021E-004   1.0456017252618301E-003   4.0906157729000700E-003   6.4374989644606631E-003   4.0906157729000570E-003   1.0456017252618221E-003   1.1065939087381892E-004
   1.1047364308029793E-004   1.0438466260168672E-003   4.0837494523107169E-003   6.4266932730592417E-003   4.0837494523107030E-003   1.0438466260168646E-003   1.1047364308029717E-004
   1.1027417852663932E-004   1.0419619194430435E-003   4.0763760803547459E-003   6.4150896229081987E-003   4.0763760803547398E-003   1.0419619194430474E-003   1.1027417852663761E-004
   1.1006042568117016E-004   1.0399422052350018E-003   4.0684745298918985E-003   6.4026547657262652E-003   4.0684745298919028E-003   1.0399422052349964E-003   1.1006042568116932E-004
   1.0983066994887506E-004   1.0377712824766153E-003   4.0599814195013675E-003   6.3892889566697694E-003   4.0599814195013502E-003   1.0377712824766153E-003   1.0983066994887389E-004
   1.0958319673473603E-004   1.0354329502517941E-003   4.0508333677622948E-003   6.3748924508949586E-003   4.0508333677622922E-003   1.0354329502517917E-003   1.0958319673473496E-004
   1.0931743450708096E-004   1.0329218082551523E-003   4.0410092475344321E-003   6.3594320001206465E-003   4.0410092475344521E-003   1.0329218082551549E-003   1.0931743450708008E-004
   1.0903338326591069E-004   1.0302378564867121E-003   4.0305090588177734E-003   6.3429076043467758E-003   4.0305090588177977E-003   1.0302378564867075E-003   1.0903338326590911E-004
   1.0872989994787839E-004   1.0273702943357109E-003   4.0192905473317711E-003   6.3252527670109374E-003   4.0192905473317563E-003   1.0273702943357057E-003   1.0872989994787719E-004
   1.0840412689462372E-004   1.0242921202753220E-003   4.0072480773750427E-003   6.3063012467069260E-003   4.0072480773750471E-003   1.0242921202753164E-003   1.0840412689462292E-004
   1.0805377797945700E-004   1.0209817330840520E-003   3.9942971403864646E-003   6.2859200503098149E-003   3.9942971403864689E-003   1.0209817330840514E-003   1.0805377797945643E-004
   1.0767771013903324E-004   1.0174283321511782E-003   3.9803954820855402E-003   6.2640426812571046E-003   3.9803954820855436E-003   1.0174283321511728E-003   1.0767771013903271E-004
   1.0727592337335344E-004   1.0136319174766963E-003   3.9655431024722184E-003   6.2406691395488307E-003   3.9655431024722305E-003   1.0136319174766887E-003   1.0727592337335203E-004
   1.0684441696070866E-004   1.0095546869230156E-003   3.9495921115646343E-003   6.2155666872163130E-003   3.9495921115646170E-003   1.0095546869230119E-003   1.0684441696070828E-004
   1.0638090477441177E-004   1.0051750392686665E-003   3.9324580008016250E-003   6.1886023311346471E-003   3.9324580008016303E-003   1.0051750392686641E-003   1.0638090477441099E-004
   1.0588081456108266E-004   1.0004497720706958E-003   3.9139717530610263E-003   6.1595100850539188E-003   3.9139717530610307E-003   1.0004497720706891E-003   1.0588081456108188E-004
   1.0534071713068757E-004   9.9534648349688883E-004   3.8940066055011876E-003   6.1280904592867242E-003   3.8940066055011789E-003   9.9534648349688080E-004   1.0534071713068583E-004
   1.0475604022984623E-004   9.8982197110428476E-004   3.8723935409998677E-003   6.0940774675831925E-003   3.8723935409998946E-003   9.8982197110428238E-004   1.0475604022984506E-004
   1.0412221160518103E-004   9.8383303244994110E-004   3.8489635424349294E-003   6.0572051236934769E-003   3.8489635424349446E-003   9.8383303244993958E-004   1.0412221160517986E-004
   1.0343351593996741E-004   9.7732566448016363E-004   3.8235053384035977E-003   6.0171409448051662E-003   3.8235053384036008E-003   9.7732566448016102E-004   1.0343351593996675E-004
   1.0268423791748174E-004   9.7024586414125921E-004   3.7958076575031097E-003   5.9735524481059473E-003   3.7958076575030997E-003   9.7024586414125519E-004   1.0268423791748116E-004
   1.0186866222100115E-004   9.6253962837954132E-004   3.7656592283307247E-003   5.9261071507834473E-003   3.7656592283307243E-003   9.6253962837953872E-004   1.0186866222100035E-004
   1.0098335966049112E-004   9.5417455536278637E-004   3.7329332880447811E-003   5.8746055631502545E-003   3.7329332880447876E-003   9.5417455536278681E-004   1.0098335966048955E-004
   1.0002318645089785E-004   9.4510204234267913E-004   3.6974396923828228E-003   5.8187484506752847E-003   3.6974396923828315E-003   9.4510204234267805E-004   1.0002318645089753E-004
   9.8981855743828873E-005   9.3526268596015865E-004   3.6589460428018243E-003   5.7581700822649214E-003   3.6589460428018100E-003   9.3526268596016212E-004   9.8981855743827856E-005
   9.7854223754230586E-005   9.2460788346690644E-004   3.6172621950392985E-003   5.6925712233880429E-003   3.6172621950393063E-003   9.2460788346690568E-004   9.7854223754229461E-005
   9.6625430658621832E-005   9.1299722692331784E-004   3.5718388434481138E-003   5.6210874187325585E-003   3.5718388434481173E-003   9.1299722692331491E-004   9.6625430658620531E-005
   9.5282331228537301E-005   9.0030650930590520E-004   3.5221900638019409E-003   5.5429539578300451E-003   3.5221900638019179E-003   9.0030650930590737E-004   9.5282331228536502E-005
   9.3815209425547497E-005   8.8644392542340013E-004   3.4679566947160689E-003   5.4576056198995483E-003   3.4679566947160732E-003   8.8644392542339731E-004   9.3815209425546683E-005
   9.2212634616204358E-005   8.7130146916841267E-004   3.4087161933850445E-003   5.3643774393162978E-003   3.4087161933850536E-003   8.7130146916841343E-004   9.2212634616203776E-005
   9.0475749863853347E-005   8.5488994115168616E-004   3.3445108140893907E-003   5.2633359126427973E-003   3.3445108140894076E-003   8.5488994115168529E-004   9.0475749863852032E-005
   8.8614842738595585E-005   8.3730654686986407E-004   3.2757208453540847E-003   5.1550795089412762E-003   3.2757208453540994E-003   8.3730654686986245E-004   8.8614842738595205E-005
   8.6646487658931896E-005   8.1870789517864487E-004   3.2029589742470781E-003   5.0405724283675716E-003   3.2029589742470807E-003   8.1870789517864519E-004   8.6646487658931164E-005
   8.4580972194964432E-005   7.9919119157467993E-004   3.1266054892933183E-003   4.9204131399838624E-003   3.1266054892933287E-003   7.9919119157468102E-004   8.4580972194962982E-005
   8.2408580308261691E-005   7.7866463086669253E-004   3.0463012291081460E-003   4.7940364230092064E-003   3.0463012291081478E-003   7.7866463086669090E-004   8.2408580308261189E-005
   8.0117309833705220E-005   7.5701480664192662E-004   2.9616025237457874E-003   4.6607440635376652E-003   2.9616025237457840E-003   7.5701480664192543E-004   8.0117309833704827E-005
   7.7705446176277933E-005   7.3422551798427876E-004   2.8724459917853968E-003   4.5204363167254966E-003   2.8724459917853890E-003   7.3422551798427832E-004   7.7705446176276849E-005
   7.5174703930995371E-005   7.1031296580985586E-004   2.7788950146478116E-003   4.3732129274164462E-003   2.7788950146478055E-003   7.1031296580985933E-004   7.5174703930994802E-005
   7.2520510844480409E-005   6.8523394767570781E-004   2.6807805752108358E-003   4.2188079093605953E-003   2.6807805752108336E-003   6.8523394767570792E-004   7.2520510844479257E-005
   6.9733722409973128E-005   6.5890205869592535E-004   2.5777646392300636E-003   4.0566892900581897E-003   2.5777646392300614E-003   6.5890205869592502E-004   6.9733722409972599E-005
   6.6805194120717813E-005   6.3123089398460009E-004   2.4695091724611057E-003   3.8863250970094885E-003   2.4695091724610974E-003   6.3123089398460194E-004   6.6805194120716729E-005
   6.3729210659988367E-005   6.0216645048805138E-004   2.3558029035011898E-003   3.7073828474021224E-003   2.3558029035011890E-003   6.0216645048804878E-004   6.3729210659987730E-005
   6.0502914369424107E-005   5.7168172667942431E-004   2.2365401966489670E-003   3.5196962998299470E-003   2.2365401966489640E-003   5.7168172667941899E-004   6.0502914369423721E-005
   5.7128591375715107E-005   5.3979832378019111E-004   2.1118055604655295E-003   3.3233984474178558E-003   2.1118055604655256E-003   5.3979832378018883E-004   5.7128591375714185E-005
   5.3613100058928492E-005   5.0658104545479247E-004   1.9818525206341531E-003   3.1188882695406912E-003   1.9818525206341626E-003   5.0658104545479171E-004   5.3613100058927794E-005
   4.9971300242546828E-005   4.7217029964281902E-004   1.8472303828020258E-003   2.9070302215105683E-003   1.8472303828020293E-003   4.7217029964281729E-004   4.9971300242546401E-005
   4.6226624725137745E-005   4.3678749886440780E-004   1.7088053597204059E-003   2.6891874828581424E-003   1.7088053597204039E-003   4.3678749886440595E-004   4.6226624725137094E-005
   4.2409936217008784E-005   4.0072425960948499E-004   1.5677183169641358E-003   2.4671554607700714E-003   1.5677183169641338E-003   4.0072425960948455E-004   4.2409936217008419E-005
   3.8556669681847677E-005   3.6431540081094122E-004   1.4252791372302677E-003   2.2429955486829691E-003   1.4252791372302617E-003   3.6431540081094160E-004   3.8556669681847616E-005
   3.4703974678359577E-005   3.2791194231776729E-004   1.2828610846366698E-003   2.0188688848770905E-003   1.2828610846366661E-003   3.2791194231776680E-004   3.4703974678359232E-005
   3.0893001486954437E-005   2.9190270611653652E-004   1.1419853132831469E-003   1.7971693456013823E-003   1.1419853132831428E-003   2.9190270611653631E-004   3.0893001486954288E-005
   2.7166614983061143E-005   2.5669271510993604E-004   1.0042363586903167E-003   1.5803905519484716E-003   1.0042363586903167E-003   2.5669271510993610E-004   2.7166614983061028E-005
   2.3570537700469680E-005   2.2271399372749133E-004   8.7130439208018759E-004   1.3711923664171601E-003   8.7130439208018228E-004   2.2271399372749158E-004   2.3570537700469514E-005
   2.0151635236314970E-005   1.9040936700947229E-004   7.4492183895529277E-004   1.1723011480687349E-003   7.4492183895529191E-004   1.9040936700947148E-004   2.0151635236314777E-005
   1.6953343997697157E-005   1.6018925816392858E-004   6.2669436197654272E-004   9.8624376627705844E-004   6.2669436197653882E-004   1.6018925816392828E-004   1.6953343997697127E-005
   1.4015099670010849E-005   1.3242628826133122E-004   5.1807973382290322E-004   8.1531435244735963E-004   5.1807973382289986E-004   1.3242628826133071E-004   1.4015099670010803E-005
   1.1367764963564030E-005   1.0741207379161043E-004   4.2021882006922551E-004   6.6130831376633105E-004   4.2021882006922231E-004   1.0741207379161019E-004   1.1367764963563942E-005
   9.0330580819069460E-006   8.5351826358793449E-005   3.3391445204595827E-004   5.2548908492090957E-004   3.3391445204595659E-004   8.5351826358793327E-005   9.0330580819068647E-006
   7.0206950634701134E-006   6.6337351154155069E-005   2.5952579113777555E-004   4.0842188669208744E-004   2.5952579113777479E-004   6.6337351154155082E-005   7.0206950634700414E-006
   5.3329620349429795E-006   5.0390249399171335E-005   1.9713734590577809E-004   3.1023971220480850E-004   1.9713734590577845E-004   5.0390249399171268E-005   5.3329620349429176E-006
   3.9572852995333033E-006   3.7391714375721936E-005   1.4628431926391752E-004   2.3021109927190024E-004   1.4628431926391684E-004   3.7391714375722058E-005   3.9572852995332626E-006
   2.8668028686393744E-006   2.7087931731458991E-005   1.0597373561926813E-004   1.6677337867531015E-004   1.0597373561926732E-004   2.7087931731458930E-005   2.8668028686393541E-006
   2.0289374369357609E-006   1.9171084060342671E-005   7.5001347976156389E-005   1.1803139838463945E-004   7.5001347976156024E-005   1.9171084060342735E-005   2.0289374369357402E-006
   1.4025387240113676E-006   1.3252349375797503E-005   5.1846002234785170E-005   8.1591282150959333E-005   5.1846002234785082E-005   1.3252349375797489E-005   1.4025387240113538E-006
