  0.58368513730974092       0.59284560336665026       0.60247720076132527       0.59917014775274113       0.56138235874109099       0.51408550198215297       0.51790550103713573     
  0.57682946124698853       0.58524777864472022       0.59509662323627477       0.59619798123000811       0.56820313935930422       0.53452325895695962       0.55385225996881737     
  0.57133276718914161       0.57894087801483030       0.58857873388888393       0.59272464002110703       0.57387273051002252       0.55360857258723362       0.58920950417809148     
  0.56691566559116913       0.57365875332267924       0.58289239249780711       0.58926666588459653       0.57897495142325717       0.57165897215781281       0.62362637825347800     
  0.56338120604191466       0.56924238264557148       0.57796334345875766       0.58601626710087662       0.58373841315683817       0.58854003706605929       0.65678328974225597     
  0.56058237801437871       0.56558525155361206       0.57372077667093024       0.58305578165799044       0.58821995215556866       0.60388130644444526       0.68911539153424639     
  0.55840383734816512       0.56260286259453474       0.57009809495410535       0.58041614574373479       0.59238175147419214       0.61770457632670195       0.72063220176761289     
  0.55676661658446214       0.56022012252372178       0.56703566281743056       0.57811284342790525       0.59622840894914164       0.63065892780925947       0.75112667616750151     
  0.55558394041812098       0.55836027643411057       0.56447107000262364       0.57612683050809255       0.59978362976714406       0.64306487963229686       0.78027796122957893     
  0.55475622953227743       0.55694544006334490       0.56233933116227430       0.57443437099926997       0.60305440813836275       0.65510109605494815       0.80775636345622592     
  0.55419479558144613       0.55589457180941815       0.56056688963469126       0.57301654874454366       0.60605323802614652       0.66687225605985456       0.83327454037122550     
  0.55382127211977217       0.55512699124900555       0.55915806906483523       0.57183881081598698       0.60877557548330730       0.67843481794042837       0.85661577075976125     
  0.55357722790726971       0.55457598289848431       0.55806493391502876       0.57088627105618728       0.61121384977320292       0.68982974224568783       0.87766288836862760     
  0.55341881750783561       0.55418437891763317       0.55722615088638783       0.57013193850648292       0.61339644285604289       0.70107240836441898       0.89638196931184588     
  0.55331848177348875       0.55391143562993872       0.55659448893047814       0.56955188267590773       0.61537825784299061       0.71217488974434784       0.91282510010569773     
  0.55325933344280853       0.55372588666322753       0.55612422824179919       0.56912186598152859       0.61719649445969660       0.72314309721119630       0.92710926241626446     
  0.55322894151536395       0.55360584018393966       0.55577616344735148       0.56881058843014864       0.61891035878050338       0.73397702687624511       0.93939548362094549     
  0.55321961330074709       0.55353313084361733       0.55550873580690807       0.56862268280465789       0.62052897115039318       0.74466996123502538       0.94987225214038962     
  0.55322556711770299       0.55349456080042292       0.55533803175433705       0.56854221548158912       0.62209861537178102       0.75521546510723769       0.95873874434496353     
  0.55324144796101604       0.55348419631380041       0.55525986802002147       0.56855458629458644       0.62365789286954365       0.76560225992933717       0.96619189776793490     
  0.55326475139924192       0.55349278073619823       0.55526118166605465       0.56864790380891683       0.62524921396070121       0.77582487618269580       0.97242108592703402     
  0.55329487935764321       0.55351522912911078       0.55532735611539497       0.56883210450469290       0.62689792842976100       0.78587906144172759       0.97759987531002501     
  0.55332619730133881       0.55355428381656646       0.55543773823955034       0.56910257106306394       0.62861339432346197       0.79575089273779021       0.98188447338500173     
  0.55335743738686338       0.55360275327330011       0.55557588856355156       0.56945878729608002       0.63042699671067604       0.80543495594206505       0.98541306776060089     
  0.55338805019688087       0.55365956620537504       0.55575069985246028       0.56990974551479312       0.63235975424251523       0.81492815249450634       0.98830634141076501     
  0.55341854459754125       0.55372197816561430       0.55596410172295729       0.57045036367438640       0.63441984596339041       0.82422389130840834       0.99066808852025801     
  0.55344149762705885       0.55378447538555586       0.55620803807867203       0.57106784460101334       0.63660990221131197       0.83331690865921637       0.99258701253689197     
  0.55345428622729820       0.55384259826747173       0.55647039656823027       0.57175896711238106       0.63892968031984987       0.84219298069827087       0.99413907568679138     
  0.55345142932712166       0.55389649467273461       0.55674044683267276       0.57253065914535428       0.64138601826418040       0.85084690450422529       0.99538858129881724     
  0.55343099244099714       0.55394050489299851       0.55701871061672492       0.57339247161100093       0.64398826261574760       0.85927768784946856       0.99638988376718407     
  0.55338306778965551       0.55396369478666718       0.55728321464530961       0.57431955493438702       0.64672741654612254       0.86747326061115781       0.99718807351014016     
  0.55329778453296630       0.55395520388484409       0.55752592860788697       0.57530764874576157       0.64959701368438516       0.87541369739356423       0.99782071739417766     
  0.55315797264087851       0.55389559097525021       0.55771985297765814       0.57633908443536130       0.65259027820161786       0.88309917240883884       0.99831969045386315     
  0.55294294108551179       0.55379379104023763       0.55783015546806880       0.57739445133611056       0.65571730467265155       0.89052284988078145       0.99871111781172006     
  0.55262572385667508       0.55362004710311408       0.55782292242176634       0.57845223191641582       0.65895515678935157       0.89767574944830586       0.99901644984414728     
  0.55217753317276141       0.55333963531419750       0.55766265569133611       0.57949006230894684       0.66232712375084168       0.90454913843441342       0.99925329040606747     
  0.55157074393344407       0.55284580456539589       0.55728902192043683       0.58047378408877337       0.66580903989768014       0.91113093922176247       0.99943596635584264     
  0.55075774140251799       0.55190505151904368       0.55660748693526352       0.58134808129169258       0.66929910013977645       0.91740763879082177       0.99957608759020178     
  0.54964130685447410       0.55031780410554065       0.55556211031649250       0.58205969656799739       0.67277063735101350       0.92335779507221094       0.99968297198610423     
  0.54759998705044477       0.54789681014708724       0.55401975932668079       0.58254899203379806       0.67624126982831401       0.92895634679840600       0.99976407033986370     
  0.54354496577062816       0.54453021872406338       0.55192961522083772       0.58272939339525132       0.67965745962378110       0.93417044999792309       0.99982525643881281     
  0.53786606653652702       0.54002991982281767       0.54915008413226052       0.58255252022989124       0.68293701248173933       0.93897281556991663       0.99987115209611721     
  0.53062249965219732       0.53443102029806111       0.54533704702179264       0.58175732683989301       0.68595239896061677       0.94334309984130194       0.99990538298255194     
  0.52163823526474518       0.52706230192306702       0.54051986630641657       0.58065725019485470       0.68864582935790930       0.94724314669119092       0.99993073455110471     
   1.0000000000000000        1.0000000000000000        1.0000000000000000        1.0000000000000000        1.0000000000000000        1.0000000000000000        1.0000000000000000     
   1.0000000000000000        1.0000000000000000        1.0000000000000000        1.0000000000000000        1.0000000000000000        1.0000000000000000        1.0000000000000000     
   1.0000000000000000        1.0000000000000000        1.0000000000000000        1.0000000000000000        1.0000000000000000        1.0000000000000000        1.0000000000000000     
   1.0000000000000000        1.0000000000000000        1.0000000000000000        1.0000000000000000        1.0000000000000000        1.0000000000000000        1.0000000000000000     
   1.0000000000000000        1.0000000000000000        1.0000000000000000        1.0000000000000000        1.0000000000000000        1.0000000000000000        1.0000000000000000     
   1.0000000000000000        1.0000000000000000        1.0000000000000000        1.0000000000000000        1.0000000000000000        1.0000000000000000        1.0000000000000000     
   1.0000000000000000        1.0000000000000000        1.0000000000000000        1.0000000000000000        1.0000000000000000        1.0000000000000000        1.0000000000000000     
   1.0000000000000000        1.0000000000000000        1.0000000000000000        1.0000000000000000        1.0000000000000000        1.0000000000000000        1.0000000000000000     
   1.0000000000000000        1.0000000000000000        1.0000000000000000        1.0000000000000000        1.0000000000000000        1.0000000000000000        1.0000000000000000     
   1.0000000000000000        1.0000000000000000        1.0000000000000000        1.0000000000000000        1.0000000000000000        1.0000000000000000        1.0000000000000000     
   1.0000000000000000        1.0000000000000000        1.0000000000000000        1.0000000000000000        1.0000000000000000        1.0000000000000000        1.0000000000000000     
   1.0000000000000000        1.0000000000000000        1.0000000000000000        1.0000000000000000        1.0000000000000000        1.0000000000000000        1.0000000000000000     
   1.0000000000000000        1.0000000000000000        1.0000000000000000        1.0000000000000000        1.0000000000000000        1.0000000000000000        1.0000000000000000     
   1.0000000000000000        1.0000000000000000        1.0000000000000000        1.0000000000000000        1.0000000000000000        1.0000000000000000        1.0000000000000000     
   1.0000000000000000        1.0000000000000000        1.0000000000000000        1.0000000000000000        1.0000000000000000        1.0000000000000000        1.0000000000000000     
   1.0000000000000000        1.0000000000000000        1.0000000000000000        1.0000000000000000        1.0000000000000000        1.0000000000000000        1.0000000000000000     
   1.0000000000000000        1.0000000000000000        1.0000000000000000        1.0000000000000000        1.0000000000000000        1.0000000000000000        1.0000000000000000     
   1.0000000000000000        1.0000000000000000        1.0000000000000000        1.0000000000000000        1.0000000000000000        1.0000000000000000        1.0000000000000000     
   1.0000000000000000        1.0000000000000000        1.0000000000000000        1.0000000000000000        1.0000000000000000        1.0000000000000000        1.0000000000000000     
   1.0000000000000000        1.0000000000000000        1.0000000000000000        1.0000000000000000        1.0000000000000000        1.0000000000000000        1.0000000000000000     
   1.0000000000000000        1.0000000000000000        1.0000000000000000        1.0000000000000000        1.0000000000000000        1.0000000000000000        1.0000000000000000     
   1.0000000000000000        1.0000000000000000        1.0000000000000000        1.0000000000000000        1.0000000000000000        1.0000000000000000        1.0000000000000000     
   1.0000000000000000        1.0000000000000000        1.0000000000000000        1.0000000000000000        1.0000000000000000        1.0000000000000000        1.0000000000000000     
   1.0000000000000000        1.0000000000000000        1.0000000000000000        1.0000000000000000        1.0000000000000000        1.0000000000000000        1.0000000000000000     
   1.0000000000000000        1.0000000000000000        1.0000000000000000        1.0000000000000000        1.0000000000000000        1.0000000000000000        1.0000000000000000     
   1.0000000000000000        1.0000000000000000        1.0000000000000000        1.0000000000000000        1.0000000000000000        1.0000000000000000        1.0000000000000000     
   1.0000000000000000        1.0000000000000000        1.0000000000000000        1.0000000000000000        1.0000000000000000        1.0000000000000000        1.0000000000000000     
   1.0000000000000000        1.0000000000000000        1.0000000000000000        1.0000000000000000        1.0000000000000000        1.0000000000000000        1.0000000000000000     
   1.0000000000000000        1.0000000000000000        1.0000000000000000        1.0000000000000000        1.0000000000000000        1.0000000000000000        1.0000000000000000     
   1.0000000000000000        1.0000000000000000        1.0000000000000000        1.0000000000000000        1.0000000000000000        1.0000000000000000        1.0000000000000000     
   1.0000000000000000        1.0000000000000000        1.0000000000000000        1.0000000000000000        1.0000000000000000        1.0000000000000000        1.0000000000000000     
   1.0000000000000000        1.0000000000000000        1.0000000000000000        1.0000000000000000        1.0000000000000000        1.0000000000000000        1.0000000000000000     
   1.0000000000000000        1.0000000000000000        1.0000000000000000        1.0000000000000000        1.0000000000000000        1.0000000000000000        1.0000000000000000     
   1.0000000000000000        1.0000000000000000        1.0000000000000000        1.0000000000000000        1.0000000000000000        1.0000000000000000        1.0000000000000000     
   1.0000000000000000        1.0000000000000000        1.0000000000000000        1.0000000000000000        1.0000000000000000        1.0000000000000000        1.0000000000000000     
   1.0000000000000000        1.0000000000000000        1.0000000000000000        1.0000000000000000        1.0000000000000000        1.0000000000000000        1.0000000000000000     
   1.0000000000000000        1.0000000000000000        1.0000000000000000        1.0000000000000000        1.0000000000000000        1.0000000000000000        1.0000000000000000     
