   3.6234788572122718     
   3.6212254820761447     
   3.6110332525904121     
   3.5935579819071468     
   3.5690406922935733     
   3.5378361485971026     
   3.5004126229543799     
   3.4575479313813346     
   3.4101735312605030     
   3.3590194734699050     
   3.3047558111002844     
   3.2479550823446313     
   3.1889925710064215     
   3.1283683261529633     
   3.0663468650876387     
   3.0031871801374028     
   2.9391088169199029     
   2.8743563573927324     
   2.8090391393939798     
   2.7432993727171424     
   2.6772232840736132     
   2.6108597579007005     
   2.5442819917657626     
   2.4775266659852151     
   2.4105910023979860     
   2.3434528761100779     
   2.2759936351585432     
   2.2081096835484346     
   2.1398574991058288     
   2.0708903469436994     
   2.0009256585201118     
   1.9296034640522579     
   1.8564435970978894     
   1.7806090942532777     
   1.7012756332513352     
   1.6176113961793377     
   1.5281866501929506     
   1.4315896712654412     
   1.3261931602545070     
   1.2097248226962307     
   1.0793149225912764     
  0.93086974177909232     
  0.75877413004809580     
  0.55504829996921434     
  0.30758014942685347     
  0.34231924627685878     
  0.37431747209140620     
  0.40355566662219899     
  0.43000240464162431     
  0.45362474798776653     
  0.47438251909390688     
  0.49223905965446596     
  0.50716855983951958     
  0.51924287421597182     
  0.52814472628178366     
  0.53382220595830077     
  0.53639640684403911     
  0.53618031474749461     
  0.53331117385296356     
  0.52761930471176388     
  0.51918890216044689     
  0.50803086574416156     
  0.49418449811844695     
  0.47777970570067518     
  0.45905398323218727     
  0.43832576288158953     
  0.41594444477631692     
  0.39233328091679426     
  0.36795012849806313     
  0.34320299953122529     
  0.31853951452753637     
  0.29457509106617707     
  0.27173783669411111     
  0.25004627516673772     
  0.22942940207701187     
  0.20965233047072776     
  0.19024633666935667     
  0.17062808585608324     
  0.14927035176253498     
  0.12333716186556982     
   9.1719958719330918E-002
