   3.3086585511379507        3.1983023863030078        3.0886027114792869        2.8080310332184348        3.7952750866996006        8.7425921468412895        20.445497552885151     
   3.3188581887672290        3.2119210766976471        3.1045995717253732        2.8163176085672310        3.7692817731718078        8.6836119801970000        20.406600875967055     
   3.3241648336273157        3.2206452227251434        3.1159603632427251        2.8186497687958361        3.7329291963715971        8.6021217660146210        20.317574494886131     
   3.3248195139700556        3.2246752674351038        3.1226023752430989        2.8151832730853892        3.6872459804601294        8.5026985008908209        20.189350146302548     
   3.3210735172635837        3.2241605041068615        3.1245410149084720        2.8059801354194005        3.6327763573729293        8.3860320125091654        20.026329912317767     
   3.3131247732127007        3.2191918416016132        3.1217726078409025        2.7910286870346956        3.5701509258631683        8.2546442213342832        19.835411921063994     
   3.3011525178022159        3.2098537362774229        3.1142929234570458        2.7703924632237844        3.5001404786474435        8.1116609213450328        19.625698309499686     
   3.2853309282096843        3.1962419777071083        3.1021136991759355        2.7443964187700969        3.4239401422451592        7.9615724741971627        19.409172921197268     
   3.2657571220513115        3.1784450365982431        3.0852853538590916        2.7135727185778165        3.3429267915790755        7.8095520445639739        19.194819149804445     
   3.2424728710293151        3.1565201846634152        3.0638668118519310        2.6785244548149043        3.2583720897216968        7.6579693258676773        18.987092898040782     
   3.2155192198336708        3.1305944283041698        3.0380367579696475        2.6397337046041729        3.1713263401583527        7.5097006586593391        18.786620426275999     
   3.1849428410416234        3.1007361674731033        3.0079883579143960        2.5977100514918519        3.0827297311547528        7.3663468596133885        18.593643278717238     
   3.1507940917469464        3.0670330845319915        2.9739589835792630        2.5527504805425814        2.9934360627108587        7.2281745939382498        18.404569713297484     
   3.1131482924585634        3.0296107372122849        2.9362322791096624        2.5054400087907402        2.9042013434085590        7.0956503962422239        18.217774590484751     
   3.0720258171099166        2.9886041179060570        2.8951186213476019        2.4559452737541223        2.8156899577897918        6.9683243236868595        18.030958641729033     
   3.0274430749524650        2.9441403974288973        2.8509187925822297        2.4044674405889062        2.7284547396167631        6.8457692666430106        17.843309007677323     
   2.9795671469433938        2.8963374793623275        2.8039251869945159        2.3512519254513813        2.6429156284999156        6.7273370337418426        17.652651566436976     
   2.9284975678037570        2.8454913991977469        2.7543871505409934        2.2965632583979474        2.5594669089767410        6.6124747871311795        17.459554010137698     
   2.8743340994906190        2.7918411292040073        2.7025177147680104        2.2404390224066981        2.4784305170218945        6.5005597771303449        17.262310006729528     
   2.8172007161287014        2.7356054119727258        2.6485035104388372        2.1830608755244172        2.3999956929643349        6.3911285109069720        17.060404594251747     
   2.7572374286115937        2.6769457114812574        2.5924423551447169        2.1245858592225981        2.3242545356657507        6.2836759763759096        16.853980712854380     
   2.6945421748670793        2.6159864644158621        2.5343257264357457        2.0651953796665299        2.2512344894646166        6.1778083085324500        16.641713102658407     
   2.6292681194536103        2.5528050709759542        2.4742578205917987        2.0050739214066278        2.1809087160501539        6.0731078145129533        16.424271631648466     
   2.5614977899219715        2.4874317541482971        2.4122718382017938        1.9443993693803778        2.1132034432205606        5.9692688226440058        16.200940135197413     
   2.4912697017285237        2.4198548475560302        2.3483260457268931        1.8833477243910206        2.0480094266388873        5.8658518488803413        15.970860225320997     
   2.4185698805374947        2.3500067550626977        2.2823512973217226        1.8220035907766408        1.9851863206323765        5.7627947920476954        15.734708436730456     
   2.3433142013942319        2.2777639861215215        2.2142407018922516        1.7604562907083754        1.9245697770862387        5.6593446792170337        15.487526659440798     
   2.2653553607759300        2.2029499615985690        2.1438360675558679        1.6987417578518167        1.8659597933412808        5.5561992727008311        15.219837648259290     
   2.1844023626102187        2.1253321382385741        2.0709157673196423        1.6368112689206551        1.8091148003202226        5.4525162567563958        14.970686706441015     
   2.1001672533388378        2.0446222601641888        1.9952175688700842        1.5744912315700867        1.7537819227182869        5.3486760588549132        14.715579228430164     
   2.0122890955528958        1.9604949697272505        1.9164218619925180        1.5115062202797136        1.6996887993106509        5.2440464226577390        14.458595877926381     
   1.9203561397720494        1.8725589327784304        1.8341685544529460        1.4474926164748398        1.6463968343101230        5.1388341439445080        14.197492816687888     
   1.8237659406818589        1.7803105033790596        1.7479365873778498        1.3819439113094276        1.5933950597550810        5.0326947526211914        13.935034508227899     
   1.7217603836876878        1.6831867972074666        1.6570151752086553        1.3135875787162266        1.5401318376840305        4.9255467521969507        13.670703997478579     
   1.6135828276345718        1.5802638486799214        1.5606887860169296        1.2411421285620965        1.4861735232938875        4.8174205534371364        13.404606608827397     
   1.4984195717603341        1.4704390735592876        1.4581313162995417        1.1637029746802137        1.4307292800519029        4.7079116350301735        13.136920451002222     
   1.3753060475399024        1.3525264478846768        1.3482163670338314        1.0794508570560908        1.3720828321758785        4.5972112543511843        12.870171065965961     
   1.2430700232520291        1.2252769021110523        1.2294306942401330       0.98703294588527213        1.3083981407302068        4.4852436509963347        12.604558857999983     
   1.1002340624524787        1.0871021255949131        1.0998367167407466       0.88454278942439357        1.2382907425510141        4.3720779704410377        12.340641475002727     
  0.94485742782273063       0.93601902265228132       0.95663838980411919       0.76911471082192995        1.1602874540409884        4.2572588678214922        12.080254920974408     
  0.77435044162339173       0.76930803464984521       0.79659698030415704       0.63707904471836752        1.0723187885405867        4.1405653994221900        11.824395907651205     
  0.58523753954766189       0.58311052478463532       0.61542134511634261       0.48401277043807622       0.96986347064421918        4.0213734905834926        11.575607075911901     
  0.37175964537478268       0.37158307225165799       0.40688948570832822       0.30352284245412464       0.84741388715069454        3.9001554076248186        11.336765864067759     
  0.12424840812166993       0.12530955873658484       0.16184156878134637        8.6494828652464273E-002  0.69843143722329382        3.7753627475074629        11.110737171865237     
 -0.17609788213461822      -0.17324828521389599      -0.13568398013781094      -0.18086103945283469       0.51520072030977448        3.6475055381585637        10.901472856994621     
 -0.14201181219037823      -0.13759727158710891       -9.9485609205211212E-002 -0.13328170275766896       0.55685741287493706        3.5931979807934349        10.713009122587644     
 -0.11341549777073139      -0.10735276157921031       -6.7460600083912428E-002  -8.8794452392379167E-002  0.59777301039678254        3.5388949944014807        10.523260726597776     
  -8.9389986463859580E-002  -8.1843243226132220E-002  -3.9686260975665640E-002  -4.7473796249755215E-002  0.63788929149814755        3.4845127209248385        10.332168878327670     
  -6.9348150601938857E-002  -6.0516357659052611E-002  -1.6092034406369114E-002  -9.4052492233149664E-003  0.67701298391559928        3.4299666283003534        10.139428867213264     
  -5.2821149375591861E-002  -4.2922852804121739E-002   3.4926274741221785E-003   2.5306933070598746E-002  0.71489439919644027        3.3751792791875221        9.9450094542442127     
  -3.9368063860737254E-002  -2.8659787827267101E-002   1.9292288683773678E-002   5.6539591276655816E-002  0.75123045806307276        3.3201184163972757        9.7488869466005799     
  -2.8570451782958795E-002  -1.7342618866226685E-002   3.1570940849909530E-002   8.4160274316002676E-002  0.78569977166173322        3.2647736260058977        9.5513259144107696     
  -2.0038861377330540E-002  -8.5984911487958435E-003   4.0617820943930336E-002  0.10801743237128413       0.81804179013046308        3.2091248919131705        9.3524098198823502     
  -1.3420003385556011E-002  -2.0680070971283802E-003   4.6735395580671954E-002  0.12794398922628061       0.84841407426480409        3.1531491350788099        9.1523157415591108     
  -8.3999273458167725E-003   2.5925804938357710E-003   5.0259385435892347E-002  0.14380861266820044       0.87525307545841435        3.0969343762110833        8.9511334666304272     
  -4.7015345218760149E-003   5.7039653856069033E-003   5.1545021065865358E-002  0.15554665648534088       0.89795203427377313        3.0406412152160205        8.7491545221139901     
  -2.0802630427535478E-003   7.5607550693939617E-003   5.0939849838018261E-002  0.16321159073353203       0.91615739730487988        2.9855701729553656        8.5467014225550155     
  -3.1948225258543613E-004   8.4289638229982384E-003   4.8783885800082097E-002  0.16695946664604672       0.93045361615215361        2.9318905967449056        8.3440799835208868     
   7.6982857497811098E-004   8.5460655607843550E-003   4.5424555065169361E-002  0.16701000102624300       0.94063819639569124        2.8796165818540418        8.1415836398128629     
   1.3556640515130971E-003   8.1237880705385835E-003   4.1202305759011633E-002  0.16370139266755904       0.94500788432134120        2.8290056322183652        7.9393520482750173     
   1.5837080689048281E-003   7.3451358638632917E-003   3.6434097612659380E-002  0.15735111530071139       0.94293437438310923        2.7804412953945206        7.7378087991208462     
   1.5742437618927179E-003   6.3627326947782153E-003   3.1410275085188996E-002  0.14816591264975978       0.93372701732822061        2.7342375636180773        7.5368627894183691     
   1.4203910651947955E-003   5.3027902932240049E-003   2.6387853557815026E-002  0.13655943592721306       0.91653202511835852        2.6906922931283166        7.3364238396620021     
   1.1982061498955958E-003   4.2621144691656716E-003   2.1581985134839554E-002  0.12310618936923147       0.89067067145652223        2.6501009852667394        7.1363003574418435     
   9.5659083925950564E-004   3.3086051381606188E-003   1.7162511135238766E-002  0.10847683952021824       0.85581578854856888        2.6127552447513898        6.9361843739119040     
   7.3026539369722544E-004   2.4853175340726046E-003   1.3253433328750990E-002   9.3350899796028133E-002  0.81194921384877328        2.5792241567843561        6.7355358879008786     
   5.4096863594990934E-004   1.8088417539158280E-003   9.9251689626884982E-003   7.8228536626678558E-002  0.75963126411754311        2.5496280255882797        6.5340867610132749     
   3.9537204810511202E-004   1.2812035745850096E-003   7.2047604044747247E-003   6.3706771988250893E-002  0.69990975462121130        2.5230181236679501        6.3310703464987013     
   2.9260061869551226E-004   8.9432445159950188E-004   5.0697975005344325E-003   5.0295711767972692E-002  0.63409626345172265        2.4987256868743102        6.1256065001870414     
   2.2619668721790009E-004   6.2738688714767147E-004   3.4705671141538733E-003   3.8399726594839277E-002  0.56360801932758564        2.4756758273930362        5.9164068012275486     
   1.8706039586535077E-004   4.5607577777596761E-004   2.3289690174588483E-003   2.8297547027363999E-002  0.49026834673106812        2.4527722377903816        5.7018278130280882     
   1.6610589791858451E-004   3.5423087280981008E-004   1.5595792212076268E-003   2.0114521625774328E-002  0.41647910981237107        2.4304154174550003        5.4795813292009843     
   1.5600195827170744E-004   2.9882851139428473E-004   1.0719578584289363E-003   1.3821376705313413E-002  0.34474060678851348        2.4066210465736151        5.2467641608628659     
   1.5167230287981283E-004   2.7133541742739380E-004   7.8284172009885559E-004   9.2542141349941671E-003  0.27740948522499831        2.3742188256550598        4.9996387147661352     
   1.5003766463763928E-004   2.5891790762191757E-004   6.2310951064662487E-004   6.1376528198088956E-003  0.21667985081221791        2.3259644177046512        4.7333841456595538     
   1.4946483486576986E-004   2.5366956784531438E-004   5.3929942538331020E-004   4.1451495493368302E-003  0.16434802320210876        2.2539098793823387        4.4418072182082078     
   1.4925145890094324E-004   2.5128247852087638E-004   4.9543680231460064E-004   2.9500976558135008E-003  0.12142664827556846        2.1495140253969578        4.1168338277066976     
   1.4914014784980483E-004   2.4990868510952019E-004   4.6955713180687076E-004   2.2428695096323335E-003   8.7828989058002571E-002   2.0067416161808067        3.7482860033030545     
   1.4906095751393659E-004   2.4890382122111728E-004   4.5138434830059435E-004   1.7973227033233098E-003   6.2215457649156210E-002   1.8086156886832288        3.3259661083919672     
   1.4899954541721427E-004   2.4812444005827174E-004   4.3703624196956290E-004   1.4664370585325639E-003   4.2671263658776812E-002   1.5182722887653302        2.8437616270357045     
   1.4894265901979907E-004   2.4752851568042567E-004   4.2565914282089438E-004   1.1806295891214375E-003   2.7273516028315875E-002   1.1259582385719136        2.2993768628498175     
