  0.60785902642416390       0.61644323145634494       0.62847993270723013       0.65230878347275556       0.73684098134721565        1.0310144275881050        2.0118705231356890     
  0.62384541102581537       0.63230843585445395       0.64461182153004504       0.66953984517749388       0.75757310437549819        1.0683698930315566        2.1249687979864369     
  0.63987823283324452       0.64799430768612321       0.66040125475289202       0.68638275564638918       0.77863610140595096        1.1058718251165951        2.2422582958122392     
  0.65591142699424532       0.66359870507618302       0.67599005724573968       0.70294631305421440       0.79827700505735633        1.1435048156125018        2.3644492831396637     
  0.67189182490023058       0.67911253389440018       0.69142198488176454       0.71934670928285516       0.81851515694209165        1.1812811418098661        2.4921593107191828     
  0.68775642025950356       0.69451450422008953       0.70669229552493351       0.73555873251210280       0.83860127938177453        1.2191646314330904        2.6244703308670143     
  0.70344201935346162       0.70975804309529167       0.72178845548285875       0.75155176116169353       0.85848012744277968        1.2569524918531982        2.7618699052869400     
  0.71891344773106236       0.72479821948312240       0.73667614622853916       0.76731239519930328       0.87809132903940723        1.2982845294910450        2.9044775234410185     
  0.73412439851039446       0.73960070222424756       0.75133786205784336       0.78279889134145153       0.89741936849367432        1.3327900820720420        3.0534182240335772     
  0.74900693527933360       0.75409470536114453       0.76568687603247909       0.79802966095049166       0.91644360784554146        1.3716356952962485        3.2079767928241134     
  0.76353119515078238       0.76826156602394136       0.77972087055997874       0.81292340636488347       0.93513979357844212        1.4093618881054151        3.3700533342978067     
  0.77764597959391712       0.78206142585237959       0.79340796497579547       0.82750968366045963       0.95348853430225433        1.4503299671766527        3.5375897730987047     
  0.79130535025447224       0.79545810806282424       0.80672152203060887       0.84168941755493998       0.97148335140901665        1.4858747419604021        3.7117611590318074     
  0.80449645774389400       0.80841615068533523       0.81963070463821142       0.85549268835311554       0.98911454398423304        1.5257988106320199        3.8930446582431637     
  0.81718957174905649       0.82091744349343032       0.83211506083734788       0.86892463780974727        1.0063894965205471        1.5628798059330664        4.0829309110929817     
  0.82931507052335973       0.83294781057677758       0.84415895579152356       0.88193161865435554        1.0232867753579968        1.6027690840820736        4.2795993331085027     
  0.84087896445576993       0.84441061355466185       0.85574967642346522       0.89450996188994769        1.0397390931667199        1.6403208363282564        4.4860674818014319     
  0.85186034457962645       0.85532789758915173       0.86686943295361996       0.90664103658173112        1.0557746209684069        1.6800784823103567        4.6996273358478851     
  0.86224226621286681       0.86568481741320069       0.87749981363517715       0.91831543809251359        1.0714070758438785        1.7179646046421320        4.9222023457593522     
  0.87200488339011839       0.87547748898973277       0.88763957779162617       0.92953914835784002        1.0866272648912081        1.7577294981087346        5.1545811749931509     
  0.88115752085028709       0.88470040285261764       0.89730124652888377       0.94029016903230378        1.1014279817931325        1.7958669779656993        5.3947103085014190     
  0.88965372413625909       0.89334651235461326       0.90641215824959565       0.95055022276561196        1.1157987246263643        1.8355934222989310        5.6454482905750538     
  0.89751115509280532       0.90141226664631791       0.91499474732485309       0.96030542097183336        1.1297272996891727        1.8739165234767281        5.9058697186599769     
  0.90473696682871174       0.90889700840428578       0.92305860131931061       0.96954546983890388        1.1432037866937730        1.9136352475573102        6.1766869403962161     
  0.91133588829645051       0.91580427273100784       0.93059485093456362       0.97826832208515713        1.1562284078723031        1.9521151805648664        6.4591674283911047     
  0.91731574188066556       0.92213569938068951       0.93759539810553627       0.98646594337482274        1.1687902728111823        1.9918503080020511        6.7521567413523575     
  0.92267954838717692       0.92788990884239997       0.94405159288748242       0.99413132291910766        1.1808765808161579        2.0304084961293225        7.0561955270346184     
  0.92745181928572229       0.93306702269089370       0.94996248971322972        1.0012643372951062        1.1924758424289161        2.0702525965682157        7.3717935025193260     
  0.93161702590931361       0.93766703502916748       0.95532664242443688        1.0078765985980820        1.2035759011030338        2.1086570900463588        7.6976681628997206     
  0.93518104861363316       0.94168819716086771       0.96013550793165392        1.0139578616210432        1.2141800487608423        2.1489257591150253        8.0359215953193583     
  0.93813141327399840       0.94511894391445950       0.96436687852482916        1.0194775693273521        1.2242671398688216        2.1864011210863632        8.3861854174892514     
  0.94049876903121210       0.94795287240554105       0.96802897613666750        1.0244253479633751        1.2338438566700107        2.2262129873535197        8.7474544979583584     
  0.94224339954114789       0.95016152878816273       0.97112886771595652        1.0287702901737110        1.2428857738015686        2.2633298575245795        9.1215260209109541     
  0.94335541941527368       0.95180444701710754       0.97359346057231266        1.0324695744229822        1.2513194691873957        2.3028629313074958        9.5060591186643055     
  0.94381344068086548       0.95282241611728880       0.97539135370527696        1.0353508945740257        1.2591045672731227        2.3391974462537672        9.9016531421031946     
  0.94359085710639123       0.95314702853431821       0.97648976473755889        1.0378088170791127        1.2662863370026731        2.3779838563014177        10.310740356170824     
  0.94264137844804252       0.95271300748816012       0.97683361809628322        1.0395072038606972        1.2728563341059560        2.4134257503017205        10.728966045397792     
  0.94089904041123573       0.95147517193965581       0.97635449498861104        1.0404027048118083        1.2786713892139139        2.4513082328761540        11.158672144908151     
  0.93827862334531109       0.94934554058909915       0.97497337272333340        1.0404650652404308        1.2837070439013181        2.4853013959127916        11.596806775499262     
  0.93466996084562959       0.94620928277534622       0.97259272000166019        1.0396281122445268        1.2879528278269818        2.5223131661457536        12.042353901365072     
  0.92988364141445268       0.94189173595153264       0.96902542275855386        1.0376653972067107        1.2913675763260317        2.5551886161184858        12.495303090011229     
  0.92365479082278323       0.93616601752157791       0.96420339301991631        1.0345658960668409        1.2938677012951318        2.5936367961444438        12.955824342484263     
  0.91561145875914696       0.92870866522420059       0.95780355137817752        1.0301335898315021        1.2952591575065049        2.6265102658034665        13.423807951712719     
  0.90520420691593262       0.91913084210001272       0.94961979688452469        1.0241313761094799        1.2955857768182077        2.6684345358768762        13.894433097766221     
  0.65999393202235856       0.67349526857181818       0.70307658980307453       0.77836821129267042        1.0796649794374078        2.5898337334245132        14.362050683193521     
  0.64706051566885092       0.66179811587981385       0.69356524277376963       0.77230541307153211        1.0800749949166759        2.6263563895189397        14.823032493668446     
  0.63446074243676420       0.65032052057706158       0.68401419528884588       0.76592947724114202        1.0798595873875914        2.6615255486737972        15.285622815471106     
  0.62225814771386379       0.63909708501039464       0.67446431441458599       0.75928559670955653        1.0789944444666553        2.6951984632476296        15.750618110490940     
  0.61053740705398363       0.62815054511826451       0.66495227262084333       0.75241356463343700        1.0775478965655318        2.7275806383798424        16.214871083263329     
  0.59947409628781012       0.61754374923964106       0.65552686716578901       0.74536708680147545        1.0755392895375515        2.7582297416543189        16.681163578063067     
  0.58916087021776753       0.60735422004872341       0.64623451102429519       0.73818003992836834        1.0730136031701691        2.7874884847801211        17.149746742924609     
  0.57959056235611495       0.59760376442241270       0.63704965783687484       0.73081315575288186        1.0698697287656593        2.8150244992635067        17.618549510712409     
  0.57069956440239455       0.58830053472543498       0.62794002457817399       0.72321580428683485        1.0659218205200212        2.8403937243267610        18.083845087278736     
  0.56241652357065264       0.57946396347636375       0.61890626915480917       0.71537385609084303        1.0615400487396121        2.8634521172826632        18.543035570993180     
  0.55469164342140809       0.57109684849908093       0.60996149098016272       0.70727690954566880        1.0563834463370951        2.8839792015843049        18.994362074668913     
  0.54750195646779398       0.56318053921689493       0.60109968433613181       0.69888323022442023        1.0502786075750390        2.9015810604138417        19.430693796782439     
  0.54085105182307658       0.55568993232189789       0.59231534810587649       0.69012467861782534        1.0429016921865883        2.9155529224087782        19.851019318162020     
  0.53477680881961775       0.54862512640249039       0.58363627502875048       0.68093373885940989        1.0344723243369471        2.9255452084559077        20.250316718563113     
  0.52933900813707835       0.54200587928133881       0.57511067082201828       0.67124033450935516        1.0250894129711978        2.9308841704189184        20.622576592820472     
  0.52460459992155983       0.53588218872050164       0.56676095387408953       0.66097971605934069        1.0143331147534356        2.9309319302912820        20.959169320802651     
  0.52061664623988324       0.53033077995293565       0.55864108261920797       0.65011191547950009        1.0020961048472685        2.9250965269706013        21.259947355143865     
  0.51737117424670520       0.52542776867685925       0.55081833409508563       0.63860010697161218       0.98822623002187204        2.9131115131230616        21.511272209363906     
  0.51482804030425100       0.52124115317934672       0.54340657426707206       0.62645874133474810       0.97252505660810973        2.8939894247298046        21.709822441818439     
  0.51290725115475944       0.51780166218645196       0.53653411612423563       0.61379260798053570       0.95482525620342307        2.8669356864602098        21.846940635480177     
  0.51151111573003627       0.51508946565858138       0.53033757887248367       0.60076818197728521       0.93502335508798540        2.8317718596700017        21.916779753038465     
  0.51053767464663069       0.51304188070788270       0.52495048088178542       0.58759483132000467       0.91303625264783883        2.7878929187939012        21.910242319975591     
  0.50989360295695263       0.51156332482710543       0.52045727435524503       0.57462102210585631       0.88884156182051932        2.7339747674633017        21.821847015037829     
  0.50949318588398695       0.51054641848443494       0.51687969914664644       0.56219185239070268       0.86240841616287878        2.6702582103107839        21.642233023158671     
  0.50926297326698999       0.50988743207654574       0.51417708792343308       0.55066649878432516       0.83373683337732274        2.5964754382169652        21.363280127159989     
  0.50914255972229716       0.50948791843337371       0.51224566548559392       0.54040544621246145       0.80288399492553930        2.5123124181357821        20.984306639115278     
  0.50908607677097373       0.50926519746521415       0.51094752617657002       0.53170257203983906       0.77003027701158666        2.4178295340497971        20.504085325989159     
  0.50906240384903134       0.50915179829304757       0.51012975651966141       0.52470789357314662       0.73555890142644142        2.3135011403724675        19.917044125204558     
  0.50905343164402539       0.50909896332447468       0.50964941750373260       0.51942055734641646       0.70014465242940815        2.2005287090099399        19.223940603402305     
  0.50905011389378141       0.50907575725622856       0.50938566932739526       0.51566845993474630       0.66486025826976625        2.0795194659102618        18.425749699716683     
  0.50904871559162923       0.50906525277585912       0.50924781081351089       0.51316999271056929       0.63115930229341966        1.9514934750822184        17.525702085027309     
  0.50904794598572678       0.50905973020158690       0.50917551224004109       0.51160174377316292       0.60060803496860493        1.8177506737127593        16.537600860286926     
  0.50904743338647684       0.50905622890422586       0.50913467527367362       0.51066070291266474       0.57464824680440674        1.6803773103739514        15.478691430341659     
  0.50904707277820715       0.50905376743141162       0.50910859949767495       0.51010186757497600       0.55408313152391908        1.5425706732323992        14.372223087175461     
  0.50904682436523541       0.50905200982903143       0.50909038651998784       0.50975873029970042       0.53887898087590036        1.4069974129612719        13.241336471264560     
  0.50904666137890875       0.50905079571748946       0.50907737381114460       0.50953477528308033       0.52840703727778937        1.2774096592037962        12.118609066392237     
  0.50913958370359957       0.50914301931548300       0.50916127044317394       0.50947312514690590       0.52170259262070273        1.1558612141971787        11.041054755606135     
