   1.1277234346659696E-004   1.0655666542114430E-003   4.1687228104967155E-003   6.5604178601869571E-003   4.1687228104967094E-003   1.0655666542114398E-003   1.1277234346659625E-004
   1.1267232542393084E-004   1.0646216007718496E-003   4.1650255609485673E-003   6.5545994109707847E-003   4.1650255609485907E-003   1.0646216007718435E-003   1.1267232542393035E-004
   1.1256830665955880E-004   1.0636387451946666E-003   4.1611804214185351E-003   6.5485482237860057E-003   4.1611804214185403E-003   1.0636387451946664E-003   1.1256830665955774E-004
   1.1246028717347934E-004   1.0626180874799061E-003   4.1571873919065781E-003   6.5422642986325812E-003   4.1571873919065677E-003   1.0626180874799044E-003   1.1246028717347862E-004
   1.1235169615572817E-004   1.0615920294597750E-003   4.1531732352543104E-003   6.5359471251979261E-003   4.1531732352543408E-003   1.0615920294597785E-003   1.1235169615572741E-004
   1.1224424820132130E-004   1.0605767720503849E-003   4.1492013328826328E-003   6.5296964483257175E-003   4.1492013328826302E-003   1.0605767720503823E-003   1.1224424820132018E-004
   1.1213737177858721E-004   1.0595669149463633E-003   4.1452505576512122E-003   6.5234790197347473E-003   4.1452505576511939E-003   1.0595669149463546E-003   1.1213737177858647E-004
   1.1203106688752479E-004   1.0585624581477024E-003   4.1413209095600527E-003   6.5172948394250094E-003   4.1413209095600553E-003   1.0585624581477045E-003   1.1203106688752433E-004
   1.1192304740144612E-004   1.0575418004329425E-003   4.1373278800481018E-003   6.5110109142715649E-003   4.1373278800481009E-003   1.0575418004329436E-003   1.1192304740144488E-004
   1.1181102719366052E-004   1.0564833405805973E-003   4.1331869605542148E-003   6.5044942511494888E-003   4.1331869605542018E-003   1.0564833405805956E-003   1.1181102719365917E-004
   1.1169386320082298E-004   1.0553762779799301E-003   4.1288558967978372E-003   6.4976783534963075E-003   4.1288558967978364E-003   1.0553762779799314E-003   1.1169386320082206E-004
   1.1156926929624504E-004   1.0541990114094663E-003   4.1242501802178765E-003   6.4904302281870553E-003   4.1242501802178826E-003   1.0541990114094687E-003   1.1156926929624367E-004
   1.1143838854327077E-004   1.0529623414799380E-003   4.1194120650949358E-003   6.4828163717842143E-003   4.1194120650949375E-003   1.0529623414799413E-003   1.1143838854326997E-004
   1.1129950634688343E-004   1.0516500672752484E-003   4.1142781700080986E-003   6.4747370394441055E-003   4.1142781700080943E-003   1.0516500672752449E-003   1.1129950634688226E-004
   1.1115262270708283E-004   1.0502621887953812E-003   4.1088484949574188E-003   6.4661922311666613E-003   4.1088484949574266E-003   1.0502621887953831E-003   1.1115262270708217E-004
   1.1099773762386880E-004   1.0487987060403576E-003   4.1031230399429181E-003   6.4571819469519563E-003   4.1031230399429190E-003   1.0487987060403547E-003   1.1099773762386782E-004
   1.1083370803389685E-004   1.0472488183994190E-003   4.0970595506840037E-003   6.4476396902374616E-003   4.0970595506839994E-003   1.0472488183994192E-003   1.1083370803389614E-004
   1.1065939087382202E-004   1.0456017252618423E-003   4.0906157729001255E-003   6.4374989644607628E-003   4.0906157729001342E-003   1.0456017252618384E-003   1.1065939087382139E-004
   1.1047364308029939E-004   1.0438466260168813E-003   4.0837494523107646E-003   6.4266932730593631E-003   4.0837494523107741E-003   1.0438466260168794E-003   1.1047364308029905E-004
   1.1027417852664054E-004   1.0419619194430661E-003   4.0763760803547997E-003   6.4150896229083114E-003   4.0763760803547962E-003   1.0419619194430591E-003   1.1027417852663959E-004
   1.1006042568117193E-004   1.0399422052350144E-003   4.0684745298919626E-003   6.4026547657263658E-003   4.0684745298919566E-003   1.0399422052350127E-003   1.1006042568117088E-004
   1.0983066994887620E-004   1.0377712824766326E-003   4.0599814195014187E-003   6.3892889566698665E-003   4.0599814195014274E-003   1.0377712824766296E-003   1.0983066994887555E-004
   1.0958319673473730E-004   1.0354329502518076E-003   4.0508333677623564E-003   6.3748924508950531E-003   4.0508333677623668E-003   1.0354329502518073E-003   1.0958319673473682E-004
   1.0931743450708261E-004   1.0329218082551670E-003   4.0410092475344989E-003   6.3594320001207115E-003   4.0410092475345076E-003   1.0329218082551679E-003   1.0931743450708198E-004
   1.0903338326591164E-004   1.0302378564867227E-003   4.0305090588178367E-003   6.3429076043468634E-003   4.0305090588178384E-003   1.0302378564867184E-003   1.0903338326591091E-004
   1.0872989994787999E-004   1.0273702943357195E-003   4.0192905473318196E-003   6.3252527670110397E-003   4.0192905473318283E-003   1.0273702943357224E-003   1.0872989994787887E-004
   1.0840412689462563E-004   1.0242921202753305E-003   4.0072480773751017E-003   6.3063012467070370E-003   4.0072480773750930E-003   1.0242921202753344E-003   1.0840412689462462E-004
   1.0805377797945879E-004   1.0209817330840644E-003   3.9942971403865435E-003   6.2859200503099120E-003   3.9942971403865426E-003   1.0209817330840614E-003   1.0805377797945755E-004
   1.0767771013903512E-004   1.0174283321511880E-003   3.9803954820856061E-003   6.2640426812571974E-003   3.9803954820856113E-003   1.0174283321511895E-003   1.0767771013903424E-004
   1.0727592337335454E-004   1.0136319174767084E-003   3.9655431024723034E-003   6.2406691395489183E-003   3.9655431024722991E-003   1.0136319174767012E-003   1.0727592337335382E-004
   1.0684441696071043E-004   1.0095546869230317E-003   3.9495921115647063E-003   6.2155666872164023E-003   3.9495921115646976E-003   1.0095546869230265E-003   1.0684441696070946E-004
   1.0638090477441345E-004   1.0051750392686763E-003   3.9324580008017005E-003   6.1886023311347521E-003   3.9324580008016858E-003   1.0051750392686763E-003   1.0638090477441245E-004
   1.0588081456108420E-004   1.0004497720707084E-003   3.9139717530610862E-003   6.1595100850540038E-003   3.9139717530610853E-003   1.0004497720707086E-003   1.0588081456108309E-004
   1.0534071713068863E-004   9.9534648349690097E-004   3.8940066055012474E-003   6.1280904592868326E-003   3.8940066055012453E-003   9.9534648349689837E-004   1.0534071713068764E-004
   1.0475604022984772E-004   9.8982197110429669E-004   3.8723935409999332E-003   6.0940774675833044E-003   3.8723935409999328E-003   9.8982197110429691E-004   1.0475604022984671E-004
   1.0412221160518223E-004   9.8383303244995476E-004   3.8489635424349862E-003   6.0572051236935792E-003   3.8489635424349866E-003   9.8383303244995346E-004   1.0412221160518130E-004
   1.0343351593996885E-004   9.7732566448017642E-004   3.8235053384036394E-003   6.0171409448052876E-003   3.8235053384036450E-003   9.7732566448017403E-004   1.0343351593996810E-004
   1.0268423791748357E-004   9.7024586414127297E-004   3.7958076575031669E-003   5.9735524481060436E-003   3.7958076575031578E-003   9.7024586414127330E-004   1.0268423791748284E-004
   1.0186866222100280E-004   9.6253962837954945E-004   3.7656592283307816E-003   5.9261071507835531E-003   3.7656592283307772E-003   9.6253962837955270E-004   1.0186866222100157E-004
   1.0098335966049216E-004   9.5417455536279613E-004   3.7329332880448375E-003   5.8746055631503456E-003   3.7329332880448474E-003   9.5417455536279765E-004   1.0098335966049064E-004
   1.0002318645089978E-004   9.4510204234269182E-004   3.6974396923828861E-003   5.8187484506753819E-003   3.6974396923828818E-003   9.4510204234269355E-004   1.0002318645089882E-004
   9.8981855743830052E-005   9.3526268596017448E-004   3.6589460428018742E-003   5.7581700822649769E-003   3.6589460428018872E-003   9.3526268596017209E-004   9.8981855743829564E-005
   9.7854223754231914E-005   9.2460788346692064E-004   3.6172621950393662E-003   5.6925712233881270E-003   3.6172621950393575E-003   9.2460788346691392E-004   9.7854223754230464E-005
   9.6625430658622659E-005   9.1299722692332835E-004   3.5718388434481632E-003   5.6210874187326721E-003   3.5718388434481663E-003   9.1299722692333161E-004   9.6625430658621670E-005
   9.5282331228538562E-005   9.0030650930591973E-004   3.5221900638019716E-003   5.5429539578301448E-003   3.5221900638019630E-003   9.0030650930591929E-004   9.5282331228537640E-005
   9.3815209425548635E-005   8.8644392542341389E-004   3.4679566947161131E-003   5.4576056198995960E-003   3.4679566947161131E-003   8.8644392542341173E-004   9.3815209425547822E-005
   9.2212634616205808E-005   8.7130146916842687E-004   3.4087161933851044E-003   5.3643774393163724E-003   3.4087161933851000E-003   8.7130146916842492E-004   9.2212634616204480E-005
   9.0475749863853943E-005   8.5488994115169809E-004   3.3445108140894419E-003   5.2633359126428442E-003   3.3445108140894380E-003   8.5488994115169917E-004   9.0475749863853252E-005
   8.8614842738596845E-005   8.3730654686987481E-004   3.2757208453541302E-003   5.1550795089413369E-003   3.2757208453541302E-003   8.3730654686987047E-004   8.8614842738595910E-005
   8.6646487658933197E-005   8.1870789517865636E-004   3.2029589742471249E-003   5.0405724283676210E-003   3.2029589742471202E-003   8.1870789517865647E-004   8.6646487658932018E-005
   8.4580972194965231E-005   7.9919119157469381E-004   3.1266054892933695E-003   4.9204131399839266E-003   3.1266054892933586E-003   7.9919119157469023E-004   8.4580972194964662E-005
   8.2408580308263182E-005   7.7866463086670109E-004   3.0463012291081972E-003   4.7940364230092663E-003   3.0463012291081907E-003   7.7866463086669990E-004   8.2408580308262192E-005
   8.0117309833706548E-005   7.5701480664193638E-004   2.9616025237458252E-003   4.6607440635377251E-003   2.9616025237458178E-003   7.5701480664193876E-004   8.0117309833705803E-005
   7.7705446176278475E-005   7.3422551798429025E-004   2.8724459917854324E-003   4.5204363167255573E-003   2.8724459917854363E-003   7.3422551798429166E-004   7.7705446176277906E-005
   7.5174703930996415E-005   7.1031296580986757E-004   2.7788950146478506E-003   4.3732129274165026E-003   2.7788950146478593E-003   7.1031296580986562E-004   7.5174703930995751E-005
   7.2520510844480937E-005   6.8523394767571724E-004   2.6807805752108740E-003   4.2188079093606386E-003   2.6807805752108674E-003   6.8523394767571767E-004   7.2520510844480395E-005
   6.9733722409974226E-005   6.5890205869593174E-004   2.5777646392301052E-003   4.0566892900582505E-003   2.5777646392301018E-003   6.5890205869593022E-004   6.9733722409973657E-005
   6.6805194120718301E-005   6.3123089398461202E-004   2.4695091724611326E-003   3.8863250970095501E-003   2.4695091724611282E-003   6.3123089398461213E-004   6.6805194120717379E-005
   6.3729210659989086E-005   6.0216645048805550E-004   2.3558029035012215E-003   3.7073828474021796E-003   2.3558029035012232E-003   6.0216645048805583E-004   6.3729210659988625E-005
   6.0502914369425103E-005   5.7168172667942756E-004   2.2365401966489961E-003   3.5196962998299934E-003   2.2365401966489987E-003   5.7168172667942582E-004   6.0502914369424453E-005
   5.7128591375715446E-005   5.3979832378019685E-004   2.1118055604655477E-003   3.3233984474178978E-003   2.1118055604655490E-003   5.3979832378019696E-004   5.7128591375714816E-005
   5.3613100058929007E-005   5.0658104545479627E-004   1.9818525206341891E-003   3.1188882695407302E-003   1.9818525206341873E-003   5.0658104545479757E-004   5.3613100058928479E-005
   4.9971300242547173E-005   4.7217029964282423E-004   1.8472303828020551E-003   2.9070302215106125E-003   1.8472303828020514E-003   4.7217029964282341E-004   4.9971300242547024E-005
   4.6226624725138002E-005   4.3678749886441105E-004   1.7088053597204269E-003   2.6891874828581749E-003   1.7088053597204239E-003   4.3678749886441051E-004   4.6226624725137616E-005
   4.2409936217009205E-005   4.0072425960949100E-004   1.5677183169641542E-003   2.4671554607701104E-003   1.5677183169641581E-003   4.0072425960948954E-004   4.2409936217008845E-005
   3.8556669681848293E-005   3.6431540081094556E-004   1.4252791372302827E-003   2.2429955486830016E-003   1.4252791372302831E-003   3.6431540081094496E-004   3.8556669681847819E-005
   3.4703974678359862E-005   3.2791194231776967E-004   1.2828610846366852E-003   2.0188688848771208E-003   1.2828610846366806E-003   3.2791194231776994E-004   3.4703974678359604E-005
   3.0893001486954837E-005   2.9190270611654113E-004   1.1419853132831565E-003   1.7971693456014042E-003   1.1419853132831549E-003   2.9190270611653999E-004   3.0893001486954620E-005
   2.7166614983061563E-005   2.5669271510993827E-004   1.0042363586903263E-003   1.5803905519484890E-003   1.0042363586903295E-003   2.5669271510993697E-004   2.7166614983061363E-005
   2.3570537700470022E-005   2.2271399372749404E-004   8.7130439208019377E-004   1.3711923664171740E-003   8.7130439208019355E-004   2.2271399372749388E-004   2.3570537700469795E-005
   2.0151635236315129E-005   1.9040936700947430E-004   7.4492183895529906E-004   1.1723011480687471E-003   7.4492183895530167E-004   1.9040936700947386E-004   2.0151635236314963E-005
   1.6953343997697496E-005   1.6018925816393086E-004   6.2669436197654717E-004   9.8624376627706907E-004   6.2669436197654836E-004   1.6018925816393005E-004   1.6953343997697354E-005
   1.4015099670011091E-005   1.3242628826133252E-004   5.1807973382290539E-004   8.1531435244736993E-004   5.1807973382290724E-004   1.3242628826133217E-004   1.4015099670010972E-005
   1.1367764963564164E-005   1.0741207379161195E-004   4.2021882006922919E-004   6.6130831376633821E-004   4.2021882006922860E-004   1.0741207379161153E-004   1.1367764963564035E-005
   9.0330580819070459E-006   8.5351826358794736E-005   3.3391445204596060E-004   5.2548908492091608E-004   3.3391445204596055E-004   8.5351826358794479E-005   9.0330580819069663E-006
   7.0206950634701668E-006   6.6337351154155746E-005   2.5952579113777853E-004   4.0842188669209232E-004   2.5952579113777804E-004   6.6337351154155746E-005   7.0206950634701168E-006
   5.3329620349430286E-006   5.0390249399171823E-005   1.9713734590578010E-004   3.1023971220481208E-004   1.9713734590578034E-004   5.0390249399171898E-005   5.3329620349429964E-006
   3.9572852995333406E-006   3.7391714375722370E-005   1.4628431926391828E-004   2.3021109927190230E-004   1.4628431926391806E-004   3.7391714375722424E-005   3.9572852995333126E-006
   2.8668028686394032E-006   2.7087931731459269E-005   1.0597373561926839E-004   1.6677337867531224E-004   1.0597373561926843E-004   2.7087931731459178E-005   2.8668028686393858E-006
   2.0289374369357825E-006   1.9171084060342983E-005   7.5001347976156850E-005   1.1803139838464089E-004   7.5001347976156972E-005   1.9171084060342945E-005   2.0289374369357643E-006
   1.4025387240113795E-006   1.3252349375797650E-005   5.1846002234785644E-005   8.1591282150960255E-005   5.1846002234785624E-005   1.3252349375797657E-005   1.4025387240113735E-006
