  0.98060082565609019       0.96359771358405921       0.94359039972220726       0.88259033936718012       0.85910503302395314       0.99795193588410991        1.0000000000000000     
  0.98280626272760852       0.96706098328406653       0.94722101056002428       0.88549166362607112       0.85963192924216814       0.99784275557450797       0.99999999999999833     
  0.98473058777698275       0.97035733906109789       0.95016493905575516       0.88808721282947423       0.85990935378078115       0.99784690495249351       0.99999999999999878     
  0.98641532674925292       0.97308067362426653       0.95297280771111181       0.89033002103845382       0.85988483165390939       0.99782655626545091       0.99999999999999978     
  0.98787935031631091       0.97537972691974584       0.95421582255646731       0.89205596882477411       0.85955305634677048       0.99780616966096269       0.99999999999999800     
  0.98865099352927144       0.97735772476256411       0.95610484432734089       0.89305302455349467       0.85892976976359459       0.99778395547101373       0.99999999999999944     
  0.98963298182823556       0.97914119204150329       0.95735892547504953       0.89310259536869074       0.86129321308306817       0.99773523039643430        1.0000000000000000     
  0.99058149362247139       0.98029508011082678       0.95817789703521850       0.89263425758097070       0.86026014963900788       0.99745657743302785       0.99999999999999911     
  0.99074791175985155       0.98105081178695996       0.95733581401252299       0.89152071323240523       0.86030737577139760       0.99765153399631323        1.0000000000000004     
  0.98982062882352295       0.98009935824994132       0.95692172436960621       0.88914825496396055       0.85814662659863739       0.99757440195689839       0.99999999999999889     
  0.98957040580242162       0.97944501243114790       0.95528444285240932       0.88584478691601043       0.86694483527182642       0.99753699062940526        1.0000000000000009     
  0.98840652355447878       0.97772074017949273       0.95237720940014714       0.87982621153684926       0.86393411703216716       0.99749692978279836        1.0000000000000002     
  0.98749137527378383       0.97679494863380012       0.95090839667653859       0.87483101966002608       0.85991667867103683       0.99735062683113374        1.0000000000000004     
  0.98464868672443429       0.97386797405893644       0.94882975811273584       0.86413977385900231       0.85514589514395134       0.99726662679494227       0.99999999999999956     
  0.98336498038410203       0.97222982948994596       0.94671426791120861       0.85652951456794713       0.84951178561024754       0.99712070105280115        1.0000000000000011     
  0.98078813190764846       0.96995356027175839       0.94423591256808470       0.84839776032611991       0.84299236586877124       0.99712078554391126       0.99999999999999856     
  0.97864245454401344       0.96752534092398168       0.94127177440716225       0.83901488503681643       0.83557494162738533       0.99714015788958710       0.99999999999999600     
  0.97484085801276399       0.96385359487363298       0.93750121938212105       0.82926137259354149       0.83281144730033774       0.99723183808947546       0.99999999712398313     
  0.97224662046765575       0.95955798172060713       0.93368256292270368       0.81930976085170626       0.82936454830094664       0.99728459120128976       0.99999999685884911     
  0.96970636292218415       0.95642637385775298       0.92578268608402425       0.80893537479270028       0.82046320992723987       0.99714478182972388        1.0000000000000020     
  0.96718822622369172       0.95329998832253615       0.92090068638203448       0.79963245453476073       0.81109934763041325       0.99710727369599050       0.99999999999999956     
  0.96139730697523496       0.94920396803947216       0.91435914183611844       0.79741848018513106       0.80089213746415233       0.99710000415564659        1.0000000000000016     
  0.95828806432852442       0.94556551407663636       0.90047341892231636       0.78855691274428519       0.79106478238289024       0.99702632704640914       0.99999999999999967     
  0.95510311014932936       0.93934796438454704       0.89222096082564828       0.77998182155725448       0.78035841052140731       0.99706523776499512       0.99999999999999833     
  0.95016086878768879       0.93506978403071050       0.88595726471164216       0.77178126591864638       0.76960916941422375       0.99733027425370668       0.99999999999999778     
  0.94669460757644164       0.93025758836441441       0.86134074854024323       0.76360337483860263       0.76110853433509762       0.99735739024369563       0.99999999999999878     
  0.94329069359585105       0.90080275222067907       0.85608650086262583       0.75621304253531818       0.75079230969819777       0.99754852799015969       0.99999999999999967     
  0.92504709654721906       0.89562936523951564       0.85064077207102951       0.74942927949579585       0.74186847322207572       0.99754839258509853       0.99999999999999833     
  0.91305398703767493       0.88985034243302696       0.84529471722463034       0.74322485674070726       0.73245976490268760       0.99752555615314376       0.99999999999999845     
  0.90883374254214255       0.88532524816126257       0.84047837868710451       0.73809877490479781       0.72369999423898923       0.99750146753042146        1.0000000000000004     
  0.90488265603887241       0.88169120047125604       0.83666767719270185       0.73310910728048673       0.71255145634278572       0.99762403092623142       0.99999999999999978     
  0.90190586026196629       0.87867482072257752       0.83349072465215790       0.72876255847628268       0.70531387485738473       0.99761115892798069        1.0000000000000000     
  0.89916816554979329       0.87626663819537487       0.83106010224005267       0.72510954300967612       0.69906980524076212       0.99762565389152791        1.0000000000000000     
  0.89621050689054804       0.87338242251473164       0.82866873639806593       0.72243629288156630       0.69315043159375744       0.99785328490330372        1.0000000000000000     
  0.89497976528648215       0.87118491085672156       0.82557269256682653       0.71295004033489962       0.68878470090418764       0.99812414306749941       0.99999999999999900     
  0.88380407184022336       0.85985162121341985       0.81863873116723740       0.71229806896687098       0.65070799987754802       0.99816885367443664       0.99999999999999867     
  0.87787599507191516       0.85981110828248464       0.81364517693284555       0.70597773498758842       0.64210304191491185       0.99820327167959577        1.0000000000000009     
  0.87884975936676368       0.85186667934042148       0.81474649896750195       0.70744364916270952       0.63055101141519865       0.99828776637974426       0.99999999999999845     
  0.88008480019300106       0.85340079995746632       0.81431899082525772       0.69037872224213537       0.61497741069067435       0.99830483842139528        1.0000000000000011     
  0.85383900097519616       0.84965315843800249       0.81700926394906281       0.69453980324337494       0.61614266997025846       0.99834701614208932       0.99999999999999911     
  0.85147130186365483       0.83239482638289763       0.82027200363932640       0.67234196677852809       0.58938245685480273       0.99838400650882786       0.99999999999999922     
  0.85290391108244090       0.83023608882554434       0.81293584492624160       0.66548860960617673       0.55454547165370438       0.99842553050947835       0.99999999999999811     
  0.85466632869730674       0.83375350228738554       0.81210317061774129       0.67128167103128378       0.54838001870906505       0.99887976850820692        1.0000000000000002     
  0.84626244372317760       0.83599798153744165       0.81668688318434979       0.65448874104012866       0.52892670116699991       0.99880760693019366       0.99999999999999989     
  0.85048096259983563       0.82184775165098867       0.82518130860183847       0.64952990051406367       0.45333207794159813       0.99893413676934317       0.99999999999999789     
  0.87251836884496881       0.84384845483504467       0.84293477725095012       0.66487959749930980       0.46037784342958049       0.99895716654821343        1.0000000000000016     
  0.89134569104132766       0.86384247604222697       0.85955897952866844       0.68080506839431165       0.46841231753638979       0.99898314596825566       0.99999999999999833     
  0.90800647067367846       0.88199648509633854       0.87515191494885203       0.69731003983063888       0.47748580439113053       0.99901212897309022       0.99999999999999900     
  0.92279420503634346       0.89850194954905782       0.88976662952901941       0.71437344332122044       0.48809827751829754       0.99904415060868879       0.99999999999999767     
  0.93578010147606772       0.91344584211017532       0.90340756102321818       0.73193864785853879       0.59512518457458830       0.99907930933431410        1.0000000000000000     
  0.94704423649980540       0.92686420875913456       0.91606095106267238       0.74993485939348126       0.60768844902074759       0.99927887719336383        1.0000000000000011     
  0.95672165941376575       0.93879075358579189       0.92770776319686477       0.76827413897141039       0.62135561844856380       0.99931631156062073        1.0000000000000011     
  0.96498176695087767       0.94928279292013507       0.93833426780625140       0.78684636148441800       0.63615289129675312       0.99935668040060543        1.0000000000000016     
  0.97199842674027714       0.95842813337891164       0.94794165256718466       0.80552516416823150       0.65209688960980716       0.99939989504614768       0.99999999999999967     
  0.97792529257440652       0.96633068236113395       0.95654358208089019       0.82415619023094266       0.66917802462982512       0.99944581866331239       0.99999999999999933     
  0.98289288661098617       0.97310355342457389       0.96417092369140811       0.84257611883588024       0.68737207330191086       0.99949411628301621       0.99999999999999867     
  0.98700905518186743       0.97885552980401891       0.97086501228639899       0.86060883434112978       0.70662966776201874       0.99965740396847791        1.0000000000000020     
  0.99036617899440837       0.98368571958395967       0.97667365868637179       0.87806717037908422       0.72686679330619630       0.99970082471703081        1.0000000000000013     
  0.99304909158963206       0.98768438097811462       0.98164947654531631       0.89476279491741828       0.74796432267826907       0.99974350270814238       0.99999999999999833     
  0.99513956343529286       0.99093454478095511       0.98584689116610047       0.91050342339833246       0.76974845127810521       0.99978461080872327       0.99999999999999889     
  0.99672016425462751       0.99351736838897264       0.98932435092164184       0.92511328427948769       0.79199931369185106       0.99982330093548188       0.99999999999999822     
  0.99787402295035399       0.99551456368644065       0.99214462926550750       0.93844133757513881       0.81450303486736142       0.99985884511557532       0.99999999999999922     
  0.99868286891997049       0.99700967253030925       0.99414996675467604       0.95037014032861089       0.83708528765831902       0.99989066217855682       0.99999999999999933     
  0.99922433011885936       0.99808738555411747       0.99541913833302342       0.96082627095536421       0.86399420737092680       0.99994666588561854        1.0000000000000007     
  0.99956833276614065       0.99883110915586126       0.99645985379499369       0.96978177289883460       0.89543850268915359       0.99996293569914474       0.99999999999999922     
  0.99977441571793757       0.99931957999406029       0.99753325066912224       0.97725948234292748       0.91277282478603072       0.99997580222554505        1.0000000000000004     
  0.99988931565552208       0.99962309990236387       0.99830229157791683       0.98333032077846050       0.93493641310832498       0.99998541194069612       0.99999999999999800     
  0.99994933486806403       0.99979973799133826       0.99885903525899622       0.98810723521174382       0.94885047695282310       0.99999207588186467        1.0000000000000007     
  0.99997769631726718       0.99989674855634170       0.99928669540819148       0.99173821291677222       0.96364667012997507       0.99999626306105704       0.99999999999999956     
  0.99999032981295266       0.99994621808714568       0.99956360298578417       0.99439570857921999       0.97229423171019302       0.99999843224555529       0.99999999999999800     
  0.99999558927064025       0.99997084361138400       0.99972987434069271       0.99626454133827458       0.98083623472656067       0.99999943786538870        1.0000000000000033     
  0.99999777329325923       0.99998317186132202       0.99982878618764559       0.99752831480212578       0.98598612540680941       0.99999983506102563        1.0000000000000031     
  0.99999877595769027       0.99998980884720001       0.99988985535301345       0.99835596030004115       0.99039273140137885       0.99999996266898505        1.0000000000000016     
  0.99999931169531286       0.99999379603214611       0.99992801934828213       0.99889647699361050       0.99312079286902000       0.99999999430094411       0.99999999999999989     
  0.99999962934247022       0.99999637321924961       0.99995437106075546       0.99925752583265814       0.99532307023697686       0.99999999957579555        1.0000000000000004     
  0.99999982026326395       0.99999806994924401       0.99997273181819613       0.99951316010499125       0.99691169936018864       0.99999999998485467       0.99999999999999944     
  0.99999992624827305       0.99999911881674219       0.99998585707394183       0.99970623585954421       0.99815711309855248       0.99999999999883205       0.99999999999999878     
  0.99999997633896187       0.99999968056962263       0.99999401863318471       0.99984831156837195       0.99906575424423805       0.99999999999999889        1.0000000000000018     
  0.99999999493687808       0.99999992040603169       0.99999819241628141       0.99994064665379478       0.99981982828797089        1.0000000000000013       0.99999999999999989     
  0.99999999959160046       0.99999999168934484       0.99999973815462317       0.99996702500209267       0.99983751162350276        1.0000000000000016       0.99999999999999600     
  0.99999999999875366       0.99999999995658340       0.99999999719660526       0.99999826043593076       0.99979008958546312        1.0000000000000009       0.99999999999999956     
