  0.58322612311386357       0.58846220323560894       0.59407768961165641       0.60025985418978622       0.61486474200626329       0.65663007242644045       0.73998026726393440     
  0.57883608995033808       0.58425655584676961       0.59049950249542937       0.59810854376735412       0.61582518054129720       0.66291164794989865       0.75267444928073879     
  0.57486963057895624       0.58024790336473508       0.58693469091994077       0.59584384690451553       0.61655819520639599       0.66885396984784817       0.76482856152026257     
  0.57131964926531220       0.57656419872126241       0.58355283977187666       0.59363971496919599       0.61722544718717010       0.67459128377779831       0.77659828954297949     
  0.56816798377425515       0.57322373376005809       0.58041661587996884       0.59156639940095324       0.61790212995521987       0.68019333251701175       0.78804893075435734     
  0.56538323518223699       0.57022655273689549       0.57754381376734953       0.58965764683896382       0.61861954967257071       0.68571442134459593       0.79919656129568672     
  0.56293109243012240       0.56755342380487006       0.57494238875899373       0.58792237727791674       0.61939702644879291       0.69116871052060380       0.81003197859100140     
  0.56078938886014962       0.56518531018664120       0.57260369960648372       0.58637092349493558       0.62023095641165582       0.69656986004761556       0.82056143984838736     
  0.55893321696138354       0.56310500802419661       0.57052238132921318       0.58499727041736138       0.62113280274995619       0.70192087583240537       0.83080319351992049     
  0.55733160072370413       0.56127919385038483       0.56867320125096021       0.58381834905687824       0.62210880727169404       0.70723756796283466       0.84076815234638469     
  0.55596243893200259       0.55969556408338517       0.56705205831534466       0.58281182053870062       0.62316411041366060       0.71252840324480593       0.85046597522571854     
  0.55479897599500883       0.55833355643421867       0.56564552331216011       0.58199972679727263       0.62430301553159828       0.71781519519359516       0.85989706352078843     
  0.55381710239117943       0.55717521059676711       0.56444258731339281       0.58132832147682445       0.62553408363695195       0.72312538655739356       0.86905783362966127     
  0.55300780109686620       0.55620349905625310       0.56343081907066273       0.58082487346127487       0.62686489397005607       0.72847136484057706       0.87793738871614946     
  0.55235313642934858       0.55540548504662191       0.56260035670028563       0.58049356141643782       0.62831025834897247       0.73386511073508132       0.88652379673079407     
  0.55182332172579662       0.55477315497154689       0.56194611224678948       0.58032426350610034       0.62987183967251692       0.73931643904906152       0.89480397223208252     
  0.55141699141038869       0.55427307035716411       0.56146188383856532       0.58031663069780326       0.63152530825306374       0.74483198873439771       0.90276404069657334     
  0.55112396130143360       0.55390490929838687       0.56113979329537511       0.58046630756763717       0.63329295378945516       0.75041625770831333       0.91039169477264192     
  0.55093558912554574       0.55366327699571738       0.56097328952710701       0.58077432924986760       0.63519538734708569       0.75607274444380601       0.91767471223597086     
  0.55084363937616188       0.55354498663321905       0.56096195011926142       0.58124673996346399       0.63723854842013783       0.76180223948535086       0.92460313967976926     
  0.55084820987490146       0.55354759104656404       0.56110719650041929       0.58187613898829182       0.63942840125718103       0.76760331619024702       0.93117029353793201     
  0.55093817269131273       0.55366868177608386       0.56138809970540682       0.58265867207383626       0.64176926877370000       0.77347503153922514       0.93737137156760630     
  0.55111768221822577       0.55390743006687060       0.56181672867960919       0.58359356966743925       0.64426571745775096       0.77941238483610487       0.94320082923685311     
  0.55138927603090515       0.55426511591937400       0.56239807400699737       0.58468008854874465       0.64692192555944006       0.78541649292035332       0.94866396528962649     
  0.55175607632412738       0.55474508666299271       0.56313111331280441       0.58593027473707648       0.64974309195520263       0.79148476457294170       0.95376414050752789     
  0.55222389438431174       0.55535050092406035       0.56401535923126866       0.58734035715878274       0.65273265526713509       0.79761276294815631       0.95850659515882919     
  0.55279639226452992       0.55608382562072545       0.56505072710164328       0.58891413994264963       0.65589178672381099       0.80379316843862147       0.96289816569516495     
  0.55348905316315511       0.55694866206261973       0.56624199115299689       0.59065684381176731       0.65922210634277234       0.81001843048944788       0.96694775360554830     
  0.55429698509040937       0.55794900532820835       0.56759390462955239       0.59258036085137189       0.66272434556642357       0.81628184867842424       0.97066722762647428     
  0.55522707676405370       0.55908773470104722       0.56910850148830050       0.59468789912380571       0.66639925595184846       0.82257734909695301       0.97406959166153628     
  0.55627825345847071       0.56036514376527313       0.57078116373348786       0.59696981474107269       0.67025453398291335       0.82889439855231462       0.97716801747651816     
  0.55747259528545046       0.56178516955668722       0.57261883369430089       0.59942581033049602       0.67428872841719323       0.83522378009208853       0.97997729822820334     
  0.55879680571680912       0.56334251144917546       0.57463000819210175       0.60205175469946670       0.67848857918363048       0.84155396926908110       0.98251237216381249     
  0.56025491065908262       0.56507539409244867       0.57679426073561069       0.60483356494584872       0.68284184784507029       0.84787371526315591       0.98478994615758197     
  0.56184616220001882       0.56696128767853049       0.57910484922160599       0.60768951453881559       0.68736917398726616       0.85417104026516388       0.98682654369557221     
  0.56356770095375530       0.56897804640852223       0.58155591173685572       0.61084560667536592       0.69206515144220127       0.86043423896594851       0.98863903114760676     
  0.56541000436324496       0.57110565440611294       0.58413400837059481       0.61413612459453426       0.69690245337802526       0.86665051523417647       0.99024419248423146     
  0.56735648596041344       0.57334072819455628       0.58682182793849280       0.61755065572172618       0.70183718729823397       0.87280736049885488       0.99165851438337260     
  0.56938522916647982       0.57566061421690229       0.58960053042994287       0.62109148598833330       0.70686284485788986       0.87889134402440461       0.99289879244356027     
  0.57146849272461342       0.57803617158772713       0.59244895489552263       0.62474884912425144       0.71201658013934122       0.88488905582154020       0.99398110583814014     
  0.57354943850737539       0.58041569004079097       0.59530496733152793       0.62845160298151737       0.71728005598488398       0.89078116091121184       0.99492068690616076     
  0.57554483967347847       0.58272997951789229       0.59818059416426150       0.63220832012201444       0.72260048840500091       0.89654501701270595       0.99573194446189062     
  0.57733494605725222       0.58488571839332248       0.60096967897543152       0.63598147345814648       0.72789757886749384       0.90215485624460379       0.99642891783387699     
  0.57873694094815198       0.58677543783698316       0.60364997523446495       0.63973683282139227       0.73321417938482469       0.90757869528498136       0.99702318218371055     
   1.0000000000000000        1.0000000000000000        1.0000000000000000        1.0000000000000000        1.0000000000000000        1.0000000000000000        1.0000000000000000     
   1.0000000000000000        1.0000000000000000        1.0000000000000000        1.0000000000000000        1.0000000000000000        1.0000000000000000        1.0000000000000000     
   1.0000000000000000        1.0000000000000000        1.0000000000000000        1.0000000000000000        1.0000000000000000        1.0000000000000000        1.0000000000000000     
   1.0000000000000000        1.0000000000000000        1.0000000000000000        1.0000000000000000        1.0000000000000000        1.0000000000000000        1.0000000000000000     
   1.0000000000000000        1.0000000000000000        1.0000000000000000        1.0000000000000000        1.0000000000000000        1.0000000000000000        1.0000000000000000     
   1.0000000000000000        1.0000000000000000        1.0000000000000000        1.0000000000000000        1.0000000000000000        1.0000000000000000        1.0000000000000000     
   1.0000000000000000        1.0000000000000000        1.0000000000000000        1.0000000000000000        1.0000000000000000        1.0000000000000000        1.0000000000000000     
   1.0000000000000000        1.0000000000000000        1.0000000000000000        1.0000000000000000        1.0000000000000000        1.0000000000000000        1.0000000000000000     
   1.0000000000000000        1.0000000000000000        1.0000000000000000        1.0000000000000000        1.0000000000000000        1.0000000000000000        1.0000000000000000     
   1.0000000000000000        1.0000000000000000        1.0000000000000000        1.0000000000000000        1.0000000000000000        1.0000000000000000        1.0000000000000000     
   1.0000000000000000        1.0000000000000000        1.0000000000000000        1.0000000000000000        1.0000000000000000        1.0000000000000000        1.0000000000000000     
   1.0000000000000000        1.0000000000000000        1.0000000000000000        1.0000000000000000        1.0000000000000000        1.0000000000000000        1.0000000000000000     
   1.0000000000000000        1.0000000000000000        1.0000000000000000        1.0000000000000000        1.0000000000000000        1.0000000000000000        1.0000000000000000     
   1.0000000000000000        1.0000000000000000        1.0000000000000000        1.0000000000000000        1.0000000000000000        1.0000000000000000        1.0000000000000000     
   1.0000000000000000        1.0000000000000000        1.0000000000000000        1.0000000000000000        1.0000000000000000        1.0000000000000000        1.0000000000000000     
   1.0000000000000000        1.0000000000000000        1.0000000000000000        1.0000000000000000        1.0000000000000000        1.0000000000000000        1.0000000000000000     
   1.0000000000000000        1.0000000000000000        1.0000000000000000        1.0000000000000000        1.0000000000000000        1.0000000000000000        1.0000000000000000     
   1.0000000000000000        1.0000000000000000        1.0000000000000000        1.0000000000000000        1.0000000000000000        1.0000000000000000        1.0000000000000000     
   1.0000000000000000        1.0000000000000000        1.0000000000000000        1.0000000000000000        1.0000000000000000        1.0000000000000000        1.0000000000000000     
   1.0000000000000000        1.0000000000000000        1.0000000000000000        1.0000000000000000        1.0000000000000000        1.0000000000000000        1.0000000000000000     
   1.0000000000000000        1.0000000000000000        1.0000000000000000        1.0000000000000000        1.0000000000000000        1.0000000000000000        1.0000000000000000     
   1.0000000000000000        1.0000000000000000        1.0000000000000000        1.0000000000000000        1.0000000000000000        1.0000000000000000        1.0000000000000000     
   1.0000000000000000        1.0000000000000000        1.0000000000000000        1.0000000000000000        1.0000000000000000        1.0000000000000000        1.0000000000000000     
   1.0000000000000000        1.0000000000000000        1.0000000000000000        1.0000000000000000        1.0000000000000000        1.0000000000000000        1.0000000000000000     
   1.0000000000000000        1.0000000000000000        1.0000000000000000        1.0000000000000000        1.0000000000000000        1.0000000000000000        1.0000000000000000     
   1.0000000000000000        1.0000000000000000        1.0000000000000000        1.0000000000000000        1.0000000000000000        1.0000000000000000        1.0000000000000000     
   1.0000000000000000        1.0000000000000000        1.0000000000000000        1.0000000000000000        1.0000000000000000        1.0000000000000000        1.0000000000000000     
   1.0000000000000000        1.0000000000000000        1.0000000000000000        1.0000000000000000        1.0000000000000000        1.0000000000000000        1.0000000000000000     
   1.0000000000000000        1.0000000000000000        1.0000000000000000        1.0000000000000000        1.0000000000000000        1.0000000000000000        1.0000000000000000     
   1.0000000000000000        1.0000000000000000        1.0000000000000000        1.0000000000000000        1.0000000000000000        1.0000000000000000        1.0000000000000000     
   1.0000000000000000        1.0000000000000000        1.0000000000000000        1.0000000000000000        1.0000000000000000        1.0000000000000000        1.0000000000000000     
   1.0000000000000000        1.0000000000000000        1.0000000000000000        1.0000000000000000        1.0000000000000000        1.0000000000000000        1.0000000000000000     
   1.0000000000000000        1.0000000000000000        1.0000000000000000        1.0000000000000000        1.0000000000000000        1.0000000000000000        1.0000000000000000     
   1.0000000000000000        1.0000000000000000        1.0000000000000000        1.0000000000000000        1.0000000000000000        1.0000000000000000        1.0000000000000000     
   1.0000000000000000        1.0000000000000000        1.0000000000000000        1.0000000000000000        1.0000000000000000        1.0000000000000000        1.0000000000000000     
   1.0000000000000000        1.0000000000000000        1.0000000000000000        1.0000000000000000        1.0000000000000000        1.0000000000000000        1.0000000000000000     
   1.0000000000000000        1.0000000000000000        1.0000000000000000        1.0000000000000000        1.0000000000000000        1.0000000000000000        1.0000000000000000     
