   2.5236539639787394     
   2.5326125357498248     
   2.5336029460678309     
   2.5280460912105096     
   2.5167259025789441     
   2.5002787665042310     
   2.4792684157460387     
   2.4541765620642217     
   2.4254244267826364     
   2.3933794665018215     
   2.3583596403802103     
   2.3206363331732769     
   2.2804395659320438     
   2.2379665982850514     
   2.1933861355504551     
   2.1468422733203614     
   2.0984495247596548     
   2.0483024977338244     
   1.9964785957482765     
   1.9430307924911794     
   1.8879918471759571     
   1.8313758170414205     
   1.7731789496149302     
   1.7133762766555309     
   1.6519220415738431     
   1.5887457591676524     
   1.5237556579125402     
   1.4568378449630390     
   1.3878452426371237     
   1.3165960300654929     
   1.2428732584178666     
   1.1664117157835949     
   1.0868914000728584     
   1.0039333414879874     
  0.91709147257799217     
  0.82583657403241706     
  0.72953330526612969     
  0.62742452565906892     
  0.51865161108173619     
  0.40223385547621610     
  0.27698635331739446     
  0.14159877775637270     
  -5.4275514332753575E-003
 -0.16592781317366243     
 -0.33953181854037978     
 -0.27603607036270322     
 -0.21755513284344863     
 -0.16411945636077313     
 -0.11569820502394677     
  -7.2177337324200133E-002
  -3.3371227649042802E-002
   9.2756987285010865E-004
   3.0921880598719930E-002
   5.6811421373656634E-002
   7.8801518177005855E-002
   9.7123348370318954E-002
  0.11202643535759434     
  0.12375863572469806     
  0.13255720266903007     
  0.13866045344406230     
  0.14232298280220718     
  0.14375368423233356     
  0.14318702314304629     
  0.14086818497008033     
  0.13705707286098937     
  0.13198881070675264     
  0.12585148521329392     
  0.11880113229032488     
  0.11108840443303070     
  0.10278502100763806     
   9.3899502250918393E-002
   8.4395121897165026E-002
   7.4270553692826119E-002
   6.3714453505743715E-002
   5.3153528555643231E-002
   4.3225159327393903E-002
   3.4609358787648939E-002
   2.7716470706935340E-002
   2.2379274549409894E-002
   1.7863420870969138E-002
   1.3277519885248935E-002
