   2.8166728189952703        2.7125930953969033        2.5041620454916864        2.0738198119604161        1.7227184020355524        6.3617864375937989        20.675951368813113     
   2.8361244665351868        2.7398520398868862        2.5370260146725299        2.0951074191133565        1.6862164381820339        6.3452359572589172        20.822104678196219     
   2.8480061903848588        2.7589455248826420        2.5617883548871059        2.1105786037134329        1.6461526016698500        6.3038474147507717        20.838033023160886     
   2.8536057537374893        2.7710402583212468        2.5793446499918780        2.1201886495270488        1.6034662327576625        6.2478256325137522        20.767174653847871     
   2.8539600305426349        2.7770880351070231        2.5904437953017223        2.1242156996004202        1.5584006018328709        6.1807423368860279        20.632837894723014     
   2.8499063576602190        2.7778913509073706        2.5957403230614378        2.1230284100803334        1.5112263838041646        6.1046925069786173        20.448529628922234     
   2.8421141315907854        2.7741246331846474        2.5958368986796465        2.1169871085163523        1.4621627532507324        6.0215511177056822        20.224402880495138     
   2.8311148334326117        2.7663520942505047        2.5912509642379788        2.1064035927649511        1.4114361787468801        5.9327691771563948        19.968950387421327     
   2.8173211499158120        2.7550369400319994        2.5824259829303338        2.0915760581224809        1.3592626841362416        5.8394798876687322        19.689397833864923     
   2.8010482123204659        2.7405548878135746        2.5697344274973792        2.0727895718688112        1.3058484804954564        5.7425971616527560        19.391491644335606     
   2.7825355361702542        2.7232026546827370        2.5534841525994039        2.0503058626040223        1.2513911225587788        5.6428734924538198        19.079818621231489     
   2.7619330857327946        2.7032088417668980        2.5339303915057547        2.0243591261318108        1.1960674342326401        5.5409364597640840        18.758066202592175     
   2.7393198366959961        2.6807329591868672        2.5112756588559737        1.9951393327684752        1.1400681200425424        5.4373225379039685        18.429186152204533     
   2.7147479768734257        2.6558800643585965        2.4856794056008056        1.9628164502759993        1.0835710674991621        5.3324966450041105        18.095564357229062     
   2.6882253129324960        2.6287066841642486        2.4572578805727949        1.9275457230498310        1.0267459496853721        5.2268580938550535        17.759097804587032     
   2.6597163007017652        2.5992278180548842        2.4260880444597919        1.8894684087501779       0.96975644395134952        5.1207575632561513        17.421301002719577     
   2.6291533364030721        2.5674268801905327        2.3922001031298907        1.8487076594410974       0.91274852087769109        5.0144984003385176        17.083376134135172     
   2.5964439739642038        2.5332559059034607        2.3555966741734427        1.8053577474612783       0.85588066339813185        4.9083592964001221        16.746271452005669     
   2.5614708379263340        2.4966364121181481        2.3162779306428276        1.7594965698765941       0.79929244312372816        4.8025797965685797        16.410728115699342     
   2.5240893427444320        2.4574628610892688        2.2742024371482135        1.7111831647661273       0.74311313800088141        4.6973704704314496        16.077321778631447     
   2.4841292890153768        2.4156024072311828        2.2292984880733040        1.6604622815867662       0.68746024716256249        4.5929121054350368        15.746485863831834     
   2.4413984919631906        2.3708963334240383        2.1814693215473042        1.6073679098140017       0.63243254889665734        4.4893590174710534        15.418553104412002     
   2.3956805857636350        2.3231579961523527        2.1305924190349477        1.5519115172446531       0.57812890431848818        4.3868549990793415        15.093778005542051     
   2.3467316920529715        2.2721707616789586        2.0765181767358363        1.4940906698810323       0.52462595702217352        4.2855186732521808        14.772348938629330     
   2.2942864299765806        2.2176887104592424        2.0190668201444470        1.4338856756532645       0.47198435823030710        4.1854546442565894        14.454414695947438     
   2.2380488086133261        2.1594370831754750        1.9580129223263159        1.3712591121171795       0.42024725907557664        4.0867575992702161        14.140103259014158     
   2.1776862178520129        2.0971063389007605        1.8931204543391604        1.3061492259646077       0.36943267141862279        3.9895081782245758        13.829520355902069     
   2.1128230320121268        2.0303474011783331        1.8241477818563385        1.2384634489933686       0.31953602275444148        3.8937751739075397        13.522750284012554     
   2.0430285424011196        1.9587668683461013        1.7508151019194864        1.1680784757310829       0.27051894520476055        3.7996126595582864        13.219861256552349     
   1.9678116508603467        1.8819251654041562        1.6728062447139846        1.0948355686839022       0.22230664729102176        3.7070673306476047        12.920924030554758     
   1.8866236939013006        1.7993303198301978        1.5897691470835131        1.0185387452832466       0.17478829908880619        3.6161841663280914        12.626029259393878     
   1.7988509734776996        1.7104320414288965        1.5013037011908232       0.93893919344884713       0.12780394868928963        3.5269980606144555        12.335259696450400     
   1.7038002476666321        1.6146262820846253        1.4069468295424605       0.85573650516354660        8.1129104211590489E-002   3.4395339442467816        12.048711691627622     
   1.6006945637499910        1.5112571043718290        1.3061776017427345       0.76856348344589875        3.4475865559393790E-002   3.3538086870928336        11.766477408688361     
   1.4886974795089947        1.3996409227115529        1.1984019902404852       0.67697836726412164       -1.2521522696194696E-002   3.2698348546955200        11.488662023719424     
   1.3669376755746683        1.2790910907116497        1.0829097446502784       0.58044749427438347       -6.0309478712801165E-002   3.1876203982594125        11.215379905692426     
   1.2345494031222430        1.1489063000862911       0.95882002037974856       0.47834192673983311      -0.10945172166698822        3.1071799648793950        10.946763051595667     
   1.0907319790633596        1.0083281799772559       0.82509330158659766       0.36991002983382093      -0.16065119350965040        3.0285260405220114        10.682951857861262     
  0.93476242306450408       0.85646286099024527       0.68067977063414209       0.25424906221614235      -0.21475657029932368        2.9516942111857980        10.424102205633059     
  0.76581419338887891       0.69193248556180575       0.52459502052045348       0.13028314645005701      -0.27279088008370850        2.8767276930782351        10.170394749606251     
  0.58273437019774177       0.51216056273072252       0.35586707569941511       -3.2657247420840303E-003 -0.33599809737744496        2.8036509058323076        9.9220632473156840     
  0.38176612864008624       0.31573643057129852       0.17346329628237458      -0.14792451171970139      -0.40591102177973393        2.7324611287197018        9.6793979696776873     
  0.16154121542467098       0.10213036435572484       -2.3840620410486058E-002 -0.30553954295965197      -0.48442866247312233        2.6631156371834508        9.4427372229782680     
  -7.8093111588447589E-002 -0.12935795686211193      -0.23759624808684110      -0.47834332431406890      -0.57389441120882578        2.5955527823122591        9.2124994303040850     
 -0.33425378988920057      -0.37651662764490273      -0.46636277787227981      -0.66572937391589337      -0.67596714798594715        2.5303167097214172        8.9891799075575847     
 -0.25472334239884187      -0.29669229696555721      -0.38638433051533283      -0.58805726256193624      -0.62198830468483701        2.4908106323034636        8.7734096249519631     
 -0.18966627255509211      -0.22931173014037345      -0.31563506327324892      -0.51514917847487007      -0.56872504573411986        2.4519379154481395        8.5611835284448201     
 -0.13786090696323766      -0.17373066528934605      -0.25397532757064351      -0.44716837648674973      -0.51633320021115603        2.4135249046241896        8.3522695590219875     
  -9.7669289542875209E-002 -0.12885665964535126      -0.20111610650800965      -0.38426717222692919      -0.46500203969571813        2.3753779080754898        8.1464292494179578     
  -6.7144638950126276E-002  -9.3342358930602137E-002 -0.15654173132084506      -0.32655504206999036      -0.41494756711439607        2.3373085685761872        7.9435046636309092     
  -4.4442208867882027E-002  -6.5728064965415667E-002 -0.11954249413805577      -0.27409116174143883      -0.36640195997673292        2.2991629151807449        7.7435049780234637     
  -2.8204602162448925E-002  -4.4711736632669384E-002  -8.9305154647834395E-002 -0.22689935905113692      -0.31962436302648656        2.2608155758471540        7.5465981128561266     
  -1.7206155523046125E-002  -2.9285646397216862E-002  -6.5012981391423696E-002 -0.18495205744687965      -0.27489003712710808        2.2221093740355817        7.3529344978253661     
  -1.0155115180024181E-002  -1.8473870164261275E-002  -4.5934959800377470E-002 -0.14816080110835123      -0.23248041621067328        2.1828482605200654        7.1626458641235722     
  -5.8050827672451056E-003  -1.1247461374663368E-002  -3.1394905729053103E-002 -0.11638775651733035      -0.19268701400323221        2.1428179382907260        6.9759658961755457     
  -3.1812813166466249E-003  -6.6049714444657119E-003  -2.0705017888809282E-002  -8.9423051371923842E-002 -0.15580696337993671        2.1017968436172110        6.7932712277424834     
  -1.6604082603259073E-003  -3.7158335438326720E-003  -1.3150757161647967E-002  -6.6988092258136553E-002 -0.12213668647167701        2.0595372255116913        6.6149466027580210     
  -8.4595135623837393E-004  -1.9885814065030605E-003  -8.0248264795366592E-003  -4.8758763627612459E-002  -9.1960516146247590E-002   2.0157387597145657        6.4412771174579930     
  -4.5735160315225068E-004  -1.0189503861888355E-003  -4.6887509144661237E-003  -3.4371925154491050E-002  -6.5529902074487181E-002   1.9700376535210253        6.2724682920047767     
  -2.9710154424126439E-004  -5.2154658508561560E-004  -2.6136686196847740E-003  -2.3392615451308267E-002  -4.3042764335743638E-002   1.9219977761623430        6.1086732560485606     
  -2.4103222783409555E-004  -2.9419942356243256E-004  -1.3900165534501492E-003  -1.5281324491069781E-002  -2.4627674682444280E-002   1.8710964782971919        5.9499772996430664     
  -2.2445600032171167E-004  -2.0289851845231002E-004  -7.1388845685570234E-004  -9.5781303837654194E-003  -1.0326791104678022E-002   1.8167187747573423        5.7963905433697196     
  -2.2013315496483677E-004  -1.7011013161820902E-004  -3.6755840568078495E-004  -5.7594484036026039E-003  -4.3359822280743945E-005   1.7581387833267466        5.6478018469200792     
  -2.1893793702967409E-004  -1.5862016110747157E-004  -2.0225581720998537E-004  -3.3308154065962536E-003   6.5196336085514258E-003   1.6945235649851664        5.5039912275168703     
  -2.1844971293328522E-004  -1.5382432842326734E-004  -1.2555381299834365E-004  -1.8617431976891141E-003   9.9096141058450521E-003   1.6249463261463226        5.3646455582532440     
  -2.1815952890415064E-004  -1.5115120885408393E-004  -8.7640346394850569E-005  -1.0109705946341988E-003   1.0776313160205091E-002   1.5484123832733463        5.2293827323933373     
  -2.1797010345136374E-004  -1.4939951472948639E-004  -6.5993519510539381E-005  -5.3049627546868843E-004   9.7588511316128376E-003   1.4638995124178675        5.0977426293548493     
  -2.1785008007111685E-004  -1.4823050647237590E-004  -5.2028921431903879E-005  -2.5737219380850030E-004   7.5173544912667881E-003   1.3703792754353177        4.9691147750041269     
  -2.1777842676056405E-004  -1.4747989469895756E-004  -4.2684687734276890E-005  -9.5085501538721539E-005   5.1964107334666210E-003   1.2669114984704204        4.8426934547542979     
  -2.1773891495943009E-004  -1.4702623531942112E-004  -3.6579583171706600E-005   7.0651975611392841E-006   3.2525176230495472E-003   1.1526791990864447        4.7172949546798186     
  -2.1771925436600347E-004  -1.4677313929152867E-004  -3.2797392229229643E-005   7.3240466460258640E-005   1.9019614538588600E-003   1.0270088700289013        4.5911512447619751     
  -2.1771064932779737E-004  -1.4664599200929089E-004  -3.0615015567943870E-005   1.1538015701647940E-004   1.1402420855718975E-003  0.88951826306639481        4.4616992020201156     
  -2.1770738784914764E-004  -1.4659045325107094E-004  -2.9469252683678806E-005   1.4075103374263146E-004   7.9551837796787146E-004  0.74119837519098442        4.3252803181876782     
  -2.1770621974219660E-004  -1.4657015951756637E-004  -2.8937164045411963E-005   1.5486785366801493E-004   6.6935002246321616E-004  0.58637303095663174        4.1769031968713710     
  -2.1770559997312319E-004  -1.4656414547262458E-004  -2.8727636866939547E-005   1.6198334896312230E-004   6.1778482601557042E-004  0.43320688378149114        4.0097719874844442     
  -2.1770490358876795E-004  -1.4656249236301268E-004  -2.8661563857128993E-005   1.6515128291930717E-004   5.7899571239990297E-004  0.29320851369360340        3.8147665247490292     
  -2.1770381910370077E-004  -1.4656158929335947E-004  -2.8645875356824719E-005   1.6634817012797299E-004   5.4362696343975415E-004  0.17871854006903728        3.5795540172266738     
  -2.1770196186214269E-004  -1.4656032238443995E-004  -2.8643084834092832E-005   1.6670896814193866E-004   5.1732972803861992E-004   9.7969344431416819E-002   3.2888557277239374     
  -2.1769847511825664E-004  -1.4655797456771035E-004  -2.8642348299224272E-005   1.6678813147033876E-004   5.0205337040781252E-004   5.0170442113985400E-002   2.9244507929926566     
  -2.1769078834867718E-004  -1.4655280150602370E-004  -2.8641309187742282E-005   1.6679501675177934E-004   4.9492194960156399E-004   2.5874875434366625E-002   2.4633380390694533     
  -2.1766603885766292E-004  -1.4653614662512638E-004  -2.8638021453268547E-005   1.6677738869854430E-004   4.9204437103353709E-004   1.3766301256437857E-002   1.8761989708833702     
