  0.64610111823468941       0.66584482133328093       0.70127768912564825       0.76148366681579549       0.84218020418711015        1.0530815761976946        1.8449439959427119     
  0.66187380451728850       0.67942219750294264       0.71259154079250042       0.77291462106090647       0.86144872969144515        1.0989012416835782        2.0023277622620714     
  0.67936480860191240       0.69471002631448009       0.72536370561111141       0.78427289839399017       0.87907348301551480        1.1444342915352834        2.1698862640604530     
  0.69802883689747852       0.71125639180598021       0.73921978655580112       0.79592540961134239       0.89590634220153886        1.1903790742549147        2.3487608828734081     
  0.71736179885539053       0.72863937811407720       0.75388008931293171       0.80790409532868079       0.91229661402409457        1.2370376131348753        2.5398913116017181     
  0.73699266516986883       0.74651355427487087       0.76910153664131875       0.82025496902418205       0.92839491583140377        1.2845768641741773        2.7441502974004823     
  0.75665777141398416       0.76460876630641961       0.78468537016355788       0.83291105544583233       0.94427229445013650        1.3330793972556847        2.9623692300659408     
  0.77615453046711169       0.78273222251382257       0.80045905375952497       0.84577099763643537       0.95997253042137665        1.3826032115119657        3.1954151474016559     
  0.79531982745146435       0.80073852718677541       0.81627434589791936       0.85871642539933790       0.97550061854328285        1.4331611514541782        3.4441193151868457     
  0.81402552380740179       0.81847266309431033       0.83199982423981955       0.87163886638476196       0.99084849039226131        1.4847526481885798        3.7093320763931397     
  0.83217265470032986       0.83581050131862766       0.84752741275051313       0.88444512972830547        1.0060091483993914        1.5373834592188729        3.9919582544954397     
  0.84968421865783850       0.85264653186709216       0.86273995650857527       0.89703306763279844        1.0209608143969515        1.5910356018311629        4.2929008177863484     
  0.86650339806430299       0.86889136375868314       0.87755213055429504       0.90933825591474371        1.0357093148320264        1.6457359481653935        4.6132194717579278     
  0.88258507068357062       0.88445121393480319       0.89187968349310409       0.92132533063521382        1.0502323219763590        1.7014686602086280        4.9539052297311601     
  0.89789494571582662       0.89933551921526145       0.90565692904363015       0.93295667638057478        1.0645215858743811        1.7582408078333325        5.3160549842051532     
  0.91240529865411013       0.91350392581234185       0.91883027579656218       0.94418728368250859        1.0785680287897725        1.8160609274200783        5.7007817395713056     
  0.92609212508276761       0.92690695730093042       0.93135037451922964       0.95495658259020400        1.0923506693547989        1.8749142181467726        6.1092276569667670     
  0.93893168722332876       0.93949583398555225       0.94317399358762899       0.96520437293579586        1.1058494030452719        1.9347875287382019        6.5425466227556592     
  0.95090960036302608       0.95123374832078089       0.95426335326140543       0.97487205511902131        1.1190442570154415        1.9956659942065473        7.0019185112199525     
  0.96199683369964317       0.96212291472672162       0.96457974091264453       0.98392748816503806        1.1319038248376154        2.0575119028532640        7.4884696949706804     
  0.97219780892736174       0.97215227961437289       0.97409394758536172       0.99235284364817222        1.1444150100151445        2.1203177819668819        8.0034013050164692     
  0.98148755512812158       0.98129598978603816       0.98277632842578244        1.0001181617154200        1.1565504692160113        2.1840488368040480        8.5479321812636808     
  0.98985103234315452       0.98952022504277293       0.99059987857600185        1.0071919428321334        1.1682849258956274        2.2486717496273423        9.1232597384173975     
  0.99727555413332114       0.99680957273931392       0.99754296309602719        1.0135496538000444        1.1796051839510446        2.3141746205192235        9.7306830266102544     
   1.0037488559007135        1.0031573540990599        1.0035664728157565        1.0191721074607660        1.1905052399704268        2.3805584257997880        10.371579930178365     
   1.0092359391355714        1.0085544434693303        1.0086750830109561        1.0240384376103682        1.2009828472918023        2.4478442016698252        11.047172121052709     
   1.0137465840428879        1.0129821411922411        1.0128604077544028        1.0281186911764888        1.2109879178842278        2.5159335140338563        11.758686848485354     
   1.0172946719624085        1.0164165355063255        1.0160787127844604        1.0313895301696776        1.2204881551827571        2.5847703379385636        12.507271698207624     
   1.0198492490430699        1.0188390689580813        1.0183042318562459        1.0338353220036967        1.2294641740751631        2.6543229986589258        13.294180838387552     
   1.0213941162086477        1.0202375877642962        1.0195182279530361        1.0354481815282399        1.2379084302087013        2.7245885589883416        14.120813454434643     
   1.0218824967920572        1.0205732013436344        1.0196738029426429        1.0361814933201094        1.2457659457328407        2.7954624152313112        14.988038092249914     
   1.0213053646345029        1.0198006431468591        1.0187298257355795        1.0359982414138751        1.2529983339145918        2.8668766802934771        15.896864768493421     
   1.0196502086639405        1.0178488806759525        1.0166246844116988        1.0348362027142770        1.2595365149266553        2.9386953875823894        16.847861956081108     
   1.0168030477121557        1.0146160279678407        1.0133012383621933        1.0326333231647022        1.2653181286821229        3.0108033258796945        17.841640021564540     
   1.0125846462617045        1.0099686774139718        1.0086918706616992        1.0293046281442289        1.2702597136609113        3.0830428077960188        18.878451929728985     
   1.0067462895556019        1.0037250581409338        1.0027110308106586        1.0247485099219020        1.2742673183482176        3.1552424747476904        19.958332025418397     
  0.99891318071699686       0.99567295736503869       0.99516324266299916        1.0188286807931510        1.2772193245716332        3.2271806018239184        21.080833231497653     
  0.98870462665376257       0.98562643124990679       0.98569129572687930        1.0113825984729483        1.2789770625908388        3.2986128044695717        22.245103921186502     
  0.97585298484440663       0.97350147164723244       0.97372067766531389        1.0022161431669296        1.2793774547836321        3.3692744859779959        23.450006373029922     
  0.96038742915914210       0.95906016497531099       0.95845090249296627       0.99111477680613114        1.2782599230386549        3.4389529628321105        24.694498136859757     
  0.94199732583359697       0.93952947893574235       0.93952717445539802       0.97775934326622294        1.2754104096669066        3.5073559982593228        25.976742412203503     
  0.91438978453689912       0.91216897234234506       0.91677544599237404       0.96174560823588651        1.2705676321087904        3.5741253395653114        27.294088397949995     
  0.87736922257524874       0.87920215744219921       0.88995647446267745       0.94264089777476257        1.2634670571202342        3.6389091204634223        28.643342514394643     
  0.83443450740239777       0.84087867220929879       0.85821370393690555       0.92002075743367573        1.2537469112692001        3.7009823160801800        30.018028463210580     
  0.79692872361788647       0.80805030857079008       0.83260758524101608       0.90203349313802672        1.2424634046349048        3.7596986338994567        31.410683711064895     
  0.74944581564452439       0.76464653653232362       0.79529539212787193       0.87424939352285835        1.2280830880498330        3.8138966866628259        32.812613723086642     
  0.70637324138276958       0.72445794924968887       0.76011229916724410       0.84673917337927207        1.2123399037933651        3.8628745431437332        34.213807750462244     
  0.66964179083906916       0.68867254050250648       0.72713914620335152       0.81972230816250391        1.1952692292735356        3.9062041968873586        35.607061830685225     
  0.64285258764756414       0.65931514302449712       0.69693594769873823       0.79344130511454281        1.1770071282256060        3.9438612521655423        36.988670010819590     
  0.62241881854649228       0.63702530302839211       0.67049114461893700       0.76813858438509675        1.1577729906374565        3.9761252919055199        38.357611051719658     
  0.60607697582661502       0.61925519351327796       0.64899611721178041       0.74400263844143855        1.1377073690202286        4.0030411800282968        39.710667504593872     
  0.59461462404763721       0.60500126025425183       0.63163671035581037       0.72108219470426216        1.1166808419435719        4.0237073664211414        41.034877361189452     
  0.58827936767714217       0.59479988153256425       0.61711284363588426       0.69945947447280266        1.0945399649575749        4.0371293019115484        42.313535608964209     
  0.58478425995796057       0.58862867560358967       0.60521290006428508       0.67934172561307449        1.0712455006776616        4.0425205749797595        43.534005178067929     
  0.58262397731312932       0.58508280556149328       0.59621604486605095       0.66093113824845173        1.0468041128922112        4.0393052974508894        44.683324654110308     
  0.58141926325073645       0.58290426158748621       0.59009824969533031       0.64446002065524788        1.0211522251257341        4.0265250714975842        45.743089100703244     
  0.58088793347112844       0.58162833941960679       0.58617872857674347       0.62999743309814837       0.99415140326193707        4.0028581866297177        46.689221957973906     
  0.58071427364488482       0.58099874860817691       0.58370307040837799       0.61755815676932080       0.96565879748817129        3.9668336072199191        47.493859609187638     
  0.58066958867461138       0.58075710570159289       0.58218955739406986       0.60713362816644045       0.93557833836265580        3.9170197424126054        48.127351803814918     
  0.58065929207901334       0.58068483665174964       0.58134315506086554       0.59869731707595586       0.90383753185525229        3.8519830344072923        48.557904355168390     
  0.58065744672585329       0.58066680584024410       0.58093597566262867       0.59223071820840423       0.87049011839288226        3.7704850142920630        48.753499460500073     
  0.58065717109015424       0.58066277311513637       0.58077261055089158       0.58768674935268905       0.83566944590399339        3.6714326443699759        48.681966976833635     
  0.58065706699064912       0.58066150531743033       0.58071589008562474       0.58472018694925854       0.79968473885996882        3.5541634648921505        48.314846801479518     
  0.58065699423244221       0.58066071591926260       0.58069554244411048       0.58290925482086042       0.76308950928218233        3.4185691134297276        47.629755351052857     
  0.58065694304491711       0.58066012369630771       0.58068546221031803       0.58189022208585284       0.72680609113830352        3.2650950200058109        46.611560579273082     
  0.58065690874135545       0.58065968840078885       0.58067854051808543       0.58136135166743597       0.69225045549204545        3.0946745929551844        45.251649553018410     
  0.58065688696457318       0.58065938357916114       0.58067330403459649       0.58109501516624118       0.66098331390796594        2.9085279109741746        43.546463698208768     
  0.58065687395769983       0.58065918243950632       0.58066939479387769       0.58095017303117624       0.63483697300633390        2.7084391236033527        41.502138414159759     
  0.58065686669524408       0.58065905881788848       0.58066659660513165       0.58085794030091376       0.61457633869010608        2.4966615163635999        39.134115223261780     
  0.58065686294830388       0.58065898867305799       0.58066471243976203       0.58079262823729483       0.60050794339849534        2.2761208199940342        36.471626760887737     
  0.58065686118402771       0.58065895237781140       0.58066354247925878       0.58074579862975362       0.59184871409369022        2.0504522650978032        33.559110725048711     
  0.58065686043978160       0.58065893545221514       0.58066288661647825       0.58071342202960052       0.58699190595742556        1.8236578205818181        30.452403004823683     
  0.58065686016437434       0.58065892844772493       0.58066256110110526       0.58069231903853602       0.58436809580318139        1.6002178037547077        27.220732752961556     
  0.58065686007653006       0.58065892594143265       0.58066242025215631       0.58067963194863970       0.58286758697105601        1.3847463090185252        23.940042606485942     
  0.58065686005310135       0.58065892518047502       0.58066236827027529       0.58067281743828569       0.58193063215973517        1.1822053425793604        20.691925242181274     
  0.58065686004813966       0.58065892498906335       0.58066235237324704       0.58066967379681478       0.58133754520579184       0.99838683920055760        17.556054714149806     
  0.58065686004736117       0.58065892495144922       0.58066234844335463       0.58066848101235513       0.58098947161997128       0.84215271573793804        14.618389447408472     
  0.58065686004727646       0.58065892494608895       0.58066234767733649       0.58066812016292768       0.58080731064909796       0.72412368790403137        11.949440677674563     
  0.58065686004726957       0.58065892494556992       0.58066234756645241       0.58066803640590836       0.58072347995632567       0.64962085728020924        9.5939463455561516     
  0.58065686004726969       0.58065892494553850       0.58066234755565438       0.58066802235167581       0.58069059694700675       0.61144067085114118        7.5864140799453477     
  0.58074988330467836       0.58075194820285803       0.58075537081267903       0.58076104397947148       0.58077327185004668       0.59440193004953790        5.9378313405261780     
