  0.99159392516839662       0.98367926732747224       0.96039956452575770       0.92498890932496702       0.87546731037806969       0.98813178751003139       0.99999999999999978     
  0.99335979708629629       0.98630760595264411       0.96569721216965532       0.93039953502791772       0.87711233235789721       0.98781679775417275       0.99999999999999556     
  0.99483402432931345       0.98868074749383916       0.97016674813639625       0.93530030036000145       0.87844429630985332       0.98750041566410907        1.0000000000000004     
  0.99593489229456844       0.99055484672835592       0.97638335826645739       0.93972707375274367       0.87929161507600118       0.98718302245226752       0.99999999999999856     
  0.99678853891903541       0.99209306109402251       0.97960461429724299       0.94370825814460380       0.87993260151614894       0.98686525551674720       0.99999999999999600     
  0.99754715400861138       0.99356370654049875       0.98202334684606396       0.94730692573087139       0.87998603856014901       0.98654798545868294       0.99999999999999856     
  0.99804020256168502       0.99458650616781830       0.98411187068879102       0.95041292263140698       0.87915881315557598       0.98623245834324935       0.99999999999999789     
  0.99842060794404253       0.99542582609920272       0.98590918180371123       0.95282613421068885       0.87740946814569920       0.98591894028479865        1.0000000000000011     
  0.99871577484077600       0.99603065007298319       0.98747157740821268       0.95452556144260237       0.87509760306329532       0.98560818948719864       0.99999999999999778     
  0.99894622969225588       0.99661096144482963       0.98807738432652048       0.95426174271259723       0.87147827988376692       0.98530058234496198        1.0000000000000000     
  0.99912539688455293       0.99709430321242809       0.98936316568548233       0.95486318398662839       0.86661444323114278       0.98500271347210488       0.99999999999999756     
  0.99926648362833148       0.99749650894291397       0.99046039547118503       0.95360219772466237       0.86002883853241507       0.98472793616673537       0.99999999999999845     
  0.99936908194959617       0.99783204033798778       0.99065584129889728       0.95286523653399480       0.85130180227553709       0.98453998236810258       0.99999999999999845     
  0.99944610958059210       0.99805765682594927       0.99092064594123841       0.95062877556365599       0.84032139178113607       0.98576463030085393       0.99999999999999900     
  0.99952445090928821       0.99827387327010186       0.99057119146838046       0.94851982289491132       0.82728001158072340       0.98596742709662111        1.0000000000000002     
  0.99958040686149296       0.99840102272147568       0.99017812727505594       0.94603432046201086       0.81264139968690063       0.98570263170164074       0.99999999999999867     
  0.99962528282124774       0.99845324472176300       0.98965208364759383       0.94444578876474694       0.79651002829795670       0.98544268012325631        1.0000000000000000     
  0.99967297738116279       0.99857492219684973       0.98624059543832621       0.94254908160778572       0.78023642555024197       0.98518760778938796        1.0000000000000004     
  0.99968882613328192       0.99863028601484660       0.98531738918565503       0.93827048098761867       0.76370109098955286       0.98493853467731773        1.0000000000000004     
  0.99971715926803939       0.99785545700777578       0.98333268317823208       0.93537952419869008       0.74779574111781510       0.98469373360117085        1.0000000000000009     
  0.99973670698394301       0.99714742980797122       0.98224503275206898       0.93131710869397766       0.73162682321557515       0.98445438565800558       0.99999999999999989     
  0.99973083332827406       0.99579733778771584       0.97869131702781409       0.92738070316498866       0.71653150388600251       0.98422933287084668       0.99999999999999767     
  0.99968783010725204       0.99490668413853289       0.97623510217458875       0.92102543811446991       0.70134896797765822       0.98400340331974578        1.0000000000000002     
  0.99874377201883613       0.99105983692822741       0.97408570962686292       0.90434291341746686       0.70532508793102966       0.98382539685097559       0.99999999999999989     
  0.99777537285704798       0.98995496579763265       0.97127672515379060       0.89777246441886849       0.69029572701939157       0.98532030165371987       0.99999999999999922     
  0.99638286608193372       0.98813185577577878       0.96752369092785040       0.88966201010539869       0.67619590043006339       0.98564687777204008        1.0000000000000009     
  0.99344952085782423       0.98269355134668124       0.96547963570633621       0.88248346992371052       0.66291748238843984       0.98548576339950844       0.99999999999999911     
  0.99250888587423058       0.98151721806784387       0.96315090506311607       0.87361172089223360       0.64517507822790066       0.98534034075831944        1.0000000000000020     
  0.98891439841621231       0.97935859841222961       0.95764022810430161       0.85028743397474849       0.63341608744736588       0.98521446593536732        1.0000000000000013     
  0.98456542591764273       0.97611110883770480       0.95490804576444588       0.84247508589407072       0.62216976427396198       0.98510772376122024       0.99999999999999944     
  0.98356775408924346       0.97174597722287326       0.95305784751524625       0.82644541760581869       0.61260092057434401       0.98502387827587146       0.99999999999999922     
  0.97721988632132928       0.96841150527620168       0.94684605371190000       0.80043904414888412       0.60453798985746243       0.98497414058356658        1.0000000000000004     
  0.97582427721217857       0.96500339769535448       0.94110920988287872       0.78452009392156374       0.58904905330807655       0.98498832252202584       0.99999999999999600     
  0.97120165940931091       0.95923424743720376       0.93770282237692526       0.77875894597941986       0.58247152739875474       0.98639854296599483        1.0000000000000009     
  0.96587322067940218       0.95590445178101890       0.92831067551497692       0.75553079643745280       0.54837829810354788       0.98726836348146674       0.99999999999999778     
  0.96274313925145460       0.95275939982602509       0.90532616036288716       0.74885407718444252       0.54102113543234376       0.98735315475678997        1.0000000000000009     
  0.95580061272435957       0.94318200312593270       0.88028032654876565       0.73934276815293021       0.53627338669564351       0.98747241923835893       0.99999999999999867     
  0.95109271625721481       0.93787953155026471       0.86512188948609003       0.70515892965016014       0.51662044892368053       0.98762837537781156       0.99999999999999878     
  0.94169447392756789       0.91367367288826606       0.81923048254140740       0.67828886001568101       0.46166768526795121       0.98782281787496495        1.0000000000000004     
  0.93335309649922138       0.89260857233357771       0.79659450206244387       0.66485797655695689       0.44199957670226808       0.98805860166708182        1.0000000000000009     
  0.88103644901363021       0.82456143803957482       0.74739471844704952       0.64139639906017398       0.42736820679322673       0.98833466820622851        1.0000000000000002     
  0.79387064321420941       0.75849359011057871       0.71083643735199131       0.59524024150914145       0.34181315760411413       0.98869975164790092        1.0000000000000027     
  0.73842746931622283       0.71171486259190586       0.67627528766932243       0.50544134134965912       0.32671011386508325       0.99099266356179572        1.0000000000000004     
  0.68140979077787867       0.65412856780228845       0.57041522618197593       0.37584208936685093       0.24803626543084070       0.99135897331368461       0.99999999999999700     
   0.0000000000000000        0.0000000000000000        0.0000000000000000       0.13983234866291022       0.15727016105919031       0.99176136424210903        1.0000000000000016     
   0.0000000000000000        0.0000000000000000        0.0000000000000000       0.14274565250803189       0.16610031570249667       0.99214427331300947       0.99999999999999989     
   0.0000000000000000        0.0000000000000000        0.0000000000000000       0.13718889677705037       0.17668414180384798       0.99255826331818497       0.99999999999999878     
   0.0000000000000000        0.0000000000000000        0.0000000000000000       0.14733480573299979       0.18937508744729759       0.99300092090409664        1.0000000000000002     
   0.0000000000000000        0.0000000000000000        0.0000000000000000       0.16490945214536445       0.20457553358442471       0.99346862346537734        1.0000000000000016     
   0.0000000000000000        0.0000000000000000        0.0000000000000000       0.18179973228407448       0.22272737815163920       0.99395721173502949        1.0000000000000018     
   0.0000000000000000        0.0000000000000000        0.0000000000000000       0.20019028075310114       0.24431390550287180       0.99566252901269003        1.0000000000000000     
   0.0000000000000000        0.0000000000000000        0.0000000000000000       0.22365761083943497       0.26982370610411277       0.99608405467179617       0.99999999999999922     
   0.0000000000000000        0.0000000000000000        0.0000000000000000       0.25643121436443461       0.29969992106945992       0.99650462909329895       0.99999999999999778     
   0.0000000000000000        0.0000000000000000        0.0000000000000000       0.30297184563053353       0.33428975740947264       0.99691834607888818        1.0000000000000018     
   0.0000000000000000        0.0000000000000000        0.0000000000000000       0.36479695138689888       0.37380877618083003       0.99731911372502802       0.99999999999999833     
   0.0000000000000000        0.0000000000000000        0.0000000000000000       0.43769873334409420       0.41830857745487909       0.99770096261123109       0.99999999999999833     
   0.0000000000000000        0.0000000000000000        0.0000000000000000       0.51342034323432595       0.46760802632112336       0.99805826396147679       0.99999999999999978     
   0.0000000000000000        0.0000000000000000        0.0000000000000000       0.58633459253707820       0.52124186173882558       0.99874047128209054       0.99999999999999678     
   0.0000000000000000        0.0000000000000000        0.0000000000000000       0.65652334738473395       0.57842016407963504       0.99896758927064222       0.99999999999999889     
   0.0000000000000000        0.0000000000000000        0.0000000000000000       0.72310624805003010       0.63799841205687413       0.99916968218373481       0.99999999999999756     
   0.0000000000000000        0.0000000000000000        0.0000000000000000       0.78646936459589045       0.69844938838719861       0.99934800580873884        1.0000000000000022     
   0.0000000000000000        0.0000000000000000        0.0000000000000000       0.84477587470719340       0.75786950606741721       0.99950783775012009       0.99999999999999900     
   0.0000000000000000        0.0000000000000000        0.0000000000000000       0.89495831122880520       0.81403035607723540       0.99964762666891371        1.0000000000000009     
   0.0000000000000000        0.0000000000000000        0.0000000000000000       0.93390160553631651       0.86455775372582966       0.99976560931152936       0.99999999999999711     
   0.0000000000000000        0.0000000000000000        0.0000000000000000       0.96165507206223255       0.90718453369233143       0.99986141055218070        1.0000000000000016     
   0.0000000000000000        0.0000000000000000        0.0000000000000000       0.97967740220307697       0.94065213927399560       0.99995469340807475       0.99999999999999845     
   0.0000000000000000        0.0000000000000000        0.0000000000000000       0.99012644788013171       0.96445906709884932       0.99998592114893903        1.0000000000000016     
   0.0000000000000000        0.0000000000000000        0.0000000000000000       0.99550154691604797       0.97963246509680535       0.99999663877206968        1.0000000000000000     
   0.0000000000000000        0.0000000000000000        0.0000000000000000       0.99796550805824336       0.98834267996888470       0.99999954169804917       0.99999999999999989     
   0.0000000000000000        0.0000000000000000        0.0000000000000000       0.99894767777530169       0.99299505289165801       0.99999997443625166        1.0000000000000000     
   0.0000000000000000        0.0000000000000000        0.0000000000000000       0.99937160139521719       0.99555263099369140       0.99999999932887240       0.99999999999999944     
   0.0000000000000000        0.0000000000000000        0.0000000000000000       0.99960995030666322       0.99718118938034184       0.99999999999257450        1.0000000000000036     
   0.0000000000000000        0.0000000000000000        0.0000000000000000       0.99976868005476349       0.99833999549480479       0.99999999999997602        1.0000000000000024     
   0.0000000000000000        0.0000000000000000        0.0000000000000000       0.99987354060096467       0.99913161006157936        1.0000000000000007       0.99999999999999956     
   0.0000000000000000        0.0000000000000000        0.0000000000000000       0.99993835799129882       0.99960170829827821       0.99999999999999745       0.99999999999999833     
   0.0000000000000000        0.0000000000000000        0.0000000000000000       0.99997398926112024       0.99983991777508574        1.0000000000000004       0.99999999999999922     
   0.0000000000000000        0.0000000000000000        0.0000000000000000       0.99999097205500453       0.99994586896185644       0.99999999999999933       0.99999999999999989     
   0.0000000000000000        0.0000000000000000        0.0000000000000000       0.99999766079791330       0.99998657935183599       0.99999999999999978        1.0000000000000004     
   0.0000000000000000        0.0000000000000000        0.0000000000000000       0.99999961360112954       0.99999816592403823       0.99999999999999989       0.99999999999999867     
   0.0000000000000000        0.0000000000000000        0.0000000000000000       0.99999995997730784       0.99999966514816807        1.0000000000000004       0.99999999999999745     
   0.0000000000000000        0.0000000000000000        0.0000000000000000       0.99999999749477386       0.99999999964759567       0.99999999999999978        1.0000000000000002     
