                       NaN                       NaN                       NaN                       NaN                       NaN                       NaN                       NaN
                       NaN                       NaN                       NaN                       NaN                       NaN                       NaN                       NaN
                       NaN                       NaN                       NaN                       NaN                       NaN                       NaN                       NaN
                       NaN                       NaN                       NaN                       NaN                       NaN                       NaN                       NaN
                       NaN                       NaN                       NaN                       NaN                       NaN                       NaN                       NaN
                       NaN                       NaN                       NaN                       NaN                       NaN                       NaN                       NaN
                       NaN                       NaN                       NaN                       NaN                       NaN                       NaN                       NaN
                       NaN                       NaN                       NaN                       NaN                       NaN                       NaN                       NaN
                       NaN                       NaN                       NaN                       NaN                       NaN                       NaN                       NaN
                       NaN                       NaN                       NaN                       NaN                       NaN                       NaN                       NaN
                       NaN                       NaN                       NaN                       NaN                       NaN                       NaN                       NaN
                       NaN                       NaN                       NaN                       NaN                       NaN                       NaN                       NaN
                       NaN                       NaN                       NaN                       NaN                       NaN                       NaN                       NaN
                       NaN                       NaN                       NaN                       NaN                       NaN                       NaN                       NaN
                       NaN                       NaN                       NaN                       NaN                       NaN                       NaN                       NaN
                       NaN                       NaN                       NaN                       NaN                       NaN                       NaN                       NaN
                       NaN                       NaN                       NaN                       NaN                       NaN                       NaN                       NaN
                       NaN                       NaN                       NaN                       NaN                       NaN                       NaN                       NaN
                       NaN                       NaN                       NaN                       NaN                       NaN                       NaN                       NaN
                       NaN                       NaN                       NaN                       NaN                       NaN                       NaN                       NaN
                       NaN                       NaN                       NaN                       NaN                       NaN                       NaN                       NaN
                       NaN                       NaN                       NaN                       NaN                       NaN                       NaN                       NaN
                       NaN                       NaN                       NaN                       NaN                       NaN                       NaN                       NaN
                       NaN                       NaN                       NaN                       NaN                       NaN                       NaN                       NaN
                       NaN                       NaN                       NaN                       NaN                       NaN                       NaN                       NaN
                       NaN                       NaN                       NaN                       NaN                       NaN                       NaN                       NaN
                       NaN                       NaN                       NaN                       NaN                       NaN                       NaN                       NaN
                       NaN                       NaN                       NaN                       NaN                       NaN                       NaN                       NaN
                       NaN                       NaN                       NaN                       NaN                       NaN                       NaN                       NaN
                       NaN                       NaN                       NaN                       NaN                       NaN                       NaN                       NaN
                       NaN                       NaN                       NaN                       NaN                       NaN                       NaN                       NaN
                       NaN                       NaN                       NaN                       NaN                       NaN                       NaN                       NaN
                       NaN                       NaN                       NaN                       NaN                       NaN                       NaN                       NaN
                       NaN                       NaN                       NaN                       NaN                       NaN                       NaN                       NaN
                       NaN                       NaN                       NaN                       NaN                       NaN                       NaN                       NaN
                       NaN                       NaN                       NaN                       NaN                       NaN                       NaN                       NaN
                       NaN                       NaN                       NaN                       NaN                       NaN                       NaN                       NaN
                       NaN                       NaN                       NaN                       NaN                       NaN                       NaN                       NaN
                       NaN                       NaN                       NaN                       NaN                       NaN                       NaN                       NaN
                       NaN                       NaN                       NaN                       NaN                       NaN                       NaN                       NaN
                       NaN                       NaN                       NaN                       NaN                       NaN                       NaN                       NaN
                       NaN                       NaN                       NaN                       NaN                       NaN                       NaN                       NaN
                       NaN                       NaN                       NaN                       NaN                       NaN                       NaN                       NaN
   322577716.64190274        136303075.15103513        9852437.0081578232        3281445.5473741307        444168.61286181974        88.383753392093098        10.597570116237367     
 -0.59979406005359615      -0.63192533309585741      -0.70385414421425518      -0.86601381112729781      -0.98593045212642771        2.3022567851884368        10.459080611150274     
 -0.52652685920712705      -0.55840393206804673      -0.63016181475665967      -0.79424537087106317      -0.93445004427029188        2.2794037262401807        10.338417016089403     
 -0.45946257545631086      -0.49070203713918137      -0.56142235198225765      -0.72555511838853992      -0.88325111335845896        2.2554139046066606        10.214144697595099     
 -0.39834406598261018      -0.42861347692623875      -0.49754897011636712      -0.66001249759740477      -0.83230847663434704        2.2303280610925214        10.086121565052011     
 -0.34289531980117577      -0.37190552342643013      -0.43841625110499660      -0.59766669190522992      -0.78169393688648625        2.2041427051565936        9.9542042231414545     
 -0.29286708122773175      -0.32035479278655438      -0.38387825887400817      -0.53855036549803115      -0.73151070055846190        2.1768366758343456        9.8182849446774370     
 -0.24801421127247905      -0.27376097252926029      -0.33380088311637857      -0.48268177880358165      -0.68187150071465596        2.1483818876953786        9.6783813038321789     
 -0.20807293649023334      -0.23190483643358650      -0.28805240363776885      -0.43007463580673899      -0.63289883307982486        2.1187533532828513        9.5345732518311710     
 -0.17279451031369633      -0.19457352680108256      -0.24649883821302870      -0.38074477207507901      -0.58476241632343551        2.0878697383027922        9.3869058936078247     
 -0.14193160295463128      -0.16155912780218204      -0.20900407376966984      -0.33470042997382699      -0.53761752607196045        2.0556460148237798        9.2354636011563134     
 -0.11521876310717058      -0.13264301427561301      -0.17542833755797693      -0.29194262519243902      -0.49162099564025780        2.0219967036554500        9.0803240536427783     
 -9.23640195103445777E-002 -0.10758433912899097      -0.14562042564904062      -0.25246368416585030      -0.44692986463541090        1.9868456898875355        8.9216624460693108     
 -7.30578445517770514E-002 -8.61257691334181702E-002 -0.11942140918415620      -0.21625476659676607      -0.40370888076077494        1.9501338798405254        8.7597518215445689     
 -5.69654190432625496E-002 -6.79843513393293269E-002 -9.66527557387189817E-002 -0.18330418035563426      -0.36213530441643049        1.9117670200780896        8.5947433034283414     
 -4.37352510268283617E-002 -5.28561796178143514E-002 -7.71113875150940820E-002 -0.15358422312123318      -0.32238137221343133        1.8716470696026688        8.4268447910875253     
 -3.30119419371198708E-002 -4.04212638842487287E-002 -6.05695436996991632E-002 -0.12705177363311765      -0.28461079444049503        1.8296580594747307        8.2562120711469991     
 -2.44482737789880611E-002 -3.03524090717125009E-002 -4.67730761848549059E-002 -0.10363688306348710      -0.24897722545789044        1.7856664665108615        8.0829640409546482     
 -1.77211943079306281E-002 -2.23331068939822720E-002 -3.54534359301370700E-002 -8.32471372292560852E-002 -0.21561661613913491        1.7395211232771550        7.9072285457670475     
 -1.25331990193053629E-002 -1.60587733467528922E-002 -2.63278811608140817E-002 -6.57614572623753946E-002 -0.18467219006499835        1.6910276160555360        7.7289015267257541     
 -8.61757052951109270E-003 -1.12476834444322424E-002 -1.91107858522581893E-002 -5.10167814864500857E-002 -0.15625037459597202        1.6399712961443498        7.5478332846950718     
 -5.73912186493152638E-003 -7.64536255790823280E-003 -1.35216553459356868E-002 -3.88141858107414472E-002 -0.13043741265462697        1.5861142752590507        7.3637109671474263     
 -3.69061094618967651E-003 -5.02418645614755022E-003 -9.29372873223514168E-003 -2.89182827392896226E-002 -0.10730136534662615        1.5292028637404211        7.1760079265357657     
 -2.29113762917562171E-003 -3.18381942445746793E-003 -6.18367461861828172E-003 -2.10693580393918195E-002 -8.68533524984319016E-002   1.4689717629500327        6.9841210668220901     
 -1.38115796660990111E-003 -1.94715313637395019E-003 -3.97097364983031199E-003 -1.49957149169724045E-002 -6.90961421237510504E-002   1.4051509133879529        6.7870263183141866     
 -8.23173181858538280E-004 -1.15912275562326281E-003 -2.45884335213227001E-003 -1.04191601332701573E-002 -5.39860974617416764E-002   1.3374768221843421        6.5834830639861108     
 -5.04024420131396304E-004 -6.87701645050617610E-004 -1.47449822723842868E-003 -7.06998265681748738E-003 -4.14125083354816015E-002   1.2657052381010379        6.3718201734286541     
 -3.35576241648042749E-004 -4.25890930730690547E-004 -8.68889338777338940E-004 -4.69633060814567561E-003 -3.12022886127875827E-002   1.1896275515798904        6.1497969330598057     
 -2.54320995378839456E-004 -2.92371738990992785E-004 -5.19227423668981551E-004 -3.06941676357993902E-003 -2.31181773577336033E-002   1.1091200045315972        5.9145713328920140     
 -2.18754528349107723E-004 -2.30332683202909722E-004 -3.30483583278439992E-004 -1.99282186408406567E-003 -1.68873085737190516E-002   1.0241950834884337        5.6623496559123554     
 -2.04649064175447913E-004 -2.04151798837532030E-004 -2.34264882198178094E-004 -1.30087725686227427E-003 -1.22000632646012703E-002  0.93505438052111844        5.3884225852591197     
 -1.99516404564694495E-004 -1.94056600875039788E-004 -1.86620250373004798E-004 -8.62853113749327571E-004 -8.73910138660043308E-003  0.84213431988602561        5.0868892399568466     
 -1.97739777364182599E-004 -1.90358127395245079E-004 -1.62459413339470477E-004 -5.82852801124311769E-004 -6.20540396212969792E-003  0.74609929342933767        4.7504237377550353     
 -1.97202807740092288E-004 -1.88935737161957147E-004 -1.49093493732175875E-004 -3.96546352388428070E-004 -4.33862904422849856E-003  0.64771922696957296        4.3697265721764564     
 -1.97392214598285305E-004 -1.88286428258287874E-004 -1.40985616143622389E-004 -2.66992827586864890E-004 -2.94004872501466008E-003  0.54758636314258879        3.9330154838528188     
 -1.98628079888589243E-004 -1.87933572679454793E-004 -1.35797801658369110E-004 -1.73757260587178812E-004 -1.86483162760974017E-003  0.44576479162334542        3.4254131220651987     
 -2.02330764868609904E-004 -1.87728377979055108E-004 -1.32490742765258289E-004 -1.06398726353361904E-004 -1.02407683658314614E-003  0.34309874357567449        2.8288681123578527     
 -2.15860814312932958E-004 -1.87599223873303729E-004 -1.30444807190607256E-004 -5.86511481067838000E-005 -3.67333916068050424E-004  0.24139090231269142        2.1183048969087612     
