   8.5697612602325037     
   8.5616388513000867     
   8.5473111893724436     
   8.5257964435669535     
   8.4968448429027283     
   8.4604796658393049     
   8.4168433792119863     
   8.3661205955582201     
   8.3085397242159242     
   8.2443085854408178     
   8.1736189070489278     
   8.0966494610848656     
   8.0135527321513429     
   7.9244733548333244     
   7.8295321535771256     
   7.7288330613526153     
   7.6224619800025444     
   7.5104853985235112     
   7.3929456088078043     
   7.2698515158289432     
   7.1411907810451920     
   7.0069199854800752     
   6.8669460355271994     
   6.7211298861189288     
   6.5692750592469524     
   6.4111495223613169     
   6.2464524440567937     
   6.0747876794458584     
   5.8956608681229481     
   5.7084614709861672     
   5.5124295996484607     
   5.3066387898712426     
   5.0899379540251166     
   4.8608824892316509     
   4.6176207555070912     
   4.3577953145926873     
   4.0784394386589549     
   3.7756970599928166     
   3.4444289481667854     
   3.0776127365308072     
   2.6654417443655025     
   2.1933252663280554     
   1.6387737629419836     
  0.96621186417426896     
  8.80948768354118394E-002
  0.10671121543050845     
  0.12371164177430866     
  0.13913432647180096     
  0.15300325891118133     
  0.16534041124667004     
  0.17616696068703103     
  0.18550783737482332     
  0.19338482135743196     
  0.19982006703775057     
  0.20484022245027125     
  0.20847827023593346     
  0.21077198100751782     
  0.21176468119246775     
  0.21150734252328157     
  0.21005780490711740     
  0.20748208752757780     
  0.20385112017055010     
  0.19924056539146373     
  0.19373094893733275     
  0.18740328917518209     
  0.18033600251504786     
  0.17261188852163326     
  0.16431096935152592     
  0.15550614145984509     
  0.14626952391394571     
  0.13666664838242873     
  0.12675697709231692     
  0.11659361972127649     
  0.10622181595431075     
  9.56787684688820556E-002
  8.49912524568567085E-002
  7.41648937147642018E-002
  6.31691272357459838E-002
  5.19193016337481036E-002
  4.03691840748057404E-002
  2.85038650131999582E-002
