  0.75745355304447748       0.76403890517240303       0.77935373079420600       0.82570391557951572        1.0166325119329092        1.9772109095305426        6.6208789585692074     
  0.78870092971219852       0.79500096553100996       0.80997678361844250       0.85571938947865300        1.0471582258942691        2.0297143713282897        6.9555524400625774     
  0.82009045594222574       0.82599893127750257       0.84025144190294088       0.88514267119813872        1.0769050679750902        2.0820297932862597        7.3032575741177217     
  0.85145636176114592       0.85689682988967375       0.87030944419818412       0.91419697949183321        1.1061890856119223        2.1343972950912411        7.6645072408138111     
  0.88260026458223684       0.88753791153513850       0.90008917518719911       0.94286193104575855        1.1351700842050829        2.1869204591953952        8.0401024016251466     
  0.91336998064514952       0.91779093355739416       0.92950465186737552       0.97113510063489206        1.1638064403612902        2.2396035326933839        8.4308298181333043     
  0.94363698108137239       0.94756059025523398       0.95848708737804966       0.99899730087574268        1.1920849896557979        2.2924353761942755        8.8374051430378913     
  0.97329869356795329       0.97676221282734788       0.98695653689915019        1.0263834548118820        1.2199867374928182        2.3453860204537076        9.2606077156584945     
   1.0022599458368040        1.0053114491602617        1.0148253371261171        1.0532471021503049        1.2474887663716654        2.3983976672001068        9.7009420178815002     
   1.0304408537751055        1.0331356892611721        1.0420275252181630        1.0795338450962979        1.2746091513139959        2.4514090008581810        10.159120851887435     
   1.0577812535410189        1.0601742506086749        1.0685089367367755        1.1052090904771179        1.3012513304332884        2.5043554160775328        10.635706776914430     
   1.0842233594786410        1.0863583206905596        1.0942089805584143        1.1302325226650420        1.3273835810243082        2.5572090692871972        11.131501271289041     
   1.1097257935879450        1.1116409628543138        1.1190817297053823        1.1545563189046002        1.3529809002625861        2.6099326935616389        11.647403238523854     
   1.1342395651949095        1.1359734658178364        1.1430828827191020        1.1781457208438699        1.3780261323815159        2.6624946806518093        12.184303606919899     
   1.1577261058513038        1.1593198122102633        1.1661772816314524        1.2009698219274898        1.4024700113937405        2.7148676420945153        12.743430250575575     
   1.1801541666292674        1.1816497519666176        1.1883358834151359        1.2230014921806762        1.4262836435162118        2.7670217761873905        13.325696569594458     
   1.2014969610780342        1.2029364289442026        1.2095319991641464        1.2442145639515436        1.4494371518573459        2.8189222064886192        13.932141930534737     
   1.2217313396388099        1.2231556465868281        1.2297397917750241        1.2645762887687919        1.4718867721268127        2.8705270104565646        14.563634959351205     
   1.2408407777480843        1.2422876478528064        1.2489388390764562        1.2840645540315019        1.4936086717117103        2.9217902942020051        15.220976032660653     
   1.2588090302017174        1.2603165209848228        1.2671096332212235        1.3026533051108025        1.5145453860007221        2.9726871941937874        15.904859823608131     
   1.2756286107118071        1.2772344881777220        1.2842396099000573        1.3203209083051923        1.5346643907166695        3.0231301241846511        16.615986801845334     
   1.2912945800057949        1.2930338358425497        1.3003166740680774        1.3370443970962740        1.5539297915144656        3.0730906002932659        17.355389706769301     
   1.3058053410728909        1.3077087660033064        1.3153313489286083        1.3527991317074641        1.5723065451124332        3.1225738509100780        18.123968268078091     
   1.3191640901918849        1.3212593295469479        1.3292781222561776        1.3675682810530327        1.5897649117502115        3.1715857091662794        18.922717040422526     
   1.3313770474057636        1.3336890792392613        1.3421536477603797        1.3813492047280147        1.6062788653875475        3.2201263842842862        19.752646244902454     
   1.3424491202636462        1.3450003869729366        1.3539539465382764        1.3941237263390360        1.6218201241901391        3.2681859212867637        20.614640362893507     
   1.3523799615931307        1.3551898335435000        1.3646683808211586        1.4058670724501026        1.6363519806148952        3.3157362610520718        21.509467742494337     
   1.3611708644510374        1.3642556148222413        1.3742888816448919        1.4165585623180081        1.6498345514410189        3.3627605767738582        22.437879741157001     
   1.3688260657695339        1.3721982583913583        1.3828105845985226        1.4261905589107737        1.6622465827773170        3.4092685177523805        23.400713581237849     
   1.3753504516137796        1.3790202964650549        1.3902318960863680        1.4347534384220633        1.6735761169451082        3.4552750269276586        24.398916217347537     
   1.3807343254832476        1.3847099091139856        1.3965376148105799        1.4422203421741391        1.6837809514100273        3.5007527034892743        25.433043367376772     
   1.3849698926466354        1.3892582376033389        1.4017160131864834        1.4485691717228666        1.6928248956062948        3.5457561747557773        26.503788967719206     
   1.3880386112344616        1.3926461012742357        1.4057449260852692        1.4537667392004485        1.7006677794891374        3.5905052261898063        27.611555989053652     
   1.3899199767449213        1.3948519090487705        1.4085981284053588        1.4577712716006992        1.7072673284379882        3.6351619400343469        28.756804673963309     
   1.3905810621479429        1.3958426755234126        1.4102351388012744        1.4605354057506226        1.7125685116127527        3.6791850345106156        29.939832648698140     
   1.3899772398029262        1.3955718285609451        1.4106003956968454        1.4619965142281552        1.7165139204537534        3.7223627343118175        31.160805236623741     
   1.3880430261080459        1.3939690436219563        1.4096166275786153        1.4620696364168242        1.7190347572120614        3.7646152656141747        32.419622930011528     
   1.3846793954360324        1.3909277699811566        1.4071770550513145        1.4606409849436797        1.7200238451289658        3.8060202966128345        33.716012077262882     
   1.3797396992016027        1.3862986588764419        1.4031234368112153        1.4575597733249390        1.7193795080113523        3.8470458637386038        35.049565081760107     
   1.3730165399074654        1.3798749614614501        1.3972538064493079        1.4526365484172870        1.7169535969884979        3.8873765777017955        36.419823771182024     
   1.3641960997699971        1.3713460950223242        1.3892645987803840        1.4456055272755235        1.7125641811060737        3.9261463595304602        37.825867347550563     
   1.3528175918227916        1.3602620710893663        1.3787312286434954        1.4360985284504344        1.7059563144890677        3.9636171712911632        39.266619315855159     
   1.3381611637698312        1.3459182075832761        1.3650081880701157        1.4236163017435928        1.6967738931291307        4.0003904711391325        40.740931651126147     
   1.3189650006538083        1.3271254358356441        1.3470697456510079        1.4074111359935511        1.6846478629107391        4.0347807021143671        42.245554897462746     
  0.93317676670173511       0.94228896903473380       0.96431946226873944        1.0303499655711310        1.3382683292836088        3.9214492794176450        43.774993100335358     
  0.90954232071423435       0.91947831068774144       0.94328975943198867        1.0129765851920665        1.3291730526734167        3.9598833730937777        45.327870041420518     
  0.88732162078647503       0.89770846167973017       0.92276050184103808       0.99550813364472157        1.3192058612356812        3.9959575908687293        46.897185971246017     
  0.86652414924523358       0.87713891513573117       0.90288416781141567       0.97805280006251427        1.3084357519757512        4.0294881193871452        48.479731600562616     
  0.84697701555006832       0.85778867949167381       0.88390372255348681       0.96070015610372650        1.2969371681186928        4.0604810253638925        50.074074457379474     
  0.82869562839295008       0.83955801865936908       0.86588711589592926       0.94358151383238398        1.2848100517204391        4.0890537159740754        51.680268943044169     
  0.81193585668903945       0.82261958579871231       0.84880737002149564       0.92679455658137955        1.2721111716262758        4.1152124119182512        53.296986890472525     
  0.79648246119191091       0.80694694202602135       0.83266400932248397       0.91034305014817685        1.2587675250483767        4.1385378027173507        54.917266610476723     
  0.78210971548471853       0.79233516591031461       0.81746571571353921       0.89424298692860915        1.2446990743416333        4.1585348936982021        56.532167747267202     
  0.76878296235947863       0.77868474976222590       0.80313363643278057       0.87850002505577629        1.2298539455674022        4.1748349479912319        58.134364974619913     
  0.75655836598353476       0.76602105360440065       0.78961519969116900       0.86315289772413739        1.2142166952443512        4.1871272391776850        59.716485609254669     
  0.74546638700629830       0.75437229167360542       0.77689236228556491       0.84821214006953249        1.1977195097653202        4.1949038651230151        61.267764141198946     
  0.73554263945264298       0.74376563550077879       0.76497328787959173       0.83366881464278020        1.1802548326765854        4.1974695594347020        62.773784277019672     
  0.72683260379476000       0.73424538733143252       0.75388772935954018       0.81951735670518766        1.1617071935218795        4.1940269606945657        64.216557609585692     
  0.71933319769083637       0.72584996820886094       0.74368877211961248       0.80576131198871559        1.1419595513325111        4.1837190972032543        65.577755492899357     
  0.71299211386860728       0.71858519742881377       0.73443371607869290       0.79242675041549249        1.1209155997892930        4.1656461962780096        66.835609229925325     
  0.70772442496540688       0.71241266525609348       0.72616710979047316       0.77956533958125251        1.0984880494319131        4.1388875223846817        67.966488844471669     
  0.70342068938209257       0.70725994109373869       0.71891415151944138       0.76726157731090316        1.0746450408805268        4.1024842365833001        68.944646464880591     
  0.69995130289785668       0.70303103248452969       0.71268062703036683       0.75562822699709897        1.0494178541340242        4.0555739491937057        69.743791141293542     
  0.69719229504169811       0.69961839039784535       0.70743850630775784       0.74479721996176906        1.0228697638697910        3.9974104495451863        70.338253621419540     
  0.69504213465646292       0.69691226289087405       0.70312072105893675       0.73491093600385682       0.99522989794672934        3.9273895306735924        70.702921009104060     
  0.69341809330212534       0.69481586046199295       0.69963856072195418       0.72608915530695406       0.96682231359371862        3.8449773636688827        70.812472500911952     
  0.69224456222869601       0.69324659546103307       0.69689713534229081       0.71840562651897266       0.93790630644191619        3.7496417377557494        70.640016746736606     
  0.69144174557491034       0.69212598077254439       0.69479801529757435       0.71189634523521028       0.90882927196868124        3.6409918679269735        70.159656116499860     
  0.69092909058935981       0.69137068276195901       0.69325345996207088       0.70653444985042591       0.88007294254952340        3.5187519379924019        69.346639475646285     
  0.69062780391774181       0.69089699331352261       0.69217312068746362       0.70225302817276392       0.85212001924720948        3.3829821891435348        68.180353968991412     
  0.69046653520991519       0.69062376723305285       0.69146025468176919       0.69893895705203757       0.82548539701704571        3.2340005739108149        66.646801254560387     
  0.69038840574189331       0.69047949641668083       0.69102094276971293       0.69646532618393575       0.80075015058311572        3.0724705953466205        64.738313042652479     
  0.69035414324617794       0.69040925791414909       0.69076686699323508       0.69468857183247323       0.77847946786876809        2.8995085653543566        62.457184714884150     
  0.69034046689207107       0.69037672123318672       0.69062493044645146       0.69345901987878933       0.75913264534457658        2.7165736115920178        59.814281251660304     
  0.69033521636413486       0.69036123418987372       0.69054373686389281       0.69263056673984635       0.74298875962322142        2.5256140819100046        56.833010974848783     
  0.69033292355823661       0.69035263446695105       0.69049236317355667       0.69206988432815553       0.73006759996449799        2.3289386751085637        53.547405226391056     
  0.69033155498422638       0.69034674629387660       0.69045529170080666       0.69167476524086502       0.72013223540414661        2.1300634422160414        50.021822208200355     
  0.69033053805987865       0.69034217327198000       0.69042600468809912       0.69137714988712184       0.71273627382299176        1.9329543087139396        46.334498334013908     
  0.69032974864219754       0.69033853638792264       0.69040217899869916       0.69114005138504275       0.70729818049227589        1.7416127777517560        42.566176285253739     
  0.69032914984512272       0.69033570902569286       0.69038304548464557       0.69094713988236944       0.70329121551583440        1.5612257724904195        38.828790738798325     
  0.69042173363015691       0.69042659991540323       0.69046108109649829       0.69088389057406430       0.70036324683066498        1.3970335903057416        35.247378621259479     
