  1.16928221207983343E-004  1.08066041591351521E-003  4.16694830400243625E-003  6.52546759428888467E-003  4.16694830400242758E-003  1.08066041591351023E-003  1.16928221207982625E-004
  1.16824517308089762E-004  1.07970197578303117E-003  4.16325262826806267E-003  6.51968014254140395E-003  4.16325262826807568E-003  1.07970197578303334E-003  1.16824517308088691E-004
  1.16716665252200344E-004  1.07870519804734513E-003  4.15940912550436751E-003  6.51366119272404898E-003  4.15940912550435103E-003  1.07870519804733754E-003  1.16716665252199558E-004
  1.16604665040315092E-004  1.07767008270643239E-003  4.15541779571125622E-003  6.50741074483680154E-003  4.15541779571121199E-003  1.07767008270643217E-003  1.16604665040314509E-004
  1.16492072234716928E-004  1.07662949056477452E-003  4.15140534777107620E-003  6.50112722579676301E-003  4.15140534777104497E-003  1.07662949056476780E-003  1.16492072234716034E-004
  1.16380664616545535E-004  1.07559985202460256E-003  4.14743513612502411E-003  6.49490984906232142E-003  4.14743513612502931E-003  1.07559985202460386E-003  1.16380664616544315E-004
  1.16269849592088109E-004  1.07457569028518722E-003  4.14348604262603382E-003  6.48872554348076634E-003  4.14348604262602168E-003  1.07457569028518158E-003  1.16269849592087282E-004
  1.16159627161343837E-004  1.07355700534650963E-003  4.13955806727409666E-003  6.48257430905206222E-003  4.13955806727408365E-003  1.07355700534650421E-003  1.16159627161342577E-004
  1.16047626949458070E-004  1.07252189000559299E-003  4.13556673748099145E-003  6.47632386116480611E-003  4.13556673748096109E-003  1.07252189000559364E-003  1.16047626949457650E-004
  1.15931478581577971E-004  1.07144843705945657E-003  4.13142758065850914E-003  6.46984191520761590E-003  4.13142758065848225E-003  1.07144843705945961E-003  1.15931478581577063E-004
  1.15809996870273437E-004  1.07032569290662228E-003  4.12709836051253134E-003  6.46306232887489899E-003  4.12709836051254001E-003  1.07032569290661252E-003  1.15809996870273248E-004
  1.15680811440691648E-004  1.06913175034409075E-003  4.12249460445490972E-003  6.45585281755521774E-003  4.12249460445488457E-003  1.06913175034408230E-003  1.15680811440691702E-004
  1.15545107480259914E-004  1.06787756297334726E-003  4.11765854877964559E-003  6.44827952355429748E-003  4.11765854877962304E-003  1.06787756297334227E-003  1.15545107480259250E-004
  1.15401107207836780E-004  1.06654670039217376E-003  4.11252683904565937E-003  6.44024323341354545E-003  4.11252683904564029E-003  1.06654670039216899E-003  1.15401107207835588E-004
  1.15248810623420878E-004  1.06513916260056311E-003  4.10709947525291896E-003  6.43174394713296686E-003  4.10709947525288860E-003  1.06513916260055443E-003  1.15248810623420743E-004
  1.15088217727014037E-004  1.06365494959851118E-003  4.10137645740143216E-003  6.42278166471265712E-003  4.10137645740137752E-003  1.06365494959850511E-003  1.15088217727014173E-004
  1.14918143331190083E-004  1.06208310778453316E-003  4.09531554919708579E-003  6.41329024384681458E-003  4.09531554919705717E-003  1.06208310778453251E-003  1.14918143331188620E-004
  1.14737402248517341E-004  1.06041268355713532E-003  4.08887451434575538E-003  6.40320354222982668E-003  4.08887451434575798E-003  1.06041268355713120E-003  1.14737402248517287E-004
  1.14544809291572525E-004  1.05863272331481353E-003  4.08201111655336762E-003  6.39245541755597418E-003  4.08201111655337196E-003  1.05863272331482004E-003  1.14544809291572172E-004
  1.14337994085498922E-004  1.05672131985461246E-003  4.07464088323171610E-003  6.38091358521394522E-003  4.07464088323172043E-003  1.05672131985461246E-003  1.14337994085498326E-004
  1.14116364036583501E-004  1.05467299637577745E-003  4.06674269623373205E-003  6.36854497405078043E-003  4.06674269623373812E-003  1.05467299637577267E-003  1.14116364036583040E-004
  1.13878141363685524E-004  1.05247132247604969E-003  4.05825320111823616E-003  6.35525037060810823E-003  4.05825320111820667E-003  1.05247132247604904E-003  1.13878141363684562E-004
  1.13621548285662316E-004  1.05009986775322201E-003  4.04910904344408466E-003  6.34093056142721965E-003  4.04910904344405690E-003  1.05009986775321160E-003  1.13621548285662601E-004
  1.13345992208803542E-004  1.04755315540652457E-003  4.03928910506421313E-003  6.32555247535541033E-003  4.03928910506421834E-003  1.04755315540652587E-003  1.13345992208802580E-004
  1.13051473133105515E-004  1.04483118543597362E-003  4.02879338597864414E-003  6.30911611239266205E-003  4.02879338597865455E-003  1.04483118543597362E-003  1.13051473133104796E-004
  1.12736805871142739E-004  1.04192300424007524E-003  4.01757964989321679E-003  6.29155533023323475E-003  4.01757964989325408E-003  1.04192300424007546E-003  1.12736805871142359E-004
  1.12399027454346501E-004  1.03880122781509882E-003  4.00554230607275824E-003  6.27270477311295434E-003  4.00554230607275998E-003  1.03880122781510121E-003  1.12399027454345701E-004
  1.12035767507862326E-004  1.03544394895805996E-003  3.99259688192900222E-003  6.25243215642045172E-003  3.99259688192900048E-003  1.03544394895806039E-003  1.12035767507861892E-004
  1.11645840844262577E-004  1.03184021406748142E-003  3.97870114116781297E-003  6.23067133785002759E-003  3.97870114116781297E-003  1.03184021406747210E-003  1.11645840844261534E-004
  1.11229247463546496E-004  1.02799002314333697E-003  3.96385508378920785E-003  6.20742231740169757E-003  3.96385508378920785E-003  1.02799002314333220E-003  1.11229247463546591E-004
  1.10781839209720889E-004  1.02385503858043003E-003  3.94791088276386874E-003  6.18245359700554144E-003  3.94791088276384965E-003  1.02385503858042981E-003  1.10781839209719968E-004
  1.10301245707928098E-004  1.01941335317577686E-003  3.93078406550347124E-003  6.15563289205018228E-003  3.93078406550348338E-003  1.01941335317576928E-003  1.10301245707927515E-004
  1.09782726208460120E-004  1.01462115252339740E-003  3.91230568683171610E-003  6.12669563331292091E-003  3.91230568683169702E-003  1.01462115252338981E-003  1.09782726208459334E-004
  1.09222725149035131E-004  1.00944557581883238E-003  3.89234903786618699E-003  6.09544339387667507E-003  3.89234903786618179E-003  1.00944557581882349E-003  1.09222725149034968E-004
  1.08616501779943623E-004  1.00384280865610542E-003  3.87074517343046973E-003  6.06161160451871260E-003  3.87074517343047146E-003  1.00384280865610368E-003  1.08616501779942458E-004
  1.07959315351474915E-004  9.97769036629265939E-004  3.84732514834818179E-003  6.02493569601626582E-003  3.84732514834817789E-003  9.97769036629263554E-004  1.07959315351474278E-004
  1.07245239926493638E-004  9.91169491730844706E-004  3.82187778114874508E-003  5.98508495684092843E-003  3.82187778114874682E-003  9.91169491730852512E-004  1.07245239926492784E-004
  1.06468349567862501E-004  9.83989405953401321E-004  3.79419189036166605E-003  5.94172867546431758E-003  3.79419189036163439E-003  9.83989405953404140E-004  1.06468349567862014E-004
  1.05622718338444269E-004  9.76174011289471536E-004  3.76405629451633450E-003  5.89453614035791596E-003  3.76405629451635141E-003  9.76174011289471862E-004  1.05622718338443700E-004
  1.04704790675958442E-004  9.67690446934582659E-004  3.73134428473053358E-003  5.84330892460476013E-003  3.73134428473052273E-003  9.67690446934579623E-004  1.04704790675957845E-004
  1.03709233236980218E-004  9.58489421682017732E-004  3.69586579768068583E-003  5.78774938782918979E-003  3.69586579768069190E-003  9.58489421682014045E-004  1.03709233236979717E-004
  1.02629527490660102E-004  9.48510690723584947E-004  3.65738853374926020E-003  5.72749374734999803E-003  3.65738853374926410E-003  9.48510690723582454E-004  1.02629527490659140E-004
  1.01460340093574377E-004  9.37704962852567675E-004  3.61572242961279546E-003  5.66224436279157313E-003  3.61572242961277204E-003  9.37704962852562687E-004  1.01460340093573699E-004
  1.00186263609167920E-004  9.25929841249580011E-004  3.57031841344782747E-003  5.59114138417997602E-003  3.57031841344780925E-003  9.25929841249580662E-004  1.00186263609167202E-004
  9.87936683820255488E-005  9.13059359497489314E-004  3.52069076787215555E-003  5.51342417499988205E-003  3.52069076787215902E-003  9.13059359497486820E-004  9.87936683820250067E-005
  9.72724803190157890E-005  8.99000411983603650E-004  3.46648048438591514E-003  5.42853052565296559E-003  3.46648048438591037E-003  8.99000411983596820E-004  9.72724803190147454E-005
  9.56108475458640179E-005  8.83643462693017834E-004  3.40726520004797388E-003  5.33579901308231519E-003  3.40726520004798125E-003  8.83643462693009703E-004  9.56108475458636114E-005
  9.38099552499982388E-005  8.66999465227214850E-004  3.34308715115247705E-003  5.23529577959367699E-003  3.34308715115248139E-003  8.66999465227209320E-004  9.38099552499974392E-005
  9.18804701182639871E-005  8.49167001999629367E-004  3.27432646434637660E-003  5.12761610593819549E-003  3.27432646434639265E-003  8.49167001999629259E-004  9.18804701182637974E-005
  8.98395773683592229E-005  8.30304900231876048E-004  3.20159556589423187E-003  5.01371905554830622E-003  3.20159556589422233E-003  8.30304900231873988E-004  8.98395773683583149E-005
  8.76979436871283026E-005  8.10511742337377962E-004  3.12527458244300132E-003  4.89419990917519792E-003  3.12527458244298267E-003  8.10511742337370914E-004  8.76979436871284381E-005
  8.54454949814408238E-005  7.89694422703446537E-004  3.04500450549275272E-003  4.76849645722051026E-003  3.04500450549276096E-003  7.89694422703449248E-004  8.54454949814398886E-005
  8.30697867833076267E-005  7.67737928514449029E-004  2.96034185395539296E-003  4.63591420547453809E-003  2.96034185395539426E-003  7.67737928514444041E-004  8.30697867833071117E-005
  8.05690413115881502E-005  7.44625829368126863E-004  2.87122327338975832E-003  4.49635394047879101E-003  2.87122327338974444E-003  7.44625829368125887E-004  8.05690413115883535E-005
  7.79450363474246225E-005  7.20374555666731457E-004  2.77771211823699257E-003  4.34991487569182881E-003  2.77771211823697002E-003  7.20374555666730048E-004  7.79450363474244734E-005
  7.51930311411069151E-005  6.94940293004287077E-004  2.67963944332067676E-003  4.19633244189083262E-003  2.67963944332067676E-003  6.94940293004287077E-004  7.51930311411059936E-005
  7.23035441932151781E-005  6.68235412568874559E-004  2.57666735828796303E-003  4.03507750063033816E-003  2.57666735828796737E-003  6.68235412568872716E-004  7.23035441932147038E-005
  6.92670940043320143E-005  6.40172285548555879E-004  2.46845797278598487E-003  3.86562091346489374E-003  2.46845797278597533E-003  6.40172285548556530E-004  6.92670940043319330E-005
  6.60777546373196990E-005  6.10696143935882943E-004  2.35480010534419582E-003  3.68763196886606704E-003  2.35480010534420752E-003  6.10696143935880774E-004  6.60777546373196177E-005
  6.27325631236107250E-005  5.79779603727124167E-004  2.23558816522736884E-003  3.50094531106964410E-003  2.23558816522737231E-003  5.79779603727115928E-004  6.27325631236101965E-005
  5.92338898380587335E-005  5.47444572125257772E-004  2.11090662502369346E-003  3.30569322468696582E-003  2.11090662502367568E-003  5.47444572125257664E-004  5.92338898380582185E-005
  5.55888459052286934E-005  5.13756770739237276E-004  1.98100890249779506E-003  3.10227256355219980E-003  1.98100890249777468E-003  5.13756770739232939E-004  5.55888459052282868E-005
  5.18128387616760382E-005  4.78858596388444680E-004  1.84644406947308162E-003  2.89154317763919188E-003  1.84644406947307663E-003  4.78858596388444951E-004  5.18128387616757603E-005
  4.79301647496610132E-005  4.42974597903449140E-004  1.70807796997874480E-003  2.67486098421453261E-003  1.70807796997873981E-003  4.42974597903449791E-004  4.79301647496607489E-005
  4.39728239297228343E-005  4.06400522524512657E-004  1.56705098395567622E-003  2.45401182553170406E-003  1.56705098395567167E-003  4.06400522524510272E-004  4.39728239297228207E-005
  3.99775571121092598E-005  3.69475931897857894E-004  1.42467243652117672E-003  2.23104611306694381E-003  1.42467243652117932E-003  3.69475931897857352E-004  3.99775571121092056E-005
  3.59828828882094361E-005  3.32556818071950045E-004  1.28231500723374140E-003  2.00811347175502758E-003  1.28231500723374032E-003  3.32556818071947605E-004  3.59828828882094971E-005
  3.20314680054082908E-005  2.96037510700467292E-004  1.14149920268119976E-003  1.78759502460063241E-003  1.14149920268120236E-003  2.96037510700467401E-004  3.20314680054078571E-005
  2.81677569922312042E-005  2.60328769839329537E-004  1.00380888389258230E-003  1.57197110806692685E-003  1.00380888389257775E-003  2.60328769839328995E-004  2.81677569922309839E-005
  2.44391573457725613E-005  2.25868739548182405E-004  8.70933502632149068E-004  1.36388741438133961E-003  8.70933502632147117E-004  2.25868739548182838E-004  2.44391573457723783E-005
  2.08942617505539506E-005  1.93106517488165211E-004  7.44604746958290632E-004  1.16605577807695209E-003  7.44604746958292692E-004  1.93106517488164534E-004  2.08942617505537676E-005
  1.75781073288148150E-005  1.62458340515936989E-004  6.26427596047077076E-004  9.80989606769809780E-004  6.26427596047073715E-004  1.62458340515936989E-004  1.75781073288146456E-005
  1.45315830467989296E-005  1.34302107882945134E-004  5.17859202045187293E-004  8.10970810006043409E-004  5.17859202045185991E-004  1.34302107882944971E-004  1.45315830467988093E-005
  1.17866889650448917E-005  1.08933566829450614E-004  4.20039944893514866E-004  6.57785230039155508E-004  4.20039944893512752E-004  1.08933566829450180E-004  1.17866889650447613E-005
  9.36594364467239752E-006  8.65608357837840302E-005  3.33772314180088767E-004  5.22689570677168508E-004  3.33772314180089472E-004  8.65608357837837727E-005  9.36594364467235517E-006
  7.27942117881403306E-006  6.72770203586206186E-005  2.59415318404823431E-004  4.06246041518401428E-004  2.59415318404822781E-004  6.72770203586207948E-005  7.27942117881396529E-006
  5.52949194232445931E-006  5.11040277569431306E-005  1.97053430155926895E-004  3.08586927174227927E-004  1.97053430155926651E-004  5.11040277569432526E-005  5.52949194232444914E-006
  4.10311887350280628E-006  3.79213683623487533E-005  1.46222050198225212E-004  2.28984662282107521E-004  1.46222050198224914E-004  3.79213683623485162E-005  4.10311887350276308E-006
  2.97245006780618579E-006  2.74716325397950295E-005  1.05928625620204371E-004  1.65884902658442363E-004  1.05928625620204465E-004  2.74716325397949854E-005  2.97245006780616334E-006
  2.10370768355500891E-006  1.94426426467847302E-005  7.49694220398179493E-005  1.17402592591201680E-004  7.49694220398177595E-005  1.94426426467847471E-005  2.10370768355500044E-006
  1.45422497336451327E-006  1.34400690296365347E-005  5.18239328692150913E-005  8.11566090757210993E-005  5.18239328692147660E-005  1.34400690296365585E-005  1.45422497336449929E-006
