  0.99734383011238181       0.99536415277953583       0.99186035997717259       0.98259435861386080       0.97292773667320431       0.99999999263969674        1.0000000000000009     
  0.99765884058007948       0.99589461115798550       0.99257758437805055       0.98349331274802310       0.97343326079454351       0.99999999382797378       0.99999999999999811     
  0.99756269823640931       0.99635850249033731       0.99321829676322793       0.98433610731086341       0.97455393852173133       0.99999999485318436        1.0000000000000013     
  0.99786072191472697       0.99676141947832919       0.99379102848982348       0.98512252263370292       0.97610925969966189       0.99999999573326137       0.99999999999999856     
  0.99813085355224118       0.99711454869935778       0.99430568126144470       0.98586149682091173       0.97639481913428072       0.99999999648471349       0.99999999999999911     
  0.99836273282576404       0.99742679846120286       0.99473235449249864       0.98655784109756206       0.97668602088536438       0.99999999712269461       0.99999999999999734     
  0.99856539961223179       0.99769794710672643       0.99514486376195277       0.98738046698479076       0.97697239244492196       0.99999999766129855        1.0000000000000004     
  0.99873930534837352       0.99793267715579692       0.99550723753359893       0.98797439755107974       0.97727250296792867       0.99999999811291884        1.0000000000000004     
  0.99889034833951462       0.99812227849377688       0.99583810176285525       0.98782904562524387       0.97751894473263234       0.99999999848901067       0.99999999999999734     
  0.99901328615816654       0.99830673126584402       0.99600716087398689       0.98832102414959855       0.97802879989985481       0.99999999879995838       0.99999999999999956     
  0.99912953945364613       0.99847341096637665       0.99607594019345391       0.98879212158670560       0.97830950901445413       0.99999999905506132        1.0000000000000004     
  0.99923320962546747       0.99855496347861505       0.99611395826956772       0.98926644084493554       0.97858796730566089       0.99999999926260930       0.99999999999999667     
  0.99927162413710868       0.99860250780732951       0.99635936588995455       0.98971782122214436       0.97901898959535116       0.99999999966663644       0.99999999999999745     
  0.99924682486380034       0.99862351068315780       0.99661841920142180       0.99014508351384212       0.97936096455627264       0.99999999974766085        1.0000000000000004     
  0.99932290725951045       0.99874467563183777       0.99683596518960826       0.99044058563274595       0.97963805566785811       0.99999999981113530       0.99999999999999867     
  0.99934326023255993       0.99875044114504707       0.99682332945865515       0.99083462657848265       0.97991360687953755       0.99999999986031940       0.99999999999999933     
  0.99940219812173470       0.99885718686438030       0.99702262547785070       0.99110176267938677       0.98020555962907374       0.99999999989798349        1.0000000000000016     
  0.99944944555458148       0.99893200458709908       0.99716733332633067       0.99142380343656344       0.98047868544629502       0.99999999992651167        1.0000000000000002     
  0.99948316724941810       0.99899027022797948       0.99725615781923660       0.99169932752436341       0.98040457551128768       0.99999999994782574        1.0000000000000016     
  0.99942830357271617       0.99895478257125037       0.99721394440591904       0.99187468725287609       0.98067648288784814       0.99999999996353639       0.99999999999999811     
  0.99935320161020225       0.99883392140111582       0.99711961519900139       0.99204231731850412       0.98091648223412475       0.99999999998712208        1.0000000000000009     
  0.99922021479969891       0.99873808183843205       0.99704528502350243       0.99138514527238752       0.98117669441452260       0.99999999999146894       0.99999999999999967     
  0.99898318038505718       0.99854296785639718       0.99667561104357372       0.99012043790683391       0.98122723218530394       0.99999999999446776       0.99999999999999889     
  0.99866752254458990       0.99833957073133339       0.99643191571520751       0.98997395583678005       0.98092908188209704       0.99999999999649081       0.99999999999999967     
  0.99794325921087090       0.99787434479993464       0.99610022684166255       0.98966920662407987       0.98097753738027793       0.99999999999783085       0.99999999999999978     
  0.99698558303403506       0.99666622533923921       0.99571351476024350       0.98930531059878490       0.98047668229419849       0.99999999999869182        1.0000000000000042     
  0.99642016229906094       0.99551104014912584       0.99512575106275536       0.98861146829010982       0.98066939761426575       0.99999999999922895        1.0000000000000007     
  0.99584748750880725       0.99483850874943380       0.99226199253210867       0.98813051132591090       0.98059502474556293       0.99999999999981715        1.0000000000000002     
  0.99474452245444989       0.99360482843303333       0.99163242019386555       0.98715354048605286       0.97945321904649407       0.99999999999990441       0.99999999999999978     
  0.99346927550251607       0.99302247993030635       0.99072119596970520       0.98656539641401453       0.97953371863686178       0.99999999999995060        1.0000000000000004     
  0.99244490250282202       0.99221972351816956       0.98949420095044816       0.98359607339033772       0.97936750753645208       0.99999999999997458       0.99999999999999856     
  0.99109875768698208       0.99046232212246899       0.98785570130133826       0.98181306464203444       0.97829354893037146       0.99999999999999256        1.0000000000000004     
  0.98783079942659346       0.98690047796982328       0.98590372543838944       0.97888023277368841       0.97827096097702748       0.99999999999999811        1.0000000000000020     
  0.98616484312884833       0.98464124642339634       0.98302862875431518       0.97686668135279786       0.97707452183275412       0.99999999999999611       0.99999999999999889     
  0.98525347263412932       0.98309620763113970       0.97877537807388293       0.97591293871504370       0.97442348811013213       0.99999999999999678       0.99999999999999989     
  0.98290951443418439       0.98091483415399827       0.97785798665186352       0.96999977729462072       0.97349176979926766       0.99999999999999978        1.0000000000000033     
  0.97777823189467772       0.97538439750847639       0.97386096791669963       0.96647865419758106       0.97237258048000996       0.99999999999999933        1.0000000000000009     
  0.97448272054076768       0.97118665222513767       0.96792679242507051       0.96010639433711331       0.96962194333958174        1.0000000000000002       0.99999999999999944     
  0.96833382754442221       0.96863409774552434       0.96021986116414926       0.95034116885884490       0.96624808438609744       0.99999999999999900        1.0000000000000013     
  0.96188063687619352       0.95855326635993399       0.95273356386144159       0.94171002198006337       0.96390971496224298        1.0000000000000018       0.99999999999999789     
  0.95040505497575267       0.94726099207779435       0.94208270485927070       0.92910459397328493       0.96192713516613237       0.99999999999999722       0.99999999999999878     
  0.93168564314715485       0.93140992216278296       0.92077427741259443       0.90381457838485613       0.95120030141836820        1.0000000000000009       0.99999999999999711     
  0.90132689144172973       0.88986215941564117       0.87865714609797774       0.86898265712220069       0.94536105473869869       0.99999999999999867        1.0000000000000004     
  0.80830893134293513       0.82091984275442276       0.80455211122304715       0.77312835092172538       0.92587141862364730       0.99999999999999822       0.99999999999999789     
   0.0000000000000000        0.0000000000000000        0.0000000000000000       0.28173339406029274       0.84669979427058362       0.99999999999999989        1.0000000000000004     
   0.0000000000000000        0.0000000000000000        0.0000000000000000       0.29173632896088519       0.85481629066176690        1.0000000000000002       0.99999999999999911     
   0.0000000000000000        0.0000000000000000        0.0000000000000000       0.30408862549400484       0.86298745255094689       0.99999999999999800        1.0000000000000007     
   0.0000000000000000        0.0000000000000000        0.0000000000000000       0.32213172243866905       0.87121632246815828        1.0000000000000007       0.99999999999999756     
   0.0000000000000000        0.0000000000000000        0.0000000000000000       0.34427152736259331       0.87950692284387466        1.0000000000000002        1.0000000000000036     
   0.0000000000000000        0.0000000000000000        0.0000000000000000       0.37084659063498515       0.88783969947910868       0.99999999999999678       0.99999999999999734     
   0.0000000000000000        0.0000000000000000        0.0000000000000000       0.39922444466384499       0.89618543709588938       0.99999999999999911        1.0000000000000013     
   0.0000000000000000        0.0000000000000000        0.0000000000000000       0.42804296300543082       0.90450769432785183        1.0000000000000013        1.0000000000000018     
   0.0000000000000000        0.0000000000000000        0.0000000000000000       0.45731427819225312       0.91275214003752403        1.0000000000000004        1.0000000000000007     
   0.0000000000000000        0.0000000000000000        0.0000000000000000       0.48718344729402407       0.92085738441721687        1.0000000000000002        1.0000000000000002     
   0.0000000000000000        0.0000000000000000        0.0000000000000000       0.51726874942356726       0.92875915036244183        1.0000000000000002       0.99999999999999789     
   0.0000000000000000        0.0000000000000000        0.0000000000000000       0.54684583588770674       0.93639435743906685       0.99999999999999933       0.99999999999999933     
   0.0000000000000000        0.0000000000000000        0.0000000000000000       0.57635101497752028       0.94370291279346441       0.99999999999999689       0.99999999999999545     
   0.0000000000000000        0.0000000000000000        0.0000000000000000       0.60623294650432824       0.95062497134985535       0.99999999999999944        1.0000000000000027     
   0.0000000000000000        0.0000000000000000        0.0000000000000000       0.63648203308311813       0.95710608027266075        1.0000000000000013        1.0000000000000013     
   0.0000000000000000        0.0000000000000000        0.0000000000000000       0.66749931602157020       0.96310002716184318       0.99999999999999645       0.99999999999999767     
   0.0000000000000000        0.0000000000000000        0.0000000000000000       0.69932060982013988       0.96857074772597584        1.0000000000000024        1.0000000000000013     
   0.0000000000000000        0.0000000000000000        0.0000000000000000       0.73220716608482606       0.97349509000580592        1.0000000000000022       0.99999999999999911     
   0.0000000000000000        0.0000000000000000        0.0000000000000000       0.76550720228486224       0.97785703184036710        1.0000000000000002        1.0000000000000011     
   0.0000000000000000        0.0000000000000000        0.0000000000000000       0.79872777237399084       0.98165761193647572       0.99999999999999978        1.0000000000000007     
   0.0000000000000000        0.0000000000000000        0.0000000000000000       0.83131210828447999       0.98491129088295470       0.99999999999999978        1.0000000000000000     
   0.0000000000000000        0.0000000000000000        0.0000000000000000       0.86192495893753540       0.98764649291505058       0.99999999999999689       0.99999999999999933     
   0.0000000000000000        0.0000000000000000        0.0000000000000000       0.89015543279957576       0.98990792150057771        1.0000000000000024       0.99999999999999722     
   0.0000000000000000        0.0000000000000000        0.0000000000000000       0.91549397832675605       0.99174632683737918       0.99999999999999745        1.0000000000000033     
   0.0000000000000000        0.0000000000000000        0.0000000000000000       0.93707107752244612       0.99322740549149535        1.0000000000000009       0.99999999999999878     
   0.0000000000000000        0.0000000000000000        0.0000000000000000       0.95486625905400424       0.99442456253053990        1.0000000000000007        1.0000000000000004     
   0.0000000000000000        0.0000000000000000        0.0000000000000000       0.96884145526089627       0.99541323454408426        1.0000000000000007       0.99999999999999711     
   0.0000000000000000        0.0000000000000000        0.0000000000000000       0.97949868211754776       0.99626540785405104       0.99999999999999911       0.99999999999999400     
   0.0000000000000000        0.0000000000000000        0.0000000000000000       0.98711146046866538       0.99703204324668127       0.99999999999999756       0.99999999999999911     
   0.0000000000000000        0.0000000000000000        0.0000000000000000       0.99243423171111500       0.99775467129941042       0.99999999999999911       0.99999999999999956     
   0.0000000000000000        0.0000000000000000        0.0000000000000000       0.99582961608530196       0.99844606630507005        1.0000000000000002        1.0000000000000016     
   0.0000000000000000        0.0000000000000000        0.0000000000000000       0.99771915385196752       0.99905162626272848       0.99999999999999956        1.0000000000000013     
   0.0000000000000000        0.0000000000000000        0.0000000000000000       0.99870775905445786       0.99951985895957607        1.0000000000000000       0.99999999999999833     
   0.0000000000000000        0.0000000000000000        0.0000000000000000       0.99920743146969326       0.99981678900715443        1.0000000000000002       0.99999999999999856     
   0.0000000000000000        0.0000000000000000        0.0000000000000000       0.99947329141685914       0.99989999044220168        1.0000000000000007       0.99999999999999900     
   0.0000000000000000        0.0000000000000000        0.0000000000000000       0.99962694363361926       0.99998999808060385        1.0000000000000022       0.99999999999999878     
   0.0000000000000000        0.0000000000000000        0.0000000000000000       0.99975587581593273       0.99999967770183540        1.0000000000000002        1.0000000000000016     
