  0.57578627075079891       0.57948843009647433       0.58584211344190040       0.59601125081688333       0.61148644111328065       0.65461368555976562       0.76654204937060355     
  0.57100984612610839       0.57470049961917979       0.58125057677811565       0.59213369710460761       0.61028440895241243       0.65995566571624753       0.78036864285034147     
  0.56691725001892568       0.57046352698851699       0.57685742240329962       0.58816536611394876       0.60871049052082737       0.66484342207518210       0.79371731980354132     
  0.56344815753718314       0.56677120617654464       0.57289598055660640       0.58442154862091400       0.60695375144663644       0.66955804489025994       0.80669487045895161     
  0.56049082810715545       0.56355053393767507       0.56935459659221110       0.58093662894527631       0.60530971277900780       0.67405768065829885       0.81944880971949086     
  0.55796393749367068       0.56074217640180091       0.56621464164945723       0.57774394740453883       0.60377681315696918       0.67854882539591665       0.83200289326893861     
  0.55580524011684795       0.55831087757647146       0.56345740082086804       0.57487043784515612       0.60244169305179918       0.68311131504147682       0.84443201388532052     
  0.55396449030466166       0.55622057601873032       0.56105859695809579       0.57230740703335026       0.60129894701441022       0.68779691112686914       0.85676138539055191     
  0.55239999208739510       0.55443055558456211       0.55896845826099550       0.57004133111163868       0.60030501431115457       0.69264468455010830       0.86895103469169133     
  0.55107139777343639       0.55290565955960347       0.55716276118470542       0.56805059153559379       0.59957484621162149       0.69765002953199828       0.88081963201981528     
  0.54995381370705831       0.55162145112819494       0.55561945047959549       0.56633514753876302       0.59907478823840887       0.70273604931798039       0.89214733916411715     
  0.54902205008515892       0.55054515782385116       0.55431229607212573       0.56487694535371280       0.59880220287745267       0.70795407886825867       0.90290650107577142     
  0.54825967404184994       0.54965572607427648       0.55321760455463564       0.56365992540522503       0.59874410727682881       0.71333769189447682       0.91303365087656196     
  0.54764606093450452       0.54893140657037931       0.55231747293244449       0.56267123748333603       0.59892544723993868       0.71885672320642968       0.92237711631413455     
  0.54716561659552343       0.54835747861183592       0.55159792511536598       0.56190297720606452       0.59933772560824006       0.72457109000031539       0.93083850400576629     
  0.54680611594522632       0.54792376038114132       0.55105008707266634       0.56135031352067721       0.59998264212181984       0.73047316282533559       0.93866215324969404     
  0.54655918508373713       0.54762061532733963       0.55066562442072453       0.56100805470708026       0.60085577953003089       0.73655636969195570       0.94588931071473270     
  0.54641752294101720       0.54744033385425483       0.55043582029351834       0.56086647011256097       0.60196558975381720       0.74280488200423667       0.95253559125811582     
  0.54637723804944016       0.54737718411975489       0.55035481171427325       0.56092528472531589       0.60332487977347138       0.74920827017237090       0.95856918803267044     
  0.54643460266508170       0.54742808313003766       0.55041845893945296       0.56118032303305498       0.60492017206249304       0.75574051303419687       0.96392419842242638     
  0.54659000571170879       0.54759363572009978       0.55062639105882438       0.56163095007683284       0.60675381462833455       0.76239272358017807       0.96863363181980378     
  0.54684539792252318       0.54787470520646597       0.55097922652720954       0.56227581403078497       0.60882591602638292       0.76916603784789861       0.97277456990975086     
  0.54720469692314666       0.54827336302085028       0.55147885964454801       0.56311143408186115       0.61113701611717275       0.77601394215774278       0.97644485379103085     
  0.54767372809263137       0.54879476232503732       0.55212973115473307       0.56414195763788588       0.61368903652804663       0.78295413170848671       0.97967522861468226     
  0.54825976468500315       0.54944616101771360       0.55293757482462191       0.56538203782149865       0.61648526960708105       0.78998753805054855       0.98252438557474020     
  0.54897056428485302       0.55023530400753495       0.55390954092711331       0.56683352067741499       0.61952852796234514       0.79710008519774289       0.98502596412106613     
  0.54981264855140866       0.55116834240178925       0.55505032153481193       0.56849581398856985       0.62281757121510695       0.80427903612241725       0.98721552681947100     
  0.55079463565236320       0.55225330736804368       0.55636660536359983       0.57036874704692730       0.62634970664900347       0.81151257963962553       0.98912443952184637     
  0.55192712517414233       0.55350013823391087       0.55786719793472539       0.57246393628394110       0.63013083223457966       0.81879218120550767       0.99078282253348726     
  0.55322220932072241       0.55492064581067757       0.55956222799246058       0.57479135141734428       0.63416899532610582       0.82611303631714150       0.99221897373831758     
  0.55468764242291935       0.55652162283141826       0.56145769994553973       0.57735342620009378       0.63843000283528362       0.83346879689619602       0.99345845266079857     
  0.55633347380816933       0.55831269725011501       0.56356279329037939       0.58015086451958808       0.64290999225041234       0.84083223096270310       0.99452481413550387     
  0.55816661007302415       0.56029967739787323       0.56587935314293325       0.58317649727162557       0.64762917748054960       0.84813165931465517       0.99543766972389047     
  0.56019377358208267       0.56248943308500299       0.56841564854954540       0.58644350928892464       0.65260085036849202       0.85542423368201204       0.99621600584669867     
  0.56242351601758966       0.56489061757937720       0.57117601593859968       0.58994842597380726       0.65781212842118353       0.86268940373655600       0.99686772799124868     
  0.56485872269968995       0.56750472789093420       0.57415591125347010       0.59368414847809525       0.66324863541659407       0.86998370994683250       0.99742249743248179     
  0.56749366429958770       0.57032221271330130       0.57733768745787606       0.59761744390119553       0.66880957146683384       0.87730087806278723       0.99789580797845479     
  0.57032610062873257       0.57334040110991691       0.58073000666612973       0.60176797399085757       0.67454205536814327       0.88444950832910807       0.99829800263875013     
  0.57333497853108417       0.57653528117126696       0.58429890840992571       0.60609960372278504       0.68046344975471629       0.89110741940188787       0.99864524695964307     
  0.57648537940383493       0.57986958222395557       0.58800009753027682       0.61054894724083542       0.68651742456702580       0.89744499435196434       0.99893876447187102     
  0.57972598114951668       0.58329655388462565       0.59180219615231811       0.61513023514981668       0.69262811270954672       0.90391592898588891       0.99917839265985453     
  0.58296181230502730       0.58671843220734221       0.59560154437089285       0.61973948256259337       0.69880137416085919       0.90993459616906802       0.99934734120075130     
  0.58604696933886880       0.58999854182893918       0.59929385663646029       0.62433646149852950       0.70505376619962112       0.91545901681899666       0.99948669346192065     
  0.58870814385227166       0.59288256855209376       0.60268086114095198       0.62878865546341467       0.71118810952311518       0.92067827451577922       0.99960843398884758     
   1.0000000000000000        1.0000000000000000        1.0000000000000000        1.0000000000000000        1.0000000000000000        1.0000000000000000        1.0000000000000000     
   1.0000000000000000        1.0000000000000000        1.0000000000000000        1.0000000000000000        1.0000000000000000        1.0000000000000000        1.0000000000000000     
   1.0000000000000000        1.0000000000000000        1.0000000000000000        1.0000000000000000        1.0000000000000000        1.0000000000000000        1.0000000000000000     
   1.0000000000000000        1.0000000000000000        1.0000000000000000        1.0000000000000000        1.0000000000000000        1.0000000000000000        1.0000000000000000     
   1.0000000000000000        1.0000000000000000        1.0000000000000000        1.0000000000000000        1.0000000000000000        1.0000000000000000        1.0000000000000000     
   1.0000000000000000        1.0000000000000000        1.0000000000000000        1.0000000000000000        1.0000000000000000        1.0000000000000000        1.0000000000000000     
   1.0000000000000000        1.0000000000000000        1.0000000000000000        1.0000000000000000        1.0000000000000000        1.0000000000000000        1.0000000000000000     
   1.0000000000000000        1.0000000000000000        1.0000000000000000        1.0000000000000000        1.0000000000000000        1.0000000000000000        1.0000000000000000     
   1.0000000000000000        1.0000000000000000        1.0000000000000000        1.0000000000000000        1.0000000000000000        1.0000000000000000        1.0000000000000000     
   1.0000000000000000        1.0000000000000000        1.0000000000000000        1.0000000000000000        1.0000000000000000        1.0000000000000000        1.0000000000000000     
   1.0000000000000000        1.0000000000000000        1.0000000000000000        1.0000000000000000        1.0000000000000000        1.0000000000000000        1.0000000000000000     
   1.0000000000000000        1.0000000000000000        1.0000000000000000        1.0000000000000000        1.0000000000000000        1.0000000000000000        1.0000000000000000     
   1.0000000000000000        1.0000000000000000        1.0000000000000000        1.0000000000000000        1.0000000000000000        1.0000000000000000        1.0000000000000000     
   1.0000000000000000        1.0000000000000000        1.0000000000000000        1.0000000000000000        1.0000000000000000        1.0000000000000000        1.0000000000000000     
   1.0000000000000000        1.0000000000000000        1.0000000000000000        1.0000000000000000        1.0000000000000000        1.0000000000000000        1.0000000000000000     
   1.0000000000000000        1.0000000000000000        1.0000000000000000        1.0000000000000000        1.0000000000000000        1.0000000000000000        1.0000000000000000     
   1.0000000000000000        1.0000000000000000        1.0000000000000000        1.0000000000000000        1.0000000000000000        1.0000000000000000        1.0000000000000000     
   1.0000000000000000        1.0000000000000000        1.0000000000000000        1.0000000000000000        1.0000000000000000        1.0000000000000000        1.0000000000000000     
   1.0000000000000000        1.0000000000000000        1.0000000000000000        1.0000000000000000        1.0000000000000000        1.0000000000000000        1.0000000000000000     
   1.0000000000000000        1.0000000000000000        1.0000000000000000        1.0000000000000000        1.0000000000000000        1.0000000000000000        1.0000000000000000     
   1.0000000000000000        1.0000000000000000        1.0000000000000000        1.0000000000000000        1.0000000000000000        1.0000000000000000        1.0000000000000000     
   1.0000000000000000        1.0000000000000000        1.0000000000000000        1.0000000000000000        1.0000000000000000        1.0000000000000000        1.0000000000000000     
   1.0000000000000000        1.0000000000000000        1.0000000000000000        1.0000000000000000        1.0000000000000000        1.0000000000000000        1.0000000000000000     
   1.0000000000000000        1.0000000000000000        1.0000000000000000        1.0000000000000000        1.0000000000000000        1.0000000000000000        1.0000000000000000     
   1.0000000000000000        1.0000000000000000        1.0000000000000000        1.0000000000000000        1.0000000000000000        1.0000000000000000        1.0000000000000000     
   1.0000000000000000        1.0000000000000000        1.0000000000000000        1.0000000000000000        1.0000000000000000        1.0000000000000000        1.0000000000000000     
   1.0000000000000000        1.0000000000000000        1.0000000000000000        1.0000000000000000        1.0000000000000000        1.0000000000000000        1.0000000000000000     
   1.0000000000000000        1.0000000000000000        1.0000000000000000        1.0000000000000000        1.0000000000000000        1.0000000000000000        1.0000000000000000     
   1.0000000000000000        1.0000000000000000        1.0000000000000000        1.0000000000000000        1.0000000000000000        1.0000000000000000        1.0000000000000000     
   1.0000000000000000        1.0000000000000000        1.0000000000000000        1.0000000000000000        1.0000000000000000        1.0000000000000000        1.0000000000000000     
   1.0000000000000000        1.0000000000000000        1.0000000000000000        1.0000000000000000        1.0000000000000000        1.0000000000000000        1.0000000000000000     
   1.0000000000000000        1.0000000000000000        1.0000000000000000        1.0000000000000000        1.0000000000000000        1.0000000000000000        1.0000000000000000     
   1.0000000000000000        1.0000000000000000        1.0000000000000000        1.0000000000000000        1.0000000000000000        1.0000000000000000        1.0000000000000000     
   1.0000000000000000        1.0000000000000000        1.0000000000000000        1.0000000000000000        1.0000000000000000        1.0000000000000000        1.0000000000000000     
   1.0000000000000000        1.0000000000000000        1.0000000000000000        1.0000000000000000        1.0000000000000000        1.0000000000000000        1.0000000000000000     
   1.0000000000000000        1.0000000000000000        1.0000000000000000        1.0000000000000000        1.0000000000000000        1.0000000000000000        1.0000000000000000     
   1.0000000000000000        1.0000000000000000        1.0000000000000000        1.0000000000000000        1.0000000000000000        1.0000000000000000        1.0000000000000000     
