  0.65157808498426240       0.67040214473769177       0.69870027426058701       0.73293060800283394       0.78041512005730551       0.97417275310879392        1.6677084010564707     
  0.66524293703259896       0.68203975444807530       0.70886841606473971       0.74561011091370855       0.80341495364974636        1.0218363419843723        1.8145000289655004     
  0.68054935155537832       0.69534315770859245       0.72021486007970026       0.75794468333857223       0.82579068808617917        1.0696479586575189        1.9703814700386868     
  0.69700606774573926       0.70981031531751815       0.73255469108933635       0.77048124791099126       0.84806563912577404        1.1175015293439232        2.1355353719678356     
  0.71425075762853851       0.72512289378862893       0.74569953691204560       0.78336812443650838       0.87037596396888595        1.1644976518632357        2.3105972576935048     
  0.73200004858909362       0.74105420884327911       0.75948483874776251       0.79663177648964689       0.89254441794738715        1.2108286059856761        2.4973293926891662     
  0.75002938364568816       0.75742775033616527       0.77375289248657275       0.81023879511983343       0.91431257747359418        1.2565574497085585        2.6966860831033466     
  0.76819260452963378       0.77408515634061814       0.78837724823089361       0.82413333863249727       0.93548720504297789        1.3025113365769556        2.9094582483967479     
  0.78632423123272477       0.79086894781525763       0.80321511001196011       0.83822541810325391       0.95598084451265075        1.3490024666043232        3.1363859951215649     
  0.80423501759890237       0.80762698833729407       0.81810572617439958       0.85240944660244156       0.97570543199535542        1.3961591826381030        3.3782209802770184     
  0.82177727418814073       0.82421244689955409       0.83291562436766609       0.86657915333652968       0.99458471946144100        1.4440505196480697        3.6357683599556285     
  0.83882428759815997       0.84048106118292509       0.84760208748189747       0.88062214008978712        1.0125232242951661        1.4926934419282945        3.9098199708003287     
  0.85528052364576090       0.85629741121770675       0.86205185157610664       0.89441699606087122        1.0295677700218089        1.5421295425691293        4.2013115272083921     
  0.87106110664432912       0.87155838089957760       0.87614993611758651       0.90790069947044572        1.0457243346863077        1.5923504049166892        4.5111168323864268     
  0.88610689114953634       0.88618272079976645       0.88981141669535901       0.92090182088531525        1.0611170281366720        1.6433657895117799        4.8401986583124774     
  0.90038117643741111       0.90010935223810007       0.90296400818431954       0.93340416675358528        1.0757478461023715        1.6951816206207473        5.1895595621889177     
  0.91385987035732430       0.91330384468961856       0.91552068410296594       0.94536132027887421        1.0897231261347717        1.7477846577681726        5.5601835168533169     
  0.92651591198846450       0.92572982719846131       0.92742839559930246       0.95676143735329910        1.1030472909614810        1.8011593633295817        5.9530770375498641     
  0.93833344608690727       0.93735760689532732       0.93868766375913915       0.96761019898415435        1.1157297372521935        1.8552862694288683        6.3692778057599195     
  0.94930678885558306       0.94817043075816643       0.94926337157843621       0.97785820880606866        1.1278093058660805        1.9101279421860846        6.8097562014208783     
  0.95940012285145948       0.95816816923308956       0.95912669726861777       0.98741937996273998        1.1393187056962062        1.9656719433096619        7.2755975544432561     
  0.96857295347738548       0.96729604897417365       0.96821627764788720       0.99623726147848801        1.1502850047823627        2.0218852695230716        7.7678301384917132     
  0.97681630373250805       0.97551887292751260       0.97649209971562800        1.0043424502532019        1.1606904375963305        2.0787333555264080        8.2874829733801132     
  0.98410466672741381       0.98281269190835474       0.98392957145904403        1.0117118981920223        1.1705768709464190        2.1361974182577095        8.8357148974221218     
  0.99042396174334701       0.98916526276829386       0.99053453850739914        1.0182986355522519        1.1799509830690684        2.1942786143714885        9.4136939296730073     
  0.99578589320057553       0.99454992505424478       0.99629430976964539        1.0241632635320799        1.1888033293314588        2.2529520458387338        10.022532232158889     
   1.0001712903590045       0.99895388639009930        1.0011738586061472        1.0292427902067669        1.1971062761427276        2.3121569008117229        10.663179142180059     
   1.0035604126840036        1.0023639661316304        1.0051281505353062        1.0335176090314064        1.2048381775633186        2.3718422822491352        11.336602093107166     
   1.0059381256642934        1.0047860314879620        1.0081262386370042        1.0369904856839802        1.2119836064270006        2.4319694617081393        12.044010426822561     
   1.0072905642488663        1.0061988002744677        1.0101579233862490        1.0396618229695869        1.2185500835347789        2.4925444981379692        12.786527780633335     
   1.0076044133062643        1.0065667015745157        1.0111617985097541        1.0414965416702584        1.2244940742519201        2.5534692958994873        13.564857292387044     
   1.0067934652641561        1.0058445931710227        1.0111000885419537        1.0425004692904571        1.2297916122448620        2.6146832788929153        14.379831783780135     
   1.0048007459318873        1.0040150845405533        1.0098934985197183        1.0426261694007475        1.2343971985874629        2.6760699757654751        15.231894444370887     
   1.0015653590887417        1.0010738405011324        1.0073844422870026        1.0417826113595186        1.2382520271576452        2.7375121674616514        16.121789708946245     
  0.99695620330460588       0.99694671793891010        1.0037500127091366        1.0398987382566438        1.2412891135413482        2.7988826675752936        17.049557638707466     
  0.99086625889867586       0.99151589839373278       0.99869890240949766        1.0368823131683553        1.2434659356468005        2.8600265584661271        18.015145195188730     
  0.98323136468600425       0.98449844838652256       0.99169968106325879        1.0326153286236923        1.2446824164947761        2.9207489298470906        19.018074637282609     
  0.97401322860659001       0.97535940985268421       0.98273729510369767        1.0268899664016817        1.2447524047992706        2.9808456413560691        20.057556474298490     
  0.96294852680537868       0.96358297766210277       0.97189155158380025        1.0194149758975402        1.2435061991112357        3.0399336943497337        21.132376222668380     
  0.94842957329678201       0.94855056612791455       0.95922403640324949        1.0100540676969467        1.2408607198614703        3.0979161350828601        22.241216583232703     
  0.92819281931368680       0.93006201784292053       0.94298455970078476       0.99854337667056836        1.2367444424345788        3.1545322520365784        23.382227522018898     
  0.90374293609408152       0.90836865205450923       0.92363458151453459       0.98434963670129527        1.2307522710311345        3.2094592706321454        24.552768501229028     
  0.87438774910538852       0.88146081023132816       0.90144283239826017       0.96725546313946098        1.2228714436669605        3.2623705470690303        25.750220960487393     
  0.83924041300488417       0.85025225217091360       0.87392876240211970       0.94663471884932582        1.2125421718512253        3.3126457815703709        26.968676091934153     
  0.81057582309061738       0.82448244531321968       0.85280267471386240       0.92811527403715322        1.1996712128796665        3.3597491759796001        28.201430755217469     
  0.77084668244576560       0.78816618597115762       0.82169791372799550       0.90402406620469844        1.1855118084949012        3.4026445024395406        29.440540076348579     
  0.73436319937154704       0.75469988244812403       0.79266050391107967       0.88089095185830413        1.1708356561247455        3.4407705332308560        30.676999925880359     
  0.70109340693448974       0.72356150777433703       0.76547323530910194       0.85865846715749994        1.1555715670033344        3.4737935907460935        31.904664796777993     
  0.67178933560748533       0.69492366096611935       0.73986087385664789       0.83735944146230601        1.1397928804137643        3.5017180267982519        33.120093408731350     
  0.64813741649425083       0.66939874840073232       0.71577425278039764       0.81713703134708204        1.1237270616948949        3.5248234004328696        34.322382560570041     
  0.62961687129006316       0.64813375240904580       0.69329591844459948       0.79793661266442439        1.1074219640422902        3.5431780880695523        35.508683662105703     
  0.61421423847733048       0.63088129048289032       0.67251144365692150       0.77933901487694790        1.0906964006653797        3.5560144984245934        36.667437864146017     
  0.60150194868945073       0.61637220944957027       0.65363783202668302       0.76116615437838486        1.0744551220334215        3.5623891658334990        37.784178751677075     
  0.59205947144680415       0.60420006767840095       0.63695176332423320       0.74323115869036738        1.0587124433273669        3.5617299676509822        38.847192219395325     
  0.58627452295438709       0.59468311412120722       0.62254234865491387       0.72540041914539788        1.0426074996176062        3.5535777717195063        39.845082247007575     
  0.58319642186917386       0.58819316347679806       0.61033178127886167       0.70761211334647300        1.0259632548652307        3.5371304126216812        40.761651306473411     
  0.58161765065904369       0.58432277017578560       0.60033406611674700       0.68980832735273889        1.0084557533922660        3.5112751067695842        41.575633797428189     
  0.58092904326046291       0.58221580558313357       0.59267692634838320       0.67206631028792307       0.98969353014751582        3.4747781696310263        42.262556013085849     
  0.58071486881380308       0.58119578507230230       0.58732524655741181       0.65457608789237420       0.96944236431603881        3.4264410027455270        42.796435831460435     
  0.58066807960103539       0.58080354214997376       0.58396348592481440       0.63766092554080300       0.94738327781723253        3.3650855733813612        43.149469098834956     
  0.58066001354014529       0.58069168558984652       0.58208500453644596       0.62190531974586616       0.92313127113313709        3.2896874848816218        43.293738422019992     
  0.58065892586005774       0.58066694319688872       0.58117888910796744       0.60825284529043000       0.89660869180200331        3.1993641159622115        43.201117925380487     
  0.58065879317770008       0.58066239482441362       0.58082210755193742       0.59746989057662014       0.86745566679359798        3.0936320618138953        42.847055542432408     
  0.58065876297385222       0.58066151389317777       0.58070966184117956       0.58967906402417791       0.83557011883235444        2.9724808186873513        42.212397206129182     
  0.58065874864735534       0.58066122834148315       0.58067962381927518       0.58490977060725435       0.80090222309724113        2.8363871177297688        41.284431028547630     
  0.58065874041755994       0.58066107747556250       0.58067145647762941       0.58243005124258906       0.76383436233503810        2.6868839871974446        40.056216330718229     
  0.58065873582297112       0.58066098638926000       0.58066838627422002       0.58133095465229356       0.72515445790640243        2.5248210139848064        38.524939889766756     
  0.58065873344813135       0.58066093342440073       0.58066670356303030       0.58092143044368338       0.68645679175579977        2.3523425225207601        36.696768196473457     
  0.58065873233515575       0.58066090518323377       0.58066565621744204       0.58078213446528670       0.65042976496602267        2.1719794399194403        34.585899785174959     
  0.58065873187100558       0.58066089168093604       0.58066503201953923       0.58072922743943955       0.62084294050619115        1.9870005536868609        32.218559602809421     
  0.58065873170145699       0.58066088601189492       0.58066469691063061       0.58070287922228758       0.60037911552425949        1.8017940383396480        29.634212574774523     
  0.58065873164809823       0.58066088395446191       0.58066453989166134       0.58068741752770514       0.58907852854005394        1.6209949804931079        26.881981610693611     
  0.58065873163356141       0.58066088332227495       0.58066447715391822       0.58067839728041859       0.58408549089766426        1.4444956382688987        24.022950060754539     
  0.58065873163021564       0.58066088315866493       0.58066445631259922       0.58067362603562689       0.58216713093499006        1.2733620086688777        21.123883519129734     
  0.58065873162960124       0.58066088312310316       0.58066445069779826       0.58067145910946849       0.58139038919872954        1.1092050768034618        18.256334981834637     
  0.58065873162951254       0.58066088311690922       0.58066444948470464       0.58067065397096662       0.58101368016225219       0.95530530970691352        15.490025020980761     
  0.58065873162950388       0.58066088311609221       0.58066444927765137       0.58067042031848981       0.58082142603727205       0.81892323157435087        12.900410668901127     
  0.58065873162950310       0.58066088311601516       0.58066444924999616       0.58067036927322424       0.58073184307850378       0.71100794445881499        10.548927575768509     
  0.58065873162950354       0.58066088311600994       0.58066444924733063       0.58067036116658721       0.58069570092370992       0.64056657643601200        8.4744307022900447     
  0.58065873162950266       0.58066088311600994       0.58066444924715588       0.58067036025463281       0.58068375405699302       0.60496243054114152        6.7070959990675609     
  0.58075175488668906       0.58075390637325197       0.58075747250444776       0.58076338344073275       0.58077377353988546       0.59042591171155945        5.2648009369041109     
