  0.98819786780544050       0.97826685931536206       0.95978668756614416       0.92651522241075635       0.82905454273109103       0.93110262857481041       0.99998627781594229     
  0.99097749873721619       0.98223009113913495       0.96508331993359286       0.93175599110047835       0.82919318352061755       0.92853385530545152       0.99998411359534300     
  0.99307614014975432       0.98542357116545465       0.96971701433201574       0.93646963765207858       0.82762012111120475       0.92579110422060185       0.99998182688207693     
  0.99466762521552643       0.98800568455537685       0.97358789345667374       0.94068701965369073       0.81999891067032460       0.92285834104101527       0.99998319610019915     
  0.99587045358025050       0.99009661315296704       0.97689292300329933       0.94412884497910976       0.81304407134848600       0.91971613358850768       0.99998098234955612     
  0.99678104955736102       0.99179198975911342       0.97972344994164506       0.94641171687836367       0.80051463763979569       0.91637772467563094       0.99997867725580636     
  0.99747108244486249       0.99315505510371138       0.98196593587102854       0.94781113041993292       0.77829916738533789       0.91601192479906246       0.99997628820549156     
  0.99799523042881011       0.99425931494791775       0.98438937589634501       0.94890990820159860       0.75573325866683938       0.91223660044495036       0.99997381756198278     
  0.99839650799380542       0.99516891249874084       0.98608253632024423       0.94903167165116442       0.73432338024367494       0.90810128593220740       0.99997588761021261     
  0.99870202952104759       0.99591139670305917       0.98739787646177812       0.94878221403183827       0.71415220924809408       0.90490077881831710       0.99997354259787119     
  0.99893931155480031       0.99650984877871762       0.98685422574433812       0.94643176041410426       0.69513847026404174       0.90007710222706172       0.99997111724495236     
  0.99912424951297796       0.99700477793069986       0.98697191796956263       0.94599967093807091       0.67535793378645237       0.90289900595168104       0.99996860061150994     
  0.99925104236258389       0.99740113151534548       0.98677093566177465       0.94445133246094692       0.63708125806222804       0.89930934275025842       0.99996597726102077     
  0.99936148961356375       0.99768765595948028       0.98566868913184080       0.94320453941816962       0.61817043291088891       0.89419070728277716       0.99996886321396750     
  0.99945597724310808       0.99787552036885474       0.98510511552552527       0.94164515057249987       0.59934491956713709       0.89028562072111406       0.99996638818948280     
  0.99953049685382245       0.99684004265986303       0.98385866189704807       0.93709604904108079       0.58043684569857013       0.88411836964255419       0.99996379506321886     
  0.99954922193124363       0.99641326481897174       0.98263755588858293       0.93349065652200736       0.56133350682620531       0.87651750530435024       0.99996106465325441     
  0.99952405714529535       0.99577456845467793       0.97972840150853946       0.92980564745192085       0.54192346629401544       0.86688378564999147       0.99995817525553610     
  0.99946101570768897       0.99508879267185024       0.97861689919495165       0.92304248631551478       0.52400114314177193       0.85661751643993400       0.99996215499926500     
  0.99861363225875532       0.99306798399040019       0.97713170154857609       0.90440525848364528       0.51037388214436874       0.84482438802376947       0.99995948369432475     
  0.99744581867411164       0.98997444969010928       0.97580127923668647       0.88738909793091891       0.49099974531087648       0.84569593266722043       0.99995665416857693     
  0.99676428641969694       0.98846762812082190       0.97309073100038057       0.87993191877266008       0.47218392780911206       0.83533103341410653       0.99995364289913957     
  0.99513653375610855       0.98743986125323602       0.97128130164161064       0.87247031405151221       0.45343891517294899       0.82248791020744172       0.99995865351033331     
  0.99167323847692845       0.98648740155222747       0.96896436510231643       0.86553784255735144       0.43711292957751446       0.81960190468902372       0.99995595279853478     
  0.99012034388970505       0.98404985005679235       0.96567454980679224       0.85873351974077972       0.42193392511960787       0.82355999693345738       0.99995307017643620     
  0.98930205261126103       0.98233017743633411       0.96409890901919160       0.85187109571524589       0.44914151079039227       0.81665944200773966       0.99995873235948651     
  0.98813320666577620       0.97956381299151962       0.95974267766351928       0.84600047280447310       0.43570461835134439       0.80704459406505702       0.99995620276062380     
  0.98615350660666823       0.97839763387016876       0.95812389078828841       0.84045269327128203       0.42370579428641564       0.79538857363550874       0.99995344297583511     
  0.98498476320585560       0.97585515251634680       0.95515155009519637       0.83211366625465044       0.41224034227339346       0.78379133934407252       0.99995034938404026     
  0.98158116102251225       0.97352373534989545       0.95279264757717597       0.82690249261578530       0.40238472278254606       0.77206118928784839       0.99995727352783192     
  0.98018403279194777       0.97253368741983859       0.95089393105487985       0.82159956725670635       0.39529893258983911       0.76861891124245885       0.99995442933255674     
  0.97846644180253894       0.96842058631036276       0.94861773606529110       0.81699457922701568       0.41409391291156633       0.75764828706564835       0.99995105083073565     
  0.97479332529900942       0.96548130573041435       0.93940418196794362       0.80876884000471050       0.40682937745554254       0.75917731677019784       0.99995874256730299     
  0.97308274645757098       0.96364856587489167       0.93588270587596278       0.80474076803530059       0.41261613969378197       0.75237197784413501       0.99995563794134790     
  0.96947183671990989       0.96039853632959682       0.92687728929011681       0.80078501044915695       0.40750015287433877       0.76324297073548864       0.99995196636878592     
  0.96781410668879331       0.95664820153992802       0.92093320633941667       0.79754686007429276       0.44186695785565155       0.77402803331460657       0.99996074729914430     
  0.96389457265620693       0.95175847667864477       0.91567852047119913       0.77961651883081662       0.44483415353742956       0.77813431078731343       0.99995778708449645     
  0.96004433086529162       0.94952326740513304       0.90165275661675581       0.77590967068723171       0.44449027788081008       0.77958512854300777       0.99995458894351819     
  0.95569245789616430       0.94643639955819359       0.89425603628184536       0.77300841816727928       0.44608774688999414       0.77781823567435537       0.99996465494734343     
  0.95042561705368844       0.93077395479343705       0.88731192202126552       0.76969425521107515       0.44871579150359381       0.77761641394488301       0.99996280593971199     
  0.94352581320568973       0.92128166653535892       0.87804128642852830       0.76605837596287629       0.45259189833045554       0.77838548820756304       0.99996122959857725     
  0.92997326394098456       0.91199974063969980       0.86920660581684239       0.76188278108168916       0.46876082911945560       0.78083786872921590       0.99997198423800193     
  0.91462231657431836       0.89958823173069513       0.85846039516107397       0.75990212328781392       0.46367276403175628       0.78483699617997138       0.99997200274162990     
  0.90518004574810973       0.89311137699452825       0.85003525344622322       0.77400801705324129       0.47547697188574994       0.79064087825751461       0.99997243859195384     
  0.89805929234744586       0.87333212698771989       0.87333586994634371       0.76616302823373050       0.48638212900167677       0.79804413003112618       0.99998191641186274     
  0.92500664953202338       0.90355174035580610       0.90159816995209019       0.79319169209839757       0.50838470216460907       0.80157268662799819       0.99998306970909234     
  0.95238580119463956       0.93262145176058842       0.92533425268159031       0.82078268232309359       0.53227000311554273       0.80619823582807193       0.99998453653573915     
  0.96712049076434525       0.95335029418537331       0.94448188830423185       0.84798299921004017       0.55788996211762665       0.81192100529620592       0.99999107739791082     
  0.97719760755255414       0.96730235875159998       0.95929420771242702       0.87370872937458055       0.58511225375828968       0.87247952039874022       0.99999245003009929     
  0.98550835429110772       0.97751164772520560       0.97060737168223854       0.89724208733305943       0.61385741187727161       0.87846669753718476       0.99999385471870583     
  0.99125966276487676       0.98521509557367914       0.97863017596478641       0.91814482031811140       0.64986827590153362       0.88509064134812965       0.99999705361658509     
  0.99520261251243114       0.99086268105930486       0.98531902970876384       0.93619609393407166       0.72121355874782156       0.89228249815168414       0.99999787231884918     
  0.99765138484169624       0.99476619353031226       0.98927448961401765       0.95137177156836139       0.78901284660463022       0.89994767287925059       0.99999915425015518     
  0.99898021301337159       0.99726328546188647       0.99301601786399707       0.96381507380392317       0.81787163728189127       0.90796668573698425       0.99999948725723686     
  0.99958498731579948       0.99871065142495719       0.99523630551422437       0.97378151928328216       0.84471273925807444       0.91619935580715739       0.99999971999548620     
  0.99984339162321878       0.99944166362945297       0.99725188596489533       0.98157368292174885       0.87037425001639102       0.92449113186634013       0.99999992815797167     
  0.99994853619558899       0.99977806734508090       0.99831840326119670       0.98749752389264356       0.89434105670771025       0.95117665444555333       0.99999997051863798     
  0.99998605450710576       0.99991697549072134       0.99918289356596357       0.99184409921152117       0.91612249965793291       0.95633679693715645       0.99999998961103143     
  0.99999652299880815       0.99996965540390403       0.99960839852234373       0.99489166235604154       0.93530371371417664       0.96120290504485117       0.99999999861370203     
  0.99999875509968295       0.99998730596746677       0.99981425570445115       0.99690886443342486       0.95159819315756622       0.96572610295887495       0.99999999970294962     
  0.99999926575414622       0.99999294474427447       0.99990226058758902       0.99815987720204136       0.96488910124767036       0.96989282779917496       0.99999999998421196     
  0.99999950264488535       0.99999526345666334       0.99994037072424846       0.99888107967971229       0.97525214600043053       0.97372919186056672       0.99999999999881461     
  0.99999967029638293       0.99999669813658687       0.99995750759264412       0.99928454083869300       0.98294636181307538       0.97729706793962767       0.99999999999995182     
  0.99999979470536371       0.99999776034649790       0.99997028267708576       0.99951698879314554       0.98838039367928410       0.98068148449923886       0.99999999999999711     
  0.99999988338235624       0.99999856257674280       0.99997950662517610       0.99966551220631050       0.99205055651797902       0.98611576643175325        1.0000000000000016     
  0.99999994177596541       0.99999915156356189       0.99998638632330061       0.99977067972444966       0.99446301707566787       0.99028661170479126       0.99999999999999845     
  0.99999997565214549       0.99999955661950746       0.99999146821695717       0.99984819588664864       0.99608532625188839       0.99309756457032239        1.0000000000000016     
  0.99999999196225575       0.99999980489357654       0.99999509322464797       0.99990387064991304       0.99726689962746395       0.99549537589037518        1.0000000000000000     
  0.99999999803828998       0.99999993194349124       0.99999752187014945       0.99994238339063590       0.99818570032406562       0.99729276850943860       0.99999999999999989     
  0.99999999967141495       0.99999998242495214       0.99999896375591102       0.99996796677546518       0.99888413395729791       0.99848447612607472        1.0000000000000000     
  0.99999999996503075       0.99999999688326957       0.99999966571493981       0.99998414757443876       0.99936951620292247       0.99919843538845765       0.99999999999999944     
  0.99999999999782485       0.99999999965082875       0.99999992321538844       0.99999344300173243       0.99967109405724008       0.99960617858326217        1.0000000000000036     
  0.99999999999992772       0.99999999997741029       0.99999998848716054       0.99999786997043749       0.99984088665393034       0.99983755425944310        1.0000000000000024     
  0.99999999999999911       0.99999999999924316       0.99999999898264735       0.99999948132700545       0.99994313817775615       0.99995656096438323       0.99999999999999956     
  0.99999999999999922       0.99999999999998823       0.99999999995354494       0.99999990548911477       0.99998726721093900       0.99999538297814594       0.99999999999999833     
   1.0000000000000002        1.0000000000000002       0.99999999999908262       0.99999999013553398       0.99999669856601270       0.99999919925453729       0.99999999999999922     
  0.99999999999999933       0.99999999999999989       0.99999999999999400       0.99999999943168549       0.99999983202991516       0.99999998850417837       0.99999999999999989     
  0.99999999999999956        1.0000000000000004       0.99999999999999867       0.99999999999233014       0.99999992480938660       0.99999999998799460        1.0000000000000004     
  0.99999999999999944       0.99999999999999933       0.99999999999999978       0.99999999999999545       0.99999999998941469       0.99999999999999900       0.99999999999999867     
  0.99999999999999911       0.99999999999999933        1.0000000000000004       0.99999999999999989       0.99999999999999944        1.0000000000000004       0.99999999999999745     
   1.0000000000000000        1.0000000000000000       0.99999999999999978        1.0000000000000002        1.0000000000000004       0.99999999999999978        1.0000000000000002     
