  0.58349629541061954       0.59258400833102498       0.60207106069673810       0.59891438586219248       0.56113211425266907       0.51371985796442243       0.51641998428546754     
  0.57664915781168535       0.58499808974218337       0.59474458933737995       0.59591021633003183       0.56811349335477768       0.53433036947137935       0.55239357653324039     
  0.57116318163331603       0.57870514186004429       0.58826360210477324       0.59242482767955451       0.57393315693013891       0.55356383985615409       0.58774892410779855     
  0.56675970306287959       0.57343902860666363       0.58260510445575675       0.58897167457210475       0.57916336128251500       0.57172027898358957       0.62212680371671958     
  0.56323956938537934       0.56904007044725946       0.57770106910651287       0.58573690996304584       0.58403999068869950       0.58840421254056641       0.65509746125027513     
  0.56045541464695336       0.56540160162558450       0.57348269852441969       0.58280079993848322       0.58862289369061038       0.60363861175599764       0.68736362010118635     
  0.55829381597897976       0.56243949098509372       0.56988282793484413       0.58019252728688475       0.59289446731214845       0.61738355631453379       0.71895882721572058     
  0.55667588393945433       0.56007822852992828       0.56684490872426241       0.57791981637232670       0.59683366485729894       0.63029726089494142       0.74958973392359085     
  0.55551321386936880       0.55824092293427818       0.56430568923167934       0.57596753906562437       0.60044748200171671       0.64268494149277211       0.77890394855322809     
  0.55470452811647941       0.55684890204250836       0.56219070487628497       0.57431619156267955       0.60373404136344988       0.65471070480032845       0.80655480950371783     
  0.55415921506696830       0.55582111761200403       0.56044821882323126       0.57294131789780678       0.60668779604646006       0.66647335898845039       0.83224495165941559     
  0.55379827661073311       0.55507560273390977       0.55906680121865160       0.57180984658854705       0.60929028192752022       0.67802642045243511       0.85575026853697200     
  0.55356399453606386       0.55454163322079297       0.55799092676306639       0.57089221412522584       0.61159309525750072       0.68941136242229673       0.87694819692629844     
  0.55341227325215037       0.55416236552094245       0.55716088942712172       0.57016575791093838       0.61363275202465961       0.70064424892184574       0.89580165866581973     
  0.55331555992967862       0.55389639865913887       0.55653144691630096       0.56958885444845930       0.61549973321511053       0.71173680176091392       0.91236142575848256     
  0.55325785003998362       0.55371432685050559       0.55606444740400796       0.56915253538290034       0.61720376566463242       0.72269508298770879       0.92674423565597741     
  0.55322885127977017       0.55359530399688617       0.55571926499523905       0.56884305180863237       0.61880983987798943       0.73351700425652488       0.93911175470033070     
  0.55322017027177373       0.55352336478577591       0.55546985746260846       0.56865759438784746       0.62034865200351219       0.74419802623004483       0.94965394562169381     
  0.55322762644397883       0.55348873031831003       0.55532229782572562       0.56859115886056921       0.62185194643660413       0.75473305752407704       0.95857243618846510     
  0.55324808791514857       0.55348548279347987       0.55526555783055576       0.56863033758627057       0.62335652308541944       0.76510989626610171       0.96606662963424339     
  0.55327735690075419       0.55350816447091433       0.55528677722848052       0.56875984821303815       0.62489473680842123       0.77532312561085281       0.97232777256934766     
  0.55330824339321472       0.55355009027205004       0.55536335353571187       0.56896152379755316       0.62649859110998485       0.78536335611496944       0.97753080561062022     
  0.55333978340607171       0.55360362246214034       0.55547876775527116       0.56924628894324691       0.62817700756919093       0.79522161047593765       0.98183326459058451     
  0.55336833234941196       0.55366272184626086       0.55562555283402737       0.56961140509211072       0.62996009047998913       0.80489543828977628       0.98537512109626735     
  0.55339420148113538       0.55372579401181776       0.55581071816756922       0.57005146737884349       0.63186076256961332       0.81437956811228296       0.98827844070068693     
  0.55341942413453482       0.55378795046879814       0.55603480013636752       0.57058093773131158       0.63388637570339557       0.82366742866092457       0.99064769866481173     
  0.55344041902354091       0.55384590841556880       0.55628811256704325       0.57118236196752370       0.63603656431079880       0.83274782207884579       0.99257200648090238     
  0.55345320706870049       0.55389671951644570       0.55655632244497988       0.57185187942914362       0.63831288021209864       0.84161259238473263       0.99412770872984646     
  0.55345395482478354       0.55394180898518552       0.55683210929330362       0.57259574193337825       0.64072314137287245       0.85026272334483988       0.99537985184267685     
  0.55343983178291223       0.55397837679639317       0.55711269668096475       0.57341995953543801       0.64327511461804476       0.85869206122462682       0.99638328683526223     
  0.55340552195397852       0.55399566437515724       0.55737931682716990       0.57431506104057595       0.64596188621680950       0.86688820340541117       0.99718315121384493     
  0.55333242590235254       0.55397470111543390       0.55762089804398640       0.57528735202917547       0.64878445072202651       0.87484538745854734       0.99781747889891992     
  0.55320454180494372       0.55391467220429913       0.55781326678434684       0.57632243578517361       0.65174002355925453       0.88255331522460767       0.99831778089097367     
  0.55300635634311746       0.55381542601863909       0.55791376765936129       0.57739441235000366       0.65482929957045066       0.89001043726927154       0.99871030697359597     
  0.55270032571882344       0.55364619133250048       0.55793811853199360       0.57848105256704641       0.65803210098162690       0.89720129924588399       0.99901660927783031     
  0.55225249699646106       0.55336515225610150       0.55781613368546157       0.57955555038926199       0.66135811764743191       0.90411635434116633       0.99925422798734498     
  0.55162982706825703       0.55287213768650856       0.55741211757741904       0.58058320641163064       0.66478315907170971       0.91074278584670099       0.99943744633787068     
  0.55079997279275861       0.55193675220912308       0.55668239885816906       0.58150091032390572       0.66823061778644177       0.91706702423168784       0.99957788222677857     
  0.54968037089850419       0.55037407724552168       0.55562072564009946       0.58221788741825453       0.67164839285669875       0.92304977788911013       0.99968476779007387     
  0.54764823075108005       0.54795137123926907       0.55423661805466606       0.58270178088601221       0.67503931779434811       0.92867762789511299       0.99976575178214888     
  0.54359321171189867       0.54456301860958189       0.55203512455255133       0.58286872900622122       0.67845513481710484       0.93391672243654589       0.99982674158168361     
  0.53799115439586609       0.54021489278532175       0.54908350193650890       0.58261793818243268       0.68170056381641475       0.93873930437911568       0.99987240526722554     
  0.53074657415563886       0.53437619850430451       0.54547859463135029       0.58189976922891240       0.68485825417293533       0.94312307598953038       0.99990640757045846     
  0.52169961781059460       0.52724614251015900       0.54044340713586425       0.58058625507233663       0.68770003466131990       0.94703313672365186       0.99993155314897886     
   1.0000000000000000        1.0000000000000000        1.0000000000000000        1.0000000000000000        1.0000000000000000        1.0000000000000000        1.0000000000000000     
   1.0000000000000000        1.0000000000000000        1.0000000000000000        1.0000000000000000        1.0000000000000000        1.0000000000000000        1.0000000000000000     
   1.0000000000000000        1.0000000000000000        1.0000000000000000        1.0000000000000000        1.0000000000000000        1.0000000000000000        1.0000000000000000     
   1.0000000000000000        1.0000000000000000        1.0000000000000000        1.0000000000000000        1.0000000000000000        1.0000000000000000        1.0000000000000000     
   1.0000000000000000        1.0000000000000000        1.0000000000000000        1.0000000000000000        1.0000000000000000        1.0000000000000000        1.0000000000000000     
   1.0000000000000000        1.0000000000000000        1.0000000000000000        1.0000000000000000        1.0000000000000000        1.0000000000000000        1.0000000000000000     
   1.0000000000000000        1.0000000000000000        1.0000000000000000        1.0000000000000000        1.0000000000000000        1.0000000000000000        1.0000000000000000     
   1.0000000000000000        1.0000000000000000        1.0000000000000000        1.0000000000000000        1.0000000000000000        1.0000000000000000        1.0000000000000000     
   1.0000000000000000        1.0000000000000000        1.0000000000000000        1.0000000000000000        1.0000000000000000        1.0000000000000000        1.0000000000000000     
   1.0000000000000000        1.0000000000000000        1.0000000000000000        1.0000000000000000        1.0000000000000000        1.0000000000000000        1.0000000000000000     
   1.0000000000000000        1.0000000000000000        1.0000000000000000        1.0000000000000000        1.0000000000000000        1.0000000000000000        1.0000000000000000     
   1.0000000000000000        1.0000000000000000        1.0000000000000000        1.0000000000000000        1.0000000000000000        1.0000000000000000        1.0000000000000000     
   1.0000000000000000        1.0000000000000000        1.0000000000000000        1.0000000000000000        1.0000000000000000        1.0000000000000000        1.0000000000000000     
   1.0000000000000000        1.0000000000000000        1.0000000000000000        1.0000000000000000        1.0000000000000000        1.0000000000000000        1.0000000000000000     
   1.0000000000000000        1.0000000000000000        1.0000000000000000        1.0000000000000000        1.0000000000000000        1.0000000000000000        1.0000000000000000     
   1.0000000000000000        1.0000000000000000        1.0000000000000000        1.0000000000000000        1.0000000000000000        1.0000000000000000        1.0000000000000000     
   1.0000000000000000        1.0000000000000000        1.0000000000000000        1.0000000000000000        1.0000000000000000        1.0000000000000000        1.0000000000000000     
   1.0000000000000000        1.0000000000000000        1.0000000000000000        1.0000000000000000        1.0000000000000000        1.0000000000000000        1.0000000000000000     
   1.0000000000000000        1.0000000000000000        1.0000000000000000        1.0000000000000000        1.0000000000000000        1.0000000000000000        1.0000000000000000     
   1.0000000000000000        1.0000000000000000        1.0000000000000000        1.0000000000000000        1.0000000000000000        1.0000000000000000        1.0000000000000000     
   1.0000000000000000        1.0000000000000000        1.0000000000000000        1.0000000000000000        1.0000000000000000        1.0000000000000000        1.0000000000000000     
   1.0000000000000000        1.0000000000000000        1.0000000000000000        1.0000000000000000        1.0000000000000000        1.0000000000000000        1.0000000000000000     
   1.0000000000000000        1.0000000000000000        1.0000000000000000        1.0000000000000000        1.0000000000000000        1.0000000000000000        1.0000000000000000     
   1.0000000000000000        1.0000000000000000        1.0000000000000000        1.0000000000000000        1.0000000000000000        1.0000000000000000        1.0000000000000000     
   1.0000000000000000        1.0000000000000000        1.0000000000000000        1.0000000000000000        1.0000000000000000        1.0000000000000000        1.0000000000000000     
   1.0000000000000000        1.0000000000000000        1.0000000000000000        1.0000000000000000        1.0000000000000000        1.0000000000000000        1.0000000000000000     
   1.0000000000000000        1.0000000000000000        1.0000000000000000        1.0000000000000000        1.0000000000000000        1.0000000000000000        1.0000000000000000     
   1.0000000000000000        1.0000000000000000        1.0000000000000000        1.0000000000000000        1.0000000000000000        1.0000000000000000        1.0000000000000000     
   1.0000000000000000        1.0000000000000000        1.0000000000000000        1.0000000000000000        1.0000000000000000        1.0000000000000000        1.0000000000000000     
   1.0000000000000000        1.0000000000000000        1.0000000000000000        1.0000000000000000        1.0000000000000000        1.0000000000000000        1.0000000000000000     
   1.0000000000000000        1.0000000000000000        1.0000000000000000        1.0000000000000000        1.0000000000000000        1.0000000000000000        1.0000000000000000     
   1.0000000000000000        1.0000000000000000        1.0000000000000000        1.0000000000000000        1.0000000000000000        1.0000000000000000        1.0000000000000000     
   1.0000000000000000        1.0000000000000000        1.0000000000000000        1.0000000000000000        1.0000000000000000        1.0000000000000000        1.0000000000000000     
   1.0000000000000000        1.0000000000000000        1.0000000000000000        1.0000000000000000        1.0000000000000000        1.0000000000000000        1.0000000000000000     
   1.0000000000000000        1.0000000000000000        1.0000000000000000        1.0000000000000000        1.0000000000000000        1.0000000000000000        1.0000000000000000     
   1.0000000000000000        1.0000000000000000        1.0000000000000000        1.0000000000000000        1.0000000000000000        1.0000000000000000        1.0000000000000000     
   1.0000000000000000        1.0000000000000000        1.0000000000000000        1.0000000000000000        1.0000000000000000        1.0000000000000000        1.0000000000000000     
