 age=           1   2.8348865793400435        2.7584538225467372        2.6314016446783737        2.1836849554759379        1.7342439571111283        5.8881032213164719        19.918691191164115      , mean:     2.5677013436146479     
 age=           2   2.8513172394608111        2.7833278750003010        2.6651010495271192        2.2075052547578120        1.7066334523334517        5.8536030911081527        20.031924190788541      , mean:     2.5784822328674815     
 age=           3   2.8610357794451011        2.8008402909530896        2.6915108095763118        2.2245754572747689        1.6647430132540681        5.7511202681900038        19.954026562783280      , mean:     2.5755393933731221     
 age=           4   2.8651838636895310        2.8120811329996940        2.7114075489657541        2.2351775736129653        1.6099957903806381        5.6376553576019921        19.853810850327601      , mean:     2.5642097372010348     
 age=           5   2.8647232761882142        2.8179248183525862        2.7254172279240696        2.2395010263942785        1.5440196628048219        5.5427223994933712        19.709484091612161      , mean:     2.5468503289589375     
 age=           6   2.8604228304278334        2.8190970412398921        2.7340873139949653        2.2376710410405520        1.4707371686320980        5.4531767588098132        19.519656354827084      , mean:     2.5238177409394322     
 age=           7   2.8528805563189494        2.8162212692548483        2.7379414220596687        2.2301423952721340        1.3954308686053916        5.3599342427841439        19.292276443440269      , mean:     2.4962210288937068     
 age=           8   2.8425523561653754        2.8098211318677708        2.7374438264664449        2.2175354032604404        1.3213283567131127        5.2631430603749161        19.035572199127174      , mean:     2.4652862509428792     
 age=           9   2.8297829000318333        2.8003226321036179        2.7329968904131614        2.2004507874278394        1.2499535371544594        5.1634052473099912        18.756447626293365      , mean:     2.4318180624169949     
 age=          10   2.8148330246410458        2.7880608212903444        2.7249347497372303        2.1794380599301029        1.1814572359161548        5.0613135019944817        18.460415566248830      , mean:     2.3962375925109876     
 age=          11   2.7979000165988861        2.7732898784934439        2.7135209954017090        2.1549654059668999        1.1153502807747071        4.9574582282797142        18.151872912099510      , mean:     2.3587505355118168     
 age=          12   2.7791067119862012        2.7561908202821539        2.6989637960111574        2.1273914289651534        1.0508372181894960        4.8523746106824825        17.834342573087770      , mean:     2.3194194059439575     
 age=          13   2.7585169810627872        2.7368892091385910        2.6814102982731622        2.0970484934511364       0.98735488802172544        4.7465395478707348        17.510636528867792      , mean:     2.2783260654055857     
 age=          14   2.7361671180864233        2.7154638817923487        2.6609623147060888        2.0641668131323838       0.92455974627321613        4.6403710000103580        17.183020954085062      , mean:     2.2355453702239214     
 age=          15   2.7120557302215440        2.6919527617123640        2.6376630127874234        2.0289225623826863       0.86227185757370206        4.5342316530858584        16.853291506994026      , mean:     2.1911477279301410     
 age=          16   2.6861517385584746        2.6663528112409991        2.6115165091932653        1.9914465844275187       0.80049019609321537        4.4284418499433640        16.522876395142017      , mean:     2.1452123604736406     
 age=          17   2.6583776850449854        2.6386302602048928        2.5824820964275634        1.9518396848118706       0.73927632405961285        4.3232773181350463        16.192904333947734      , mean:     2.0978044471330013     
 age=          18   2.6286418874877211        2.6087233522420306        2.5504499569815744        1.9101645376877860       0.67874363517243819        4.2189942740797104        15.864261642961136      , mean:     2.0489658841268961     
 age=          19   2.5968271922647825        2.5765403171327219        2.5152924167307105        1.8664815662442151       0.61902462420965221        4.1158106144328404        15.537637389409880      , mean:     1.9987323368190799     
 age=          20   2.5627903529556719        2.5419673274968102        2.4768416109968436        1.8207789681062219       0.56024767276770859        4.0139165649498407        15.213563406526770      , mean:     1.9470970363755411     
 age=          21   2.5263775593728561        2.5048652542459195        2.4349095030315842        1.7730378025328142       0.50253666396175878        3.9134740613193446        14.892436879671639      , mean:     1.8940402807398187     
 age=          22   2.4874054431742274        2.4650668965594829        2.3893056733364455        1.7231786996136478       0.44600770726422595        3.8146182934357711        14.574559803659916      , mean:     1.8395127374119473     
 age=          23   2.4456664104034043        2.4223872166449869        2.3398773755091735        1.6711592131481587       0.39075872969846759        3.7174759714844066        14.260161026680311      , mean:     1.7834815601599732     
 age=          24   2.4009298867363364        2.3766147203241075        2.2865260658388000        1.6169607683679386       0.33687339271655775        3.6221483259872955        13.949407464572911      , mean:     1.7259288655503124     
 age=          25   2.3529362741953319        2.3275014684167004        2.2291999994358900        1.5605528674420657       0.28444785163276948        3.5287221876533259        13.642429234944803      , mean:     1.6668429918773686     
 age=          26   2.3013969775181762        2.2747662420883938        2.1679126127110355        1.5018725943971969       0.23356690112290079        3.4372735666411836        13.339337349848407      , mean:     1.6062099169255153     
 age=          27   2.2459910441457769        2.2180960732789456        2.1026811668160961        1.4408220911428951       0.18428871270237021        3.3478634234364981        13.040222183711498      , mean:     1.5439935884015221     
 age=          28   2.1863565517403161        2.1571317631781675        2.0335482764983999        1.3772404757986765       0.13664632862882964        3.2605408758799248        12.745154662323367      , mean:     1.4801300644392068     
 age=          29   2.1220876091364471        2.0914474631993523        1.9603792179558019        1.3109588225688740        9.0632368132520888E-002   3.1753393008783415        12.454190847167011      , mean:     1.4144942606235948     
 age=          30   2.0527371117826188        2.0205526676934724        1.8829740314925207        1.2417377512470473        4.6210899208669991E-002   3.0922830517775912        12.167389481953292      , mean:     1.3469068436463678     
 age=          31   1.9778049637094284        1.9438829082393039        1.8010479617557591        1.1693003677235898        3.3049821890799853E-003   3.0113921646878361        11.884828185328018      , mean:     1.2771387654029616     
 age=          32   1.8967239076910818        1.8607655091392092        1.7142125987646564        1.0932904216826564       -3.8214997061249409E-002   2.9326753847765712        11.606577237801501      , mean:     1.2048851694964335     
 age=          33   1.8088408748337661        1.7703825121419605        1.6219590378763555        1.0132448435869947       -7.8535466044170207E-002   2.8561283332855520        11.332719788956165      , mean:     1.1297474882408705     
 age=          34   1.7133838865225615        1.6718098505092285        1.5237154125724182       0.92874277124506743      -0.11790897727418716        2.7817365368242686        11.063334814532729      , mean:     1.0513040335318091     
 age=          35   1.6094096612496014        1.5641057267437395        1.4188591438235423       0.83932857401271732      -0.15667254270266404        2.7094778695970700        10.798513333664026      , mean:    0.96908463162511471     
 age=          36   1.4957703524500379        1.4465013625331922        1.3066962044100601       0.74453508663001322      -0.19523771898745698        2.6393220633231822        10.538354729147786      , mean:    0.88258835079934628     
 age=          37   1.3710431027092311        1.3183556966940269        1.1864395218159340       0.64379960705527295      -0.23410684631998235        2.5712419792775743        10.282974734878293      , mean:    0.79123991157652451     
 age=          38   1.2334258278808412        1.1791523547055183        1.0571402145414204       0.53657222019028072      -0.27392330245610169        2.5052043816218514        10.032496319236646      , mean:    0.69440062039197126     
 age=          39   1.0816625380956917        1.0289983241184779       0.91759165047036451       0.42216958952990402      -0.31543941194846248        2.4411971548793638        9.7870562605237943      , mean:    0.59133592026120563     
 age=          40  0.91509169618181474       0.86695555780690270       0.76640414343753005       0.29978293194127681      -0.35965405494852776        2.3792151499234646        9.5468138856527567      , mean:    0.48109968925316893     
 age=          41  0.73332915216204697       0.69090277414037127       0.60177527192192326       0.16833783850313799      -0.40757237921613793        2.3192223268018060        9.3119774356549474      , mean:    0.36247073251819512     
 age=          42  0.53474789592227212       0.49823929333874167       0.42129956953429754        2.7138421953924113E-002 -0.46047682305919535        2.2611432163507215        9.0828073879671134      , mean:    0.23411926184641391     
 age=          43  0.31656649523825886       0.28608348708411818       0.22232586699148266      -0.12524471628284883      -0.51992886697978824        2.2048440819137309        8.8596074719774229      , mean:     9.4281607657486208E-002
 age=          44   7.4947686357240528E-002   5.0589717411664188E-002   1.3320061472172271E-003 -0.28978824948949122      -0.58769966886662917        2.1501523904114785        8.6427548537034173      , mean:    -5.8963207467438689E-002
 age=          45 -0.19394084821762897      -0.21115253475227974      -0.24431655339928418      -0.46594632145975345      -0.66343390324277851        2.0974492555118287        8.4326983187593214      , mean:   -0.22613662243913377     
 age=          46 -0.13769870747121757      -0.15524863281371148      -0.18676862641703221      -0.38113237900618713      -0.58816521884482476        2.0694580639339359        8.2300275495129895      , mean:   -0.16103374528248487     
 age=          47  -9.1502910881735885E-002 -0.10862732603887582      -0.13839978712043402      -0.30625309886268426      -0.51294117727927913        2.0423944660599389        8.0310100692008888      , mean:   -0.10249438549239374     
 age=          48  -5.7865125275174192E-002  -7.1739633655101928E-002  -9.7811809319138202E-002 -0.24108787632559203      -0.43800448497905564        2.0161046979760835        7.8354203644710010      , mean:    -5.0210729288671194E-002
 age=          49  -3.5449742795947134E-002  -4.5076114587255633E-002  -6.5140631957140385E-002 -0.18503027155868088      -0.36349059841067932        1.9904166919415662        7.6430270348231231      , mean:    -4.0514734043278662E-003
 age=          50  -2.0914222301134749E-002  -2.6692642537754128E-002  -4.0039638813890596E-002 -0.13729070261582596      -0.28961713833773645        1.9651612074933411        7.4536741653550509      , mean:     3.6445194274588824E-002
 age=          51  -1.2297215401066611E-002  -1.5168078722214803E-002  -2.1895773904526770E-002  -9.7121957136531795E-002 -0.21639099516083324        1.9401980111653923        7.2673622608812174      , mean:     7.1801750361163708E-002
 age=          52  -6.8178961227666358E-003  -8.2634175770413352E-003  -9.7760287292200636E-003  -6.3897532614626801E-002 -0.14481233761478882        1.9154119739168045        7.0842406166762801      , mean:    0.10239048608527729     
 age=          53  -3.3408859780379684E-003  -4.0984902612543001E-003  -2.4763661937255732E-003  -3.7111382498142428E-002  -7.5473717138209703E-002   1.8906600743862818        6.9044415006772644      , mean:    0.12866710714824495     
 age=          54  -1.3309886701712663E-003  -1.6238836768039436E-003   1.3472636336644731E-003  -1.6298143244043953E-002  -7.2846457420518498E-003   1.8657695643953323        6.7280814122560049      , mean:    0.15145513767759894     
 age=          55  -3.0784991721209053E-004  -2.4629062011263233E-004   2.9576054494378540E-003  -9.8926208180503505E-004   5.6888337038652925E-002   1.8405563387230881        6.5553763115536743      , mean:    0.17057507031466035     
 age=          56   9.6829521809438951E-005   3.9062690031459234E-004   3.3407469984341239E-003   9.3441088104822597E-003  0.11555461885534418        1.8148368503761991        6.3866796055188546      , mean:    0.18612147426594200     
 age=          57   1.8944347439265929E-004   5.5592178719842300E-004   3.0937755996720824E-003   1.5336712921481876E-002  0.16719126624456854        1.7884147016031464        6.2223495031366527      , mean:    0.19812083266355443     
 age=          58   1.7482642253016537E-004   4.9567512768539524E-004   2.5472968172985905E-003   1.7757023593408056E-002  0.21025042149161838        1.7610614935266855        6.0626431605386983      , mean:    0.20657535134824007     
 age=          59   1.4630076851971508E-004   3.7428927603776955E-004   1.9175886988381133E-003   1.7340592497531029E-002  0.24328944571892466        1.7325155783412947        5.9077392533445554      , mean:    0.21146417901536266     
 age=          60   1.2869387441194445E-004   2.7706939706661045E-004   1.3279511865887451E-003   1.4990436780979027E-002  0.26498278653191848        1.7024841287434922        5.7577656966209325      , mean:    0.21282837204709437     
 age=          61   1.2132766605178467E-004   2.2282803446204479E-004   8.6859288868736595E-004   1.1774070125930118E-002  0.27442860319732726        1.6706460796161275        5.6127858547256793      , mean:    0.21085946642211734     
 age=          62   1.1920564438657876E-004   2.0052704991827092E-004   5.6577271209016730E-004   8.4513408108624066E-003  0.27136765720262368        1.6366686330267635        5.4727917850333814      , mean:    0.20576876044697454     
 age=          63   1.1896742395965788E-004   1.9441648713544479E-004   4.0268480635952217E-004   5.5917057950785999E-003  0.25626918949746952        1.6002238591072588        5.3376600599834267      , mean:    0.19786002575173120     
 age=          64   1.1916408777592140E-004   1.9431146189159381E-004   3.3417575243930133E-004   3.4841448679069713E-003  0.23046927374259685        1.5610254587992605        5.2071640729666946      , mean:    0.18753522463018343     
 age=          65   1.1936994039020290E-004   1.9557468521068169E-004   3.1550023726560102E-004   2.0469619116445332E-003  0.19651026958510481        1.5188867869228497        5.0809883084615857      , mean:    0.17535284468617254     
 age=          66   1.1951205116326934E-004   1.9673512367079503E-004   3.1616862548174737E-004   1.1986146532069256E-003  0.15810623761737433        1.4738330259325843        4.9587507654660428      , mean:    0.16217080576850529     
 age=          67   1.1959755956653562E-004   1.9753169594509526E-004   3.2121020486214764E-004   7.7788531413836243E-004  0.11904017888956485        1.4261025504332343        4.8399940056169761      , mean:    0.14884988753261214     
 age=          68   1.1964291404540159E-004   1.9800991186014926E-004   3.2543433729393463E-004   6.1542322196047282E-004   8.2612907362756283E-002   1.3760026052885781        4.7241171093306393      , mean:    0.13613697752011933     
 age=          69   1.1966288349619764E-004   1.9825880074410472E-004   3.2799103322747321E-004   5.7508810156822244E-004   5.2309025480105992E-002   1.3238034098101823        4.6103342254858255      , mean:    0.12483355006712758     
 age=          70   1.1966916822655577E-004   1.9835988807773706E-004   3.2921694677883796E-004   5.7352094936608249E-004   3.0093775728906404E-002   1.2691927956729498        4.4974968957747645      , mean:    0.11535601858075169     
 age=          71   1.1966982856465857E-004   1.9838123808172225E-004   3.2958107006189337E-004   5.7473935477240340E-004   1.6129403989767113E-002   1.2102256677303702        4.3838983776551768      , mean:    0.10759874276347312     
 age=          72   1.1966915092322404E-004   1.9837254626726657E-004   3.2947479783326377E-004   5.7085591619692811E-004   8.4825703647046849E-003   1.1413050241690805        4.2670541770400874      , mean:    0.10072983853040596     
 age=          73   1.1966859235578883E-004   1.9836093716387137E-004   3.2920485331362905E-004   5.6402300942623776E-004   4.8452742425963737E-003   1.0512182699030586        4.1434069954518247      , mean:     9.3476891952459326E-002
 age=          74   1.1966826778927854E-004   1.9835444939714429E-004   3.2896925070823263E-004   5.5716239072306994E-004   3.2017599025222832E-003  0.92493318102998978        4.0081289252149759      , mean:     8.4394172588594760E-002
 age=          75   1.1966799241244568E-004   1.9835192169534191E-004   3.2883649841636471E-004   5.5172062301970907E-004   2.3339411670151001E-003  0.75307613948306751        3.8546407271763239      , mean:     7.2566080315685136E-002
 age=          76   1.1966762009736997E-004   1.9835082153636644E-004   3.2878450629513200E-004   5.4805017943966756E-004   1.7518278777731839E-003  0.54752563165090717        3.6741325959022855      , mean:     5.8550346617087932E-002
 age=          77   1.1966702552286586E-004   1.9834976131188092E-004   3.2876937292039744E-004   5.4603749020264017E-004   1.3479920718289609E-003  0.34537072812494807        3.4547528269278378      , mean:     4.4533964723088688E-002
 age=          78   1.1966600455694020E-004   1.9834806167016349E-004   3.2876418461322022E-004   5.4521056185548279E-004   1.1049004472206800E-003  0.18892035687643335        3.1819910835728260      , mean:     3.3030494169067538E-002
 age=          79   1.1966408632660815E-004   1.9834488258407723E-004   3.2875864633690046E-004   5.4496823211555741E-004   9.8267794800234822E-004   9.5284287956697203E-002   2.8390355343048155      , mean:     2.4976817283286414E-002
 age=          80   1.1965985574674433E-004   1.9833787325319652E-004   3.2874701855160530E-004   5.4490541015794660E-004   9.3036792278649498E-004   5.0368710911306000E-002   2.4059326474842289      , mean:     1.9359681449941886E-002
 age=          81   1.1964623145092807E-004   1.9831530183422384E-004   3.2870964600268971E-004   5.4483810697559371E-004   9.1072825221247505E-004   2.9125846553112768E-002   1.8707708688854279      , mean:     1.4545318159985264E-002
   1.2487177629016799     
   1.3126486546936833     
