   1.1277234346659479E-004   1.0655666542114168E-003   4.1687228104966036E-003   6.5604178601868027E-003   4.1687228104966183E-003   1.0655666542114192E-003   1.1277234346659362E-004
   1.1267232542392890E-004   1.0646216007718231E-003   4.1650255609484927E-003   6.5545994109706554E-003   4.1650255609484892E-003   1.0646216007718201E-003   1.1267232542392730E-004
   1.1256830665955606E-004   1.0636387451946391E-003   4.1611804214184596E-003   6.5485482237858774E-003   4.1611804214184500E-003   1.0636387451946445E-003   1.1256830665955495E-004
   1.1246028717347717E-004   1.0626180874798833E-003   4.1571873919064826E-003   6.5422642986324667E-003   4.1571873919064835E-003   1.0626180874798810E-003   1.1246028717347617E-004
   1.1235169615572594E-004   1.0615920294597546E-003   4.1531732352542376E-003   6.5359471251977526E-003   4.1531732352542350E-003   1.0615920294597509E-003   1.1235169615572486E-004
   1.1224424820131886E-004   1.0605767720503574E-003   4.1492013328825314E-003   6.5296964483255726E-003   4.1492013328825435E-003   1.0605767720503628E-003   1.1224424820131787E-004
   1.1213737177858458E-004   1.0595669149463377E-003   4.1452505576511150E-003   6.5234790197345981E-003   4.1452505576511228E-003   1.0595669149463349E-003   1.1213737177858376E-004
   1.1203106688752214E-004   1.0585624581476796E-003   4.1413209095599781E-003   6.5172948394248854E-003   4.1413209095599642E-003   1.0585624581476790E-003   1.1203106688752139E-004
   1.1192304740144294E-004   1.0575418004329172E-003   4.1373278800479942E-003   6.5110109142714461E-003   4.1373278800480133E-003   1.0575418004329165E-003   1.1192304740144237E-004
   1.1181102719365769E-004   1.0564833405805752E-003   4.1331869605541003E-003   6.5044942511493500E-003   4.1331869605540942E-003   1.0564833405805744E-003   1.1181102719365671E-004
   1.1169386320082048E-004   1.0553762779799084E-003   4.1288558967977297E-003   6.4976783534961644E-003   4.1288558967977470E-003   1.0553762779799063E-003   1.1169386320081957E-004
   1.1156926929624226E-004   1.0541990114094392E-003   4.1242501802177985E-003   6.4904302281869200E-003   4.1242501802177941E-003   1.0541990114094413E-003   1.1156926929624159E-004
   1.1143838854326775E-004   1.0529623414799155E-003   4.1194120650948265E-003   6.4828163717840755E-003   4.1194120650948143E-003   1.0529623414799137E-003   1.1143838854326751E-004
   1.1129950634688157E-004   1.0516500672752237E-003   4.1142781700080179E-003   6.4747370394439389E-003   4.1142781700080110E-003   1.0516500672752183E-003   1.1129950634688024E-004
   1.1115262270708035E-004   1.0502621887953634E-003   4.1088484949573434E-003   6.4661922311664930E-003   4.1088484949573399E-003   1.0502621887953597E-003   1.1115262270707938E-004
   1.1099773762386618E-004   1.0487987060403344E-003   4.1031230399428253E-003   6.4571819469518080E-003   4.1031230399428157E-003   1.0487987060403307E-003   1.1099773762386536E-004
   1.1083370803389486E-004   1.0472488183993960E-003   4.0970595506839057E-003   6.4476396902373072E-003   4.0970595506839005E-003   1.0472488183993953E-003   1.1083370803389352E-004
   1.1065939087381967E-004   1.0456017252618174E-003   4.0906157729000414E-003   6.4374989644606457E-003   4.0906157729000431E-003   1.0456017252618189E-003   1.1065939087381840E-004
   1.1047364308029703E-004   1.0438466260168603E-003   4.0837494523106969E-003   6.4266932730592165E-003   4.0837494523106848E-003   1.0438466260168572E-003   1.1047364308029641E-004
   1.1027417852663824E-004   1.0419619194430407E-003   4.0763760803547103E-003   6.4150896229081744E-003   4.0763760803547181E-003   1.0419619194430359E-003   1.1027417852663732E-004
   1.1006042568116900E-004   1.0399422052349927E-003   4.0684745298918724E-003   6.4026547657262617E-003   4.0684745298918794E-003   1.0399422052349869E-003   1.1006042568116814E-004
   1.0983066994887418E-004   1.0377712824766090E-003   4.0599814195013389E-003   6.3892889566697364E-003   4.0599814195013397E-003   1.0377712824766064E-003   1.0983066994887311E-004
   1.0958319673473466E-004   1.0354329502517861E-003   4.0508333677622852E-003   6.3748924508949057E-003   4.0508333677622696E-003   1.0354329502517824E-003   1.0958319673473435E-004
   1.0931743450707993E-004   1.0329218082551488E-003   4.0410092475344217E-003   6.3594320001205979E-003   4.0410092475344243E-003   1.0329218082551479E-003   1.0931743450707947E-004
   1.0903338326590973E-004   1.0302378564867017E-003   4.0305090588177508E-003   6.3429076043467376E-003   4.0305090588177639E-003   1.0302378564866926E-003   1.0903338326590821E-004
   1.0872989994787724E-004   1.0273702943357046E-003   4.0192905473317442E-003   6.3252527670108845E-003   4.0192905473317424E-003   1.0273702943357000E-003   1.0872989994787652E-004
   1.0840412689462315E-004   1.0242921202753079E-003   4.0072480773750210E-003   6.3063012467068974E-003   4.0072480773750054E-003   1.0242921202753058E-003   1.0840412689462236E-004
   1.0805377797945626E-004   1.0209817330840414E-003   3.9942971403864385E-003   6.2859200503097507E-003   3.9942971403864437E-003   1.0209817330840477E-003   1.0805377797945513E-004
   1.0767771013903313E-004   1.0174283321511687E-003   3.9803954820855150E-003   6.2640426812570794E-003   3.9803954820855211E-003   1.0174283321511691E-003   1.0767771013903154E-004
   1.0727592337335250E-004   1.0136319174766824E-003   3.9655431024721993E-003   6.2406691395488038E-003   3.9655431024722080E-003   1.0136319174766869E-003   1.0727592337335127E-004
   1.0684441696070824E-004   1.0095546869230048E-003   3.9495921115646057E-003   6.2155666872162523E-003   3.9495921115645961E-003   1.0095546869230067E-003   1.0684441696070767E-004
   1.0638090477441122E-004   1.0051750392686552E-003   3.9324580008015982E-003   6.1886023311346003E-003   3.9324580008015982E-003   1.0051750392686568E-003   1.0638090477441059E-004
   1.0588081456108191E-004   1.0004497720706915E-003   3.9139717530610090E-003   6.1595100850538893E-003   3.9139717530610116E-003   1.0004497720706885E-003   1.0588081456108071E-004
   1.0534071713068603E-004   9.9534648349687668E-004   3.8940066055011585E-003   6.1280904592867199E-003   3.8940066055011633E-003   9.9534648349687994E-004   1.0534071713068557E-004
   1.0475604022984536E-004   9.8982197110427913E-004   3.8723935409998482E-003   6.0940774675832038E-003   3.8723935409998517E-003   9.8982197110427934E-004   1.0475604022984460E-004
   1.0412221160517990E-004   9.8383303244993351E-004   3.8489635424349051E-003   6.0572051236934630E-003   3.8489635424349181E-003   9.8383303244993590E-004   1.0412221160517910E-004
   1.0343351593996665E-004   9.7732566448015755E-004   3.8235053384035617E-003   6.0171409448051619E-003   3.8235053384035726E-003   9.7732566448015777E-004   1.0343351593996592E-004
   1.0268423791748124E-004   9.7024586414125107E-004   3.7958076575030880E-003   5.9735524481059361E-003   3.7958076575030841E-003   9.7024586414125118E-004   1.0268423791748063E-004
   1.0186866222100001E-004   9.6253962837953059E-004   3.7656592283306983E-003   5.9261071507834308E-003   3.7656592283306940E-003   9.6253962837952701E-004   1.0186866222099986E-004
   1.0098335966048943E-004   9.5417455536277737E-004   3.7329332880447611E-003   5.8746055631502458E-003   3.7329332880447447E-003   9.5417455536277868E-004   1.0098335966048880E-004
   1.0002318645089715E-004   9.4510204234267794E-004   3.6974396923828128E-003   5.8187484506752639E-003   3.6974396923828050E-003   9.4510204234267414E-004   1.0002318645089697E-004
   9.8981855743828114E-005   9.3526268596015691E-004   3.6589460428018148E-003   5.7581700822649110E-003   3.6589460428018039E-003   9.3526268596015583E-004   9.8981855743827355E-005
   9.7854223754229421E-005   9.2460788346690351E-004   3.6172621950392790E-003   5.6925712233880195E-003   3.6172621950392842E-003   9.2460788346690047E-004   9.7854223754228811E-005
   9.6625430658620138E-005   9.1299722692330960E-004   3.5718388434480930E-003   5.6210874187325229E-003   3.5718388434480821E-003   9.1299722692331068E-004   9.6625430658620301E-005
   9.5282331228536434E-005   9.0030650930590151E-004   3.5221900638019023E-003   5.5429539578300295E-003   3.5221900638019044E-003   9.0030650930589945E-004   9.5282331228536014E-005
   9.3815209425546643E-005   8.8644392542339384E-004   3.4679566947160519E-003   5.4576056198995040E-003   3.4679566947160467E-003   8.8644392542339319E-004   9.3815209425546114E-005
   9.2212634616203938E-005   8.7130146916841169E-004   3.4087161933850272E-003   5.3643774393162718E-003   3.4087161933850254E-003   8.7130146916840952E-004   9.2212634616202854E-005
   9.0475749863852317E-005   8.5488994115168518E-004   3.3445108140893825E-003   5.2633359126427557E-003   3.3445108140893786E-003   8.5488994115168323E-004   9.0475749863851816E-005
   8.8614842738595165E-005   8.3730654686986006E-004   3.2757208453540756E-003   5.1550795089412415E-003   3.2757208453540660E-003   8.3730654686985768E-004   8.8614842738594501E-005
   8.6646487658931286E-005   8.1870789517864183E-004   3.2029589742470599E-003   5.0405724283675048E-003   3.2029589742470547E-003   8.1870789517864010E-004   8.6646487658930446E-005
   8.4580972194963199E-005   7.9919119157467592E-004   3.1266054892933005E-003   4.9204131399838372E-003   3.1266054892932983E-003   7.9919119157467245E-004   8.4580972194962697E-005
   8.2408580308261515E-005   7.7866463086668331E-004   3.0463012291081257E-003   4.7940364230091908E-003   3.0463012291081291E-003   7.7866463086668754E-004   8.2408580308260647E-005
   8.0117309833704990E-005   7.5701480664192326E-004   2.9616025237457788E-003   4.6607440635376453E-003   2.9616025237457545E-003   7.5701480664192044E-004   8.0117309833704014E-005
   7.7705446176277418E-005   7.3422551798427648E-004   2.8724459917853790E-003   4.5204363167254983E-003   2.8724459917853738E-003   7.3422551798427453E-004   7.7705446176276632E-005
   7.5174703930995182E-005   7.1031296580985424E-004   2.7788950146477942E-003   4.3732129274164054E-003   2.7788950146477986E-003   7.1031296580985543E-004   7.5174703930994206E-005
   7.2520510844479528E-005   6.8523394767570586E-004   2.6807805752108115E-003   4.2188079093605580E-003   2.6807805752108202E-003   6.8523394767570477E-004   7.2520510844479094E-005
   6.9733722409972749E-005   6.5890205869592101E-004   2.5777646392300528E-003   4.0566892900581837E-003   2.5777646392300532E-003   6.5890205869592296E-004   6.9733722409972383E-005
   6.6805194120717108E-005   6.3123089398459641E-004   2.4695091724610862E-003   3.8863250970094876E-003   2.4695091724610779E-003   6.3123089398459803E-004   6.6805194120716268E-005
   6.3729210659988015E-005   6.0216645048804271E-004   2.3558029035011751E-003   3.7073828474021185E-003   2.3558029035011855E-003   6.0216645048804542E-004   6.3729210659987215E-005
   6.0502914369424040E-005   5.7168172667941412E-004   2.2365401966489549E-003   3.5196962998299236E-003   2.2365401966489623E-003   5.7168172667941618E-004   6.0502914369423301E-005
   5.7128591375714111E-005   5.3979832378018568E-004   2.1118055604655147E-003   3.3233984474178267E-003   2.1118055604655126E-003   5.3979832378018623E-004   5.7128591375713880E-005
   5.3613100058927835E-005   5.0658104545478618E-004   1.9818525206341565E-003   3.1188882695406795E-003   1.9818525206341505E-003   5.0658104545478954E-004   5.3613100058927543E-005
   4.9971300242546238E-005   4.7217029964281582E-004   1.8472303828020226E-003   2.9070302215105596E-003   1.8472303828020195E-003   4.7217029964281571E-004   4.9971300242546116E-005
   4.6226624725137325E-005   4.3678749886440254E-004   1.7088053597203968E-003   2.6891874828581181E-003   1.7088053597203968E-003   4.3678749886440265E-004   4.6226624725136877E-005
   4.2409936217008276E-005   4.0072425960948081E-004   1.5677183169641230E-003   2.4671554607700640E-003   1.5677183169641208E-003   4.0072425960948244E-004   4.2409936217007985E-005
   3.8556669681847656E-005   3.6431540081093830E-004   1.4252791372302545E-003   2.2429955486829556E-003   1.4252791372302567E-003   3.6431540081093851E-004   3.8556669681847324E-005
   3.4703974678359245E-005   3.2791194231776566E-004   1.2828610846366550E-003   2.0188688848770836E-003   1.2828610846366566E-003   3.2791194231776474E-004   3.4703974678358947E-005
   3.0893001486954335E-005   2.9190270611653495E-004   1.1419853132831335E-003   1.7971693456013764E-003   1.1419853132831315E-003   2.9190270611653555E-004   3.0893001486954146E-005
   2.7166614983061065E-005   2.5669271510993480E-004   1.0042363586903085E-003   1.5803905519484582E-003   1.0042363586903092E-003   2.5669271510993426E-004   2.7166614983060879E-005
   2.3570537700469595E-005   2.2271399372748998E-004   8.7130439208017588E-004   1.3711923664171514E-003   8.7130439208017642E-004   2.2271399372749006E-004   2.3570537700469405E-005
   2.0151635236314719E-005   1.9040936700947064E-004   7.4492183895528399E-004   1.1723011480687254E-003   7.4492183895528432E-004   1.9040936700947067E-004   2.0151635236314584E-005
   1.6953343997697188E-005   1.6018925816392763E-004   6.2669436197653697E-004   9.8624376627704977E-004   6.2669436197653416E-004   1.6018925816392780E-004   1.6953343997697073E-005
   1.4015099670010887E-005   1.3242628826132987E-004   5.1807973382289813E-004   8.1531435244735519E-004   5.1807973382289715E-004   1.3242628826132987E-004   1.4015099670010664E-005
   1.1367764963563921E-005   1.0741207379160978E-004   4.2021882006921971E-004   6.6130831376632747E-004   4.2021882006922144E-004   1.0741207379160962E-004   1.1367764963563845E-005
   9.0330580819069172E-006   8.5351826358792880E-005   3.3391445204595339E-004   5.2548908492090578E-004   3.3391445204595507E-004   8.5351826358792839E-005   9.0330580819068003E-006
   7.0206950634701058E-006   6.6337351154154486E-005   2.5952579113777398E-004   4.0842188669208386E-004   2.5952579113777398E-004   6.6337351154154689E-005   7.0206950634699991E-006
   5.3329620349429312E-006   5.0390249399170969E-005   1.9713734590577666E-004   3.1023971220480660E-004   1.9713734590577644E-004   5.0390249399171051E-005   5.3329620349429075E-006
   3.9572852995332635E-006   3.7391714375721699E-005   1.4628431926391592E-004   2.3021109927189804E-004   1.4628431926391565E-004   3.7391714375721726E-005   3.9572852995332415E-006
   2.8668028686393486E-006   2.7087931731458832E-005   1.0597373561926655E-004   1.6677337867530904E-004   1.0597373561926697E-004   2.7087931731458798E-005   2.8668028686393291E-006
   2.0289374369357393E-006   1.9171084060342684E-005   7.5001347976155752E-005   1.1803139838463853E-004   7.5001347976155563E-005   1.9171084060342596E-005   2.0289374369357292E-006
   1.4025387240113589E-006   1.3252349375797428E-005   5.1846002234784817E-005   8.1591282150958683E-005   5.1846002234784723E-005   1.3252349375797420E-005   1.4025387240113439E-006
