  0.99159392516839662       0.98367926732747224       0.96834603751888271       0.92498890932496702       0.87000442183111970       0.97967105947750577       0.99999999999255340     
  0.99349524428981606       0.98659424108393501       0.97216709078701802       0.93028726823902363       0.87096402285910945       0.97929818881344766       0.99999999998994715     
  0.99495712156552474       0.98896455932863059       0.97545474137007016       0.93510407323543288       0.87160279160979370       0.97892913049806796       0.99999999998657219     
  0.99607341467851762       0.99087922916829574       0.97836913473682285       0.93948669296917764       0.87185269600347892       0.97856002448849444       0.99999999999070355     
  0.99691618786573422       0.99247391746496250       0.98091103499611565       0.94345449862196429       0.87128908424776319       0.97819211496809944       0.99999999998772759     
  0.99757880326974813       0.99372083124505839       0.98311560413076804       0.94703862163064134       0.86974042142074948       0.97785065197876331       0.99999999998399014     
  0.99806691889524635       0.99472723408863373       0.98503263911393679       0.94954827508302342       0.86723699227756024       0.97748485903654214       0.99999999997936351     
  0.99844304237469828       0.99555309863740238       0.98668778078352182       0.95005006033050665       0.86380440939103464       0.97712574589881107       0.99999999997372435     
  0.99873451700697713       0.99623084799320993       0.98814157800761981       0.95069526591427866       0.85923203273100590       0.97685405780454226       0.99999999998221289     
  0.99896182200660466       0.99678684476009083       0.98940605982451857       0.95151877210083946       0.85273422439761470       0.97690984896884381       0.99999999997769273     
  0.99914031840353745       0.99724744072868754       0.99050392402817800       0.95149045048703496       0.84388874457036567       0.97831637594936516       0.99999999997236577     
  0.99928154112708900       0.99763079925900400       0.99144699752250465       0.94986494399632415       0.83166314654782214       0.97797276566001556       0.99999999996620104     
  0.99938828367805921       0.99789043218530948       0.99182416470983181       0.94942455229399092       0.81655413715911029       0.97762936062784933       0.99999999997771960     
  0.99947806226974822       0.99816397361087783       0.99212995414476302       0.94863104978753088       0.79954075913292755       0.97728617941505713       0.99999999997318689     
  0.99955182335884796       0.99836439201869909       0.99220519900977344       0.94726041475403544       0.78246391319381803       0.97694236692468150       0.99999999996812283     
  0.99961258683213694       0.99853067325710598       0.99121932710086480       0.94338113500063747       0.76487214370209577       0.97660750857044354       0.99999999996253697     
  0.99965599733471699       0.99865651243591058       0.99037843052944763       0.94100190872117928       0.74762628793120889       0.97626113338171472       0.99999999997612776     
  0.99969738929352681       0.99875146521845126       0.98701960279195700       0.93877804018461575       0.72548156145017151       0.97592933333154552       0.99999999997241562     
  0.99972141788478486       0.99878173542452608       0.98604162017307040       0.93530472256565844       0.70829450335247113       0.97560273866228364       0.99999999996846067     
  0.99974741785674470       0.99840264296080328       0.98462308281777600       0.93115891734404643       0.69147611784451013       0.97525557997572898       0.99999999998063149     
  0.99975973040836830       0.99722657875568110       0.98271776445426495       0.92059904331326092       0.67512425204132809       0.97506530357334931       0.99999999997824607     
  0.99974783019559121       0.99662021345284002       0.97890844167039870       0.91534168264856652       0.67647695209380621       0.97520854334567031       0.99999999997579658     
  0.99970609482349382       0.99574702270694415       0.97780694480506403       0.90985880501508132       0.66060853114677287       0.97677506876138132       0.99999999998582467     
  0.99877882729996426       0.99331149579616229       0.97559224898633123       0.90344977200657095       0.63939033034113135       0.97652632786837334       0.99999999998455325     
  0.99828353143898330       0.99005503524964300       0.97276145683891524       0.89667323213744043       0.63182092058309325       0.97625341633542517       0.99999999998332223     
  0.99692448322094973       0.98822737777958136       0.96944826653170213       0.88777828905671308       0.61772611253962317       0.97599493875414811       0.99999999999082301     
  0.99350950349952871       0.98722508717422941       0.96761363855685634       0.87259186892288509       0.60326242543681574       0.97577754321826882       0.99999999999035960     
  0.99168712601460163       0.98112705458915106       0.96371698756356006       0.85851627231729755       0.58976838559046707       0.97555706819448762       0.99999999998999833     
  0.99056354177659245       0.98001399483148888       0.96190032911568457       0.85083797264512118       0.57717315712164174       0.97538568272444026       0.99999999999494615     
  0.98601213158078072       0.97689372892274684       0.95626158597306066       0.81433853698861802       0.56534923639112966       0.97521007089457679       0.99999999999496203     
  0.98399941762577381       0.97525661689905985       0.95406646152112651       0.80665834582867257       0.55482897161120603       0.97510471954494360       0.99999999999507716     
  0.98014691406175825       0.97107393704632572       0.95054561328651266       0.79703541640361453       0.54517276627281619       0.97565946720180052       0.99999999999779632     
  0.97708221055469913       0.96666340650286331       0.94767183079718742       0.78505076619660885       0.53380052585458448       0.97750522626074254       0.99999999999797595     
  0.97212529556261396       0.96484040137488947       0.94036910977858224       0.77313431674681032       0.49015576527005350       0.97750601468629439       0.99999999999820910     
  0.97103331106819069       0.95949790861904738       0.93115572657082646       0.75641153045315412       0.48418294680591412       0.97751694850270010       0.99999999999932820     
  0.96526399848411593       0.95514978867281608       0.92665300132214068       0.75068796027234941       0.47916393385059181       0.97756836205803532       0.99999999999946720     
  0.96091973422255350       0.95102214195616042       0.88799687005790695       0.72100850084332513       0.45028292042248336       0.97766022491075510       0.99999999999983114     
  0.95456122361883300       0.94207796134960975       0.87879873534785902       0.71663891073875918       0.42437070902174195       0.97779544959455278       0.99999999999987765     
  0.94868249512376468       0.92710538994337033       0.86182035046072014       0.70468698361036552       0.41702769196094586       0.97797682766582616       0.99999999999991729     
  0.93720347592045206       0.89984748081055943       0.83522689475249623       0.67232910522826383       0.41795408540134171       0.97825897212751700       0.99999999999998013     
  0.90809024291052065       0.87092931112599226       0.80022424338873988       0.65559317873085965       0.34845202559338923       0.97872836923903150       0.99999999999998757     
  0.84935599002076734       0.81615065424203381       0.77988730069091527       0.63257774257960886       0.32544118116238518       0.98145195459337964        1.0000000000000002     
  0.80817674212602186       0.77903600098848702       0.75282041935382693       0.59454972863910149       0.27879822322196829       0.98188823308647699       0.99999999999999956     
  0.77411536529709779       0.75680683299013063       0.71703265722154264       0.55244265305801787       0.23828964894706200       0.98234965277877839       0.99999999999999700     
  0.73754511687124380       0.71029551386486145       0.70597962428194860       0.45020405120168883       0.20856195106616696       0.98287513784963454        1.0000000000000016     
  0.77345192189369449       0.74719484256378843       0.74049883594059895       0.49606767425496151       0.22705481718813644       0.98335719799568611       0.99999999999999989     
  0.82742042441606767       0.79035182499751422       0.78036454312722014       0.54046149100843943       0.24187053670289094       0.98389992668589399       0.99999999999999878     
  0.87781700214741076       0.83919606485260589       0.81982024319635738       0.58293222087698215       0.25952896843833978       0.98450537532150406        1.0000000000000002     
  0.91627922912128890       0.88083799444149558       0.85742630315972712       0.62393051326631621       0.28028014582415528       0.98517468567501798        1.0000000000000016     
  0.94814291626756431       0.91850157791010523       0.89099385839093326       0.66394886257656105       0.30434168027862929       0.98590844394845589        1.0000000000000018     
  0.96519297521729930       0.94550715772629224       0.91964567089502014       0.70341103933177640       0.33193022638066449       0.98907254682079071        1.0000000000000000     
  0.97673878156188010       0.96313076787037177       0.94205334085120185       0.74253771316902439       0.36323294998693839       0.98986952243261095       0.99999999999999922     
  0.98565090889751705       0.97540645136841919       0.95309054778900537       0.78117761346606462       0.41851365752375258       0.99070958940095233       0.99999999999999778     
  0.99181672946412480       0.98430025886490358       0.96763755289164177       0.81875383488611475       0.54101366131664996       0.99158472846494494        1.0000000000000018     
  0.99586898296656712       0.99070037888097606       0.97793328144622904       0.85435599012064056       0.58696238053032601       0.99248431420679151       0.99999999999999833     
  0.99818779785139911       0.99502692884273158       0.98389149675625842       0.88691687984088285       0.63072384218899868       0.99339515253232624       0.99999999999999833     
  0.99929917781136024       0.99761842321474559       0.98996307106812231       0.91545769132875809       0.67587787006657918       0.99430117658498518       0.99999999999999978     
  0.99975624628177384       0.99899805697666066       0.99373333472003733       0.93930045620128100       0.72168967141568974       0.99518416015929212       0.99999999999999678     
  0.99992537446841401       0.99962261148493214       0.99668227130845355       0.95826144995595397       0.76719859903411647       0.99701555678899867       0.99999999999999889     
  0.99998058426879144       0.99987081929838462       0.99839714610420682       0.97253766747513348       0.81122417382569689       0.99761361949289773       0.99999999999999756     
  0.99999535176676191       0.99995690649958191       0.99929902876707866       0.98287397245796049       0.85242306821600966       0.99813898703072623        1.0000000000000022     
  0.99999845032177614       0.99998347901261453       0.99969722734480548       0.98987278611025009       0.88942844739878224       0.99858538736278168       0.99999999999999900     
  0.99999913035065091       0.99999132914635069       0.99985653798920582       0.99435911184158088       0.92104779911272472       0.99895906722515893        1.0000000000000009     
  0.99999942744862269       0.99999437031509419       0.99991923596564869       0.99697501909144981       0.94649810755998842       0.99925130725754863       0.99999999999999711     
  0.99999963061245101       0.99999619236730253       0.99994757124513445       0.99836611731346270       0.96558777986677091       0.99947996857777521        1.0000000000000016     
  0.99999977612299262       0.99999750034848600       0.99996448626726187       0.99905695802452477       0.97876991960444515       0.99965899387922019       0.99999999999999845     
  0.99999987640257493       0.99999845152237188       0.99997644295027022       0.99939664818455209       0.98710110359459946       0.99979922997391069        1.0000000000000016     
  0.99999994022548977       0.99999912068049590       0.99998504383396281       0.99960517357656242       0.99197084145166114       0.99994080752121917        1.0000000000000000     
  0.99999997594250523       0.99999956054902450       0.99999108505996026       0.99974486777627791       0.99476328421506688       0.99998086700592093       0.99999999999999989     
  0.99999999243060778       0.99999981698590890       0.99999516344888928       0.99984228562489841       0.99651274052189864       0.99999619750800350        1.0000000000000000     
  0.99999999826774122       0.99999994061524211       0.99999772569656142       0.99990720868321770       0.99776040775277886       0.99999968017651919       0.99999999999999944     
  0.99999999973397036       0.99999998611297103       0.99999913385542871       0.99994991310542158       0.99867898771427011       0.99999998831039738        1.0000000000000036     
  0.99999999997480826       0.99999999785086779       0.99999975375827288       0.99997499625109310       0.99930104837428879       0.99999999983433707        1.0000000000000024     
  0.99999999999865630       0.99999999979970911       0.99999995251445661       0.99998844744782134       0.99966863021958097       0.99999999999933742       0.99999999999999956     
  0.99999999999996247       0.99999999998981892       0.99999999441754139       0.99999569876339267       0.99985954251024201       0.99999999999999234       0.99999999999999833     
  0.99999999999999967       0.99999999999974487       0.99999999964149167       0.99999900869745462       0.99994999660955097        1.0000000000000004       0.99999999999999922     
  0.99999999999999933       0.99999999999999689       0.99999999998919742       0.99999983553309579       0.99998690343890706       0.99999999999999933       0.99999999999999989     
  0.99999999999999956        1.0000000000000004       0.99999999999985068       0.99999998600186280       0.99999795622154874       0.99999999999999978        1.0000000000000004     
  0.99999999999999944       0.99999999999999933       0.99999999999999900       0.99999999940609330       0.99999981519641112       0.99999999999999989       0.99999999999999867     
  0.99999999999999911       0.99999999999999933        1.0000000000000004       0.99999999999476796       0.99999999606007106        1.0000000000000004       0.99999999999999745     
   1.0000000000000000        1.0000000000000000       0.99999999999999978        1.0000000000000000       0.99999998870722440       0.99999999999999978        1.0000000000000002     
