  0.57894995365471968       0.58717296174541145       0.59725806509310575       0.59806890658557310       0.57098211884825056       0.51637958505317438       0.51735127834063677     
  0.57248356948957879       0.57999486805414990       0.59011568856471264       0.59502170870334958       0.57759172074440601       0.53591029120544986       0.55124961426271835     
  0.56745716171180616       0.57418432184517265       0.58382535206276309       0.59150839036041181       0.58290513313825809       0.55170744998835075       0.58354505165724180     
  0.56355748099005987       0.56945331355174800       0.57847636520292167       0.58808078838927824       0.58736786555205778       0.56614569523976799       0.61573064552599999     
  0.56059656284718851       0.56563930504940285       0.57395759097928090       0.58491817436747562       0.59092536680113128       0.57989842849893458       0.64789229941269322     
  0.55841973516307530       0.56262995236904123       0.57017924293565536       0.58206135797542580       0.59351379304853236       0.59329377003765260       0.67989648214859777     
  0.55686146517017610       0.56031164544520307       0.56705958927161992       0.57949437952181537       0.59528260177978043       0.60643367040398122       0.71149031698080090     
  0.55576054331352642       0.55855639618456709       0.56452149070490854       0.57719479873204615       0.59636698308679514       0.61938157265686045       0.74234227628240734     
  0.55499220599987886       0.55723133908101430       0.56247911371769077       0.57513408848064629       0.59711336638549617       0.63217078435271545       0.77207303687412898     
  0.55445866786526532       0.55623173927399583       0.56085066934045846       0.57329721919341159       0.59771334556548161       0.64481863445946053       0.80029816165097434     
  0.55408766222492245       0.55548150115240613       0.55956382153282114       0.57166879283594740       0.59829720809777365       0.65733652057691627       0.82667276767456921     
  0.55382987789925486       0.55491825929956740       0.55852786216387607       0.57023475926762557       0.59891567871481655       0.66972420403509769       0.85092157109854449     
  0.55365320549660824       0.55449881604544893       0.55775132949860773       0.56900012407980316       0.59961186621501195       0.68198855420288851       0.87287350656242579     
  0.55352915260833713       0.55418726476996027       0.55719684967478822       0.56794637405103077       0.60040024774332090       0.69412338905475190       0.89245120208786444     
  0.55344086394960657       0.55395827803116449       0.55681669749185669       0.56706707716150762       0.60129231173221631       0.70612347714545665       0.90967607890728319     
  0.55338022402013520       0.55379347308405047       0.55656904460421497       0.56635035721893290       0.60230205106200163       0.71798268631776552       0.92464680416354117     
  0.55333850997199285       0.55367924777751554       0.55641855121512040       0.56576779756225537       0.60343938513227546       0.72968957737408768       0.93751715107053701     
  0.55331146354558003       0.55360570683242871       0.55633556434381504       0.56530740240312716       0.60471007895426609       0.74123212974961250       0.94847720254965828     
  0.55329589641061638       0.55356347690100471       0.55628861410618413       0.56495041359927733       0.60612261926340882       0.75260192741391629       0.95773430584714236     
  0.55328768692782149       0.55354350721727652       0.55626764914367266       0.56470699351781561       0.60767426977970229       0.76377981218344060       0.96549648858939896     
  0.55328640825006126       0.55354638670198364       0.55628298784254226       0.56462477728193194       0.60937053110765571       0.77475612599050681       0.97196470654463440     
  0.55329036820352262       0.55356355010288560       0.55632439558307067       0.56465904206711315       0.61121206577943377       0.78551811763096491       0.97732382553369634     
  0.55329870793941627       0.55359235842059284       0.55638098134636338       0.56478830677795067       0.61320010447629958       0.79605396299106712       0.98174076831883295     
  0.55330906758765785       0.55364034480239133       0.55641211710526017       0.56500227816717286       0.61534029582018668       0.80636527101256572       0.98536404944696754     
  0.55332170354479426       0.55370497031738752       0.55644233860249348       0.56529174791817649       0.61763645379478072       0.81644001675788391       0.98832295222104383     
  0.55333703999790285       0.55378498649669472       0.55643948723418646       0.56564457628538445       0.62009119240399213       0.82626986740793407       0.99072770779511843     
  0.55335274828855674       0.55387730368228849       0.55635171578746068       0.56604554879763458       0.62269950947216934       0.83584268569231279       0.99267231973469494     
  0.55336688442185789       0.55397219186676872       0.55630601753010067       0.56648241669872368       0.62545828004635229       0.84514936800040175       0.99423719577969816     
  0.55337561447137107       0.55407592036739828       0.55626733897635794       0.56694911737056775       0.62837095144242583       0.85419447326120002       0.99549060580615623     
  0.55337612354141741       0.55417987574096550       0.55624049667518993       0.56744582337562488       0.63144177930564016       0.86296937666184215       0.99648994654831624     
  0.55335951436219899       0.55428565688562148       0.55615904489852974       0.56795904716670231       0.63465982861761683       0.87146204664515492       0.99728225447885455     
  0.55331790134262726       0.55438637052522044       0.55603244509642691       0.56848472120341587       0.63801969810611681       0.87966726653624283       0.99790704558945487     
  0.55323781216829881       0.55445054740963240       0.55584660214972648       0.56901195276379835       0.64150517340138680       0.88757498291297465       0.99839693107540217     
  0.55310237432134157       0.55444440173257126       0.55558133673913090       0.56952448878206141       0.64509611448177062       0.89515985517353558       0.99877855530500670     
  0.55288758959281337       0.55436220042133200       0.55518758080450259       0.57000035421569240       0.64878212699466231       0.90243220798213608       0.99907433179907301     
  0.55256790629702601       0.55412074643619169       0.55460863038316666       0.57039182048929937       0.65253459992616125       0.90938825221294017       0.99930221622247339     
  0.55210079431771231       0.55359529451886424       0.55378886759260704       0.57058470361747882       0.65632152305442015       0.91602159682892914       0.99947679234858544     
  0.55149212128194403       0.55233903144572627       0.55266431157043738       0.57064492578638781       0.66009404076182798       0.92232559812952297       0.99960972795164338     
  0.55040876283090689       0.55029504995534806       0.55116452296021345       0.57024858158999936       0.66385228433361199       0.92828916170083020       0.99971035012500098     
  0.54819982142988333       0.54724839074164644       0.54912750858196147       0.56956424276418771       0.66747800263820711       0.93389545880595104       0.99978609498206372     
  0.54343118557666259       0.54302380858770127       0.54645590032241909       0.56843967230845127       0.67098613095571991       0.93911497937859489       0.99984278661252823     
  0.53686563077200045       0.53755278337716228       0.54300077490762555       0.56689629319832080       0.67432758150776229       0.94391422643790357       0.99988496813881911     
  0.52842843528332584       0.53072951088465603       0.53839523474274809       0.56472068873669246       0.67746662797281954       0.94827035751682043       0.99991617288891022     
  0.51813608574333991       0.52225215979651396       0.53245269857354127       0.56198864275445637       0.68016153708317173       0.95215047319347923       0.99993909202662534     
   1.0000000000000000        1.0000000000000000        1.0000000000000000        1.0000000000000000        1.0000000000000000        1.0000000000000000        1.0000000000000000     
   1.0000000000000000        1.0000000000000000        1.0000000000000000        1.0000000000000000        1.0000000000000000        1.0000000000000000        1.0000000000000000     
   1.0000000000000000        1.0000000000000000        1.0000000000000000        1.0000000000000000        1.0000000000000000        1.0000000000000000        1.0000000000000000     
   1.0000000000000000        1.0000000000000000        1.0000000000000000        1.0000000000000000        1.0000000000000000        1.0000000000000000        1.0000000000000000     
   1.0000000000000000        1.0000000000000000        1.0000000000000000        1.0000000000000000        1.0000000000000000        1.0000000000000000        1.0000000000000000     
   1.0000000000000000        1.0000000000000000        1.0000000000000000        1.0000000000000000        1.0000000000000000        1.0000000000000000        1.0000000000000000     
   1.0000000000000000        1.0000000000000000        1.0000000000000000        1.0000000000000000        1.0000000000000000        1.0000000000000000        1.0000000000000000     
   1.0000000000000000        1.0000000000000000        1.0000000000000000        1.0000000000000000        1.0000000000000000        1.0000000000000000        1.0000000000000000     
   1.0000000000000000        1.0000000000000000        1.0000000000000000        1.0000000000000000        1.0000000000000000        1.0000000000000000        1.0000000000000000     
   1.0000000000000000        1.0000000000000000        1.0000000000000000        1.0000000000000000        1.0000000000000000        1.0000000000000000        1.0000000000000000     
   1.0000000000000000        1.0000000000000000        1.0000000000000000        1.0000000000000000        1.0000000000000000        1.0000000000000000        1.0000000000000000     
   1.0000000000000000        1.0000000000000000        1.0000000000000000        1.0000000000000000        1.0000000000000000        1.0000000000000000        1.0000000000000000     
   1.0000000000000000        1.0000000000000000        1.0000000000000000        1.0000000000000000        1.0000000000000000        1.0000000000000000        1.0000000000000000     
   1.0000000000000000        1.0000000000000000        1.0000000000000000        1.0000000000000000        1.0000000000000000        1.0000000000000000        1.0000000000000000     
   1.0000000000000000        1.0000000000000000        1.0000000000000000        1.0000000000000000        1.0000000000000000        1.0000000000000000        1.0000000000000000     
   1.0000000000000000        1.0000000000000000        1.0000000000000000        1.0000000000000000        1.0000000000000000        1.0000000000000000        1.0000000000000000     
   1.0000000000000000        1.0000000000000000        1.0000000000000000        1.0000000000000000        1.0000000000000000        1.0000000000000000        1.0000000000000000     
   1.0000000000000000        1.0000000000000000        1.0000000000000000        1.0000000000000000        1.0000000000000000        1.0000000000000000        1.0000000000000000     
   1.0000000000000000        1.0000000000000000        1.0000000000000000        1.0000000000000000        1.0000000000000000        1.0000000000000000        1.0000000000000000     
   1.0000000000000000        1.0000000000000000        1.0000000000000000        1.0000000000000000        1.0000000000000000        1.0000000000000000        1.0000000000000000     
   1.0000000000000000        1.0000000000000000        1.0000000000000000        1.0000000000000000        1.0000000000000000        1.0000000000000000        1.0000000000000000     
   1.0000000000000000        1.0000000000000000        1.0000000000000000        1.0000000000000000        1.0000000000000000        1.0000000000000000        1.0000000000000000     
   1.0000000000000000        1.0000000000000000        1.0000000000000000        1.0000000000000000        1.0000000000000000        1.0000000000000000        1.0000000000000000     
   1.0000000000000000        1.0000000000000000        1.0000000000000000        1.0000000000000000        1.0000000000000000        1.0000000000000000        1.0000000000000000     
   1.0000000000000000        1.0000000000000000        1.0000000000000000        1.0000000000000000        1.0000000000000000        1.0000000000000000        1.0000000000000000     
   1.0000000000000000        1.0000000000000000        1.0000000000000000        1.0000000000000000        1.0000000000000000        1.0000000000000000        1.0000000000000000     
   1.0000000000000000        1.0000000000000000        1.0000000000000000        1.0000000000000000        1.0000000000000000        1.0000000000000000        1.0000000000000000     
   1.0000000000000000        1.0000000000000000        1.0000000000000000        1.0000000000000000        1.0000000000000000        1.0000000000000000        1.0000000000000000     
   1.0000000000000000        1.0000000000000000        1.0000000000000000        1.0000000000000000        1.0000000000000000        1.0000000000000000        1.0000000000000000     
   1.0000000000000000        1.0000000000000000        1.0000000000000000        1.0000000000000000        1.0000000000000000        1.0000000000000000        1.0000000000000000     
   1.0000000000000000        1.0000000000000000        1.0000000000000000        1.0000000000000000        1.0000000000000000        1.0000000000000000        1.0000000000000000     
   1.0000000000000000        1.0000000000000000        1.0000000000000000        1.0000000000000000        1.0000000000000000        1.0000000000000000        1.0000000000000000     
   1.0000000000000000        1.0000000000000000        1.0000000000000000        1.0000000000000000        1.0000000000000000        1.0000000000000000        1.0000000000000000     
   1.0000000000000000        1.0000000000000000        1.0000000000000000        1.0000000000000000        1.0000000000000000        1.0000000000000000        1.0000000000000000     
   1.0000000000000000        1.0000000000000000        1.0000000000000000        1.0000000000000000        1.0000000000000000        1.0000000000000000        1.0000000000000000     
   1.0000000000000000        1.0000000000000000        1.0000000000000000        1.0000000000000000        1.0000000000000000        1.0000000000000000        1.0000000000000000     
   1.0000000000000000        1.0000000000000000        1.0000000000000000        1.0000000000000000        1.0000000000000000        1.0000000000000000        1.0000000000000000     
