   2.6251622114131203     
   2.6369613336875410     
   2.6345290079996477     
   2.6219614081695677     
   2.6030509739334207     
   2.5791170937599897     
   2.5501755922420686     
   2.5168401803389813     
   2.4800378430291197     
   2.4406486020585514     
   2.3993291579390985     
   2.3564688217525465     
   2.3122686363309408     
   2.2668149639873976     
   2.2201250954317135     
   2.1722368838361561     
   2.1231787801856141     
   2.0729684396056780     
   2.0216350415288007     
   1.9692175523302837     
   1.9156948607499935     
   1.8610287868433670     
   1.8051629720959248     
   1.7480560456389140     
   1.6896698043264797     
   1.6299564531180126     
   1.5688328134710456     
   1.5061882087759042     
   1.4418847808390725     
   1.3757397122238886     
   1.3075344089808534     
   1.2369945031343759     
   1.1637660476408287     
   1.0874216931607863     
   1.0074833044238707     
  0.92344620069442318     
  0.83475876605701105     
  0.74074026598617004     
  0.64056949638128580     
  0.53328161805937879     
  0.41776995121398164     
  0.29235747374028209     
  0.15519015401290495     
   3.9018138586737307E-003
 -0.16211234600818586     
  -9.7312676904107498E-002
  -3.9376429147576539E-002
   1.2409931644300541E-002
   5.8365124061120488E-002
   9.8644731261509563E-002
  0.13340029890422717     
  0.16323931255247792     
  0.18844083812109286     
  0.20899737055741724     
  0.22516506176846918     
  0.23718466520756093     
  0.24534968166036186     
  0.24994466477636978     
  0.25066920737696868     
  0.24753200305804876     
  0.24087338387056714     
  0.23105981344238763     
  0.21859064454725857     
  0.20406475252984993     
  0.18827090744385627     
  0.17229605317506710     
  0.15721462425471341     
  0.14385539355922872     
  0.13294167181192612     
  0.12457964462778678     
  0.11816196982675438     
  0.11221163227125305     
  0.10475525556084818     
   9.3921624957675282E-002
   7.9195500997338575E-002
   6.2207939342483164E-002
   4.6151670699119206E-002
   3.3710748402760421E-002
   2.5387624903559801E-002
   1.9769170836496385E-002
   1.5213596986302060E-002
