  0.65350601186198565       0.67255502657999455       0.70418638488618701       0.74771453194052284       0.81558908022491572        1.0289188639310585        1.7881090746663764     
  0.66776498578739973       0.68472503444442157       0.71450356183264097       0.76068267517294985       0.83907557930822163        1.0777188789277117        1.9428804474794901     
  0.68376605041042271       0.69865635071014898       0.72602827169432904       0.77332826475250693       0.86165205522939103        1.1248149996827885        2.1060169087465836     
  0.70097964919949440       0.71383974749184265       0.73872224359404060       0.78622131682344787       0.88362473108780770        1.1706506996871020        2.2799084449960771     
  0.71906145370267416       0.72995441462090582       0.75234636417459055       0.79951247448930274       0.90474045114353685        1.2164166997487278        2.4656631760190453     
  0.73772646219590277       0.74676495236762719       0.76669617697926351       0.81316832168304509       0.92476593402889395        1.2629284774472185        2.6641387643328365     
  0.75668344637630036       0.76404636969664053       0.78158639511156636       0.82710429341747849       0.94358157443713775        1.3103395923765915        2.8761310079287163     
  0.77567789193332604       0.78157834581048924       0.79686139985664595       0.84115232115040084       0.96128723654550774        1.3587134860317280        3.1024696851549147     
  0.79450341726799800       0.79913419733902757       0.81234902964219013       0.85516076448167955       0.97808322591842878        1.4080681299789091        3.3439487635703915     
  0.81296911809964301       0.81650811025092396       0.82788950382008331       0.86897547710496170       0.99418148449224075        1.4583999390782483        3.6013792940581659     
  0.83092713350870306       0.83356604884176211       0.84332685741969460       0.88257971104219435        1.0097313379300343        1.5097104150061269        3.8756323532912043     
  0.84828761213190340       0.85017352861252171       0.85850237583780498       0.89593086362436558        1.0248257110073291        1.5619802699033971        4.1675613097113455     
  0.86498811914689699       0.86623772655297504       0.87341320772620357       0.90898070118717411        1.0395593811524857        1.6152325956497657        4.4781748471091820     
  0.88096581080706304       0.88167891068411886       0.88797043751281213       0.92166069155261976        1.0539601410610970        1.6694486347532385        4.8084131018593945     
  0.89618029363220064       0.89644632887202136       0.90208651663179029       0.93389116124340288        1.0680407261500531        1.7246323770871874        5.1593171846742552     
  0.91060054965274317       0.91050606153076863       0.91568566594921708       0.94562983643577425        1.0818143895700543        1.7807869945338437        5.5319827120311498     
  0.92419810085778109       0.92381836483055824       0.92868798909073191       0.95683835898550706        1.0952739904581008        1.8379001078328518        5.9274684682750856     
  0.93694717331649446       0.93635076457278432       0.94102053928363627       0.96749007810283671        1.1084017323165789        1.8959559539602806        6.3468659843555084     
  0.94884970846955596       0.94806969766364857       0.95259781427611556       0.97755893199777422        1.1211951868036172        1.9549372235388454        6.7912920621864892     
  0.95986344517334599       0.95894306896899018       0.96340390859662006       0.98705827836790561        1.1336251892134117        2.0148049686665588        7.2618116882716945     
  0.96997584982310991       0.96896303744764722       0.97342672703003219       0.99597263777427525        1.1456775223497884        2.0755470792745574        7.7596603046921118     
  0.97917330255804524       0.97809842866343977       0.98261568821981005        1.0042911564559203        1.1573311247274085        2.1371363847690610        8.2859415655578363     
  0.98743540477533243       0.98633292457374611       0.99091495311151445        1.0119520913722626        1.1685621445861769        2.1995385173503901        8.8417885642245064     
  0.99475792234566562       0.99366977309357774       0.99827839966655940        1.0189151275063264        1.1793603672756319        2.2627395841945619        9.4284364490467958     
   1.0011376269050838        1.0000934174258869        1.0046375736802051        1.0251345196657082        1.1897239494959622        2.3267395633819308        10.047198429813561     
   1.0065639206254839        1.0055961850516542        1.0099407623050320        1.0306359382313177        1.1996344800179886        2.3915142281050241        10.699402483247882     
   1.0110174481850749        1.0101518496925832        1.0143236615840103        1.0353738736995708        1.2090542683134660        2.4570080837021719        11.386076407129632     
   1.0144778614476075        1.0137372690616615        1.0176816421273491        1.0393060317918015        1.2179563227865839        2.5231671786684604        12.108310052019442     
   1.0169252364405945        1.0163627088725853        1.0199228942506124        1.0423968225361946        1.2263252594477663        2.5899598691357117        12.867300828742662     
   1.0183388708939203        1.0180208008024230        1.0211369624414350        1.0446360460705419        1.2341571114994054        2.6573836445585721        13.664388331895948     
   1.0186821920607148        1.0186697258536497        1.0212794792017168        1.0459756681654566        1.2413884534389068        2.7252717407079468        14.500446778618439     
   1.0179266293253268        1.0182790056117241        1.0203086801320183        1.0463901798536985        1.2479881738731311        2.7936023246926394        15.376300323570661     
   1.0160101841676026        1.0167916379998925        1.0182170554055936        1.0458261856535118        1.2538918668952952        2.8622418942704195        16.292452632251191     
   1.0128734958320913        1.0141383829032484        1.0149107729996301        1.0442251476611872        1.2590401823820205        2.9310816280780525        17.249495103100934     
   1.0084291674594608        1.0102528705583724        1.0101695834957212        1.0415254321662004        1.2633543083201719        2.9999746030325132        18.247663837165849     
   1.0026053165447275        1.0047874522565809        1.0038406125392811        1.0375245088664051        1.2667392933959980        3.0687577263410541        19.286974576563278     
  0.99531174071340267       0.99766356696517222       0.99582943678419489        1.0319471875773212        1.2691028432999065        3.1372179931909039        20.366980416990689     
  0.98650743327390955       0.98735592870832434       0.98600072683576101        1.0249741320701111        1.2702798238549760        3.2051226173165044        21.486908558203460     
  0.97542832104833022       0.97445678149175530       0.97409164674874471        1.0162054936941940        1.2700622976528897        3.2722167489043050        22.645629282620433     
  0.96026203048731196       0.95753934483524006       0.96001102556772189        1.0048951800688086        1.2683663680812298        3.3382957132599271        23.842121397282902     
  0.93838320778578987       0.93689562402949278       0.94305612507771264       0.99164437155562024        1.2649989094129930        3.4030790498843015        25.074605562747490     
  0.91108218779855188       0.91253480570408518       0.92276931746508806       0.97567689051472961        1.2596599108305357        3.4662223222823969        26.340523135301535     
  0.87920658265816976       0.88368207761682305       0.89871941906612862       0.95664158785109277        1.2519997564444341        3.5273974109453805        27.637031196519395     
  0.84140162172693467       0.84953252825099967       0.87017212347056672       0.93397301058735382        1.2419863051329401        3.5859034516647306        28.957794422092650     
  0.80904752662487056       0.82132805183174429       0.84607223180294144       0.91305121864838668        1.2298840358694576        3.6411257415114240        30.295608736917075     
  0.76642971822246087       0.78221700193430777       0.81247302390830300       0.88707519777832144        1.2152212493750327        3.6919419715504831        31.642064800758479     
  0.72754097550073216       0.74609850384418341       0.78085836084605709       0.86195871028558801        1.1992307577946839        3.7376886823458757        32.987529236240235     
  0.69301295455766165       0.71310884724139889       0.75138061693939773       0.83770763889958022        1.1818220081130884        3.7779744572892540        34.325409449269323     
  0.66309361680242029       0.68341070414669813       0.72400462904654439       0.81438219715526616        1.1637069210224174        3.8127776004814016        35.652039606541706     
  0.63919270871249467       0.65764296784048681       0.69887565856862044       0.79210176844757219        1.1449709283217839        3.8423764437781247        36.966424811477346     
  0.62100016085188670       0.63652518415326242       0.67604989673658922       0.77092698330399645        1.1250372027434261        3.8668191108408201        38.265470845040134     
  0.60647803597652095       0.61994744141206881       0.65550828872084932       0.75074108756801494        1.1046149985739424        3.8852411349232163        39.536697534056827     
  0.59532616719995979       0.60670257704382213       0.63748138103600771       0.73141468627106199        1.0839011573501023        3.8965803391519125        40.764415094353552     
  0.58822859339415190       0.59639151220743636       0.62225005049997550       0.71290533526977773        1.0622591063446822        3.9001804472077710        41.935886928288689     
  0.58444453299267363       0.58934907996855423       0.60979936532928602       0.69519263699956424        1.0397165475071464        3.8955060026701402        43.038638398223469     
  0.58239698453076794       0.58523024292789727       0.59990601541584221       0.67818957974405292        1.0160490972349872        3.8816391847462750        44.054973691484086     
  0.58130252932733018       0.58289914004452292       0.59249487143807233       0.66183666095990001       0.99149846583637991        3.8573182878442389        44.961715656903984     
  0.58083719909941733       0.58160209167952548       0.58741842370162012       0.64619673989086068       0.96707942973605854        3.8211402593136157        45.732061787784517     
  0.58069688847814471       0.58097455546059606       0.58422697238553045       0.63145993871993134       0.94176092289804947        3.7717414646013712        46.337508213066137     
  0.58066559684500008       0.58074154586330584       0.58236577078242990       0.61790743450703278       0.91514005205034943        3.7077785440248943        46.747499373010776     
  0.58065976182913481       0.58067842834680650       0.58137378983659249       0.60613980092788633       0.88709454911696328        3.6280569029504028        46.931279838969132     
  0.58065893719267547       0.58066532898251555       0.58091986217091396       0.59682169542194219       0.85761029466394612        3.5315422800937015        46.857951602597758     
  0.58065881746013404       0.58066289463854026       0.58075138371540236       0.59001172359791743       0.82667249415976818        3.4176146796478744        46.500199185084654     
  0.58065876142221906       0.58066214614422307       0.58069963175547434       0.58547647713523676       0.79431443776510813        3.2861833246809802        45.836487449868038     
  0.58065872297808008       0.58066167792656664       0.58068403176499972       0.58295502631038898       0.76071147720636156        3.1377283802624376        44.852388308623340     
  0.58065869741275244       0.58066134225107080       0.58067725174259799       0.58171244291747881       0.72622309663528672        2.9731297511655548        43.539741563657074     
  0.58065868130883369       0.58066110965532958       0.58067287597935435       0.58116500866812448       0.69166780995989718        2.7935731822512153        41.895276663467342     
  0.58065867177273833       0.58066095765325565       0.58066973270881239       0.58093859347970145       0.65886077770430596        2.6008168379071903        39.924975506492892     
  0.58065866650688047       0.58066086520708393       0.58066752192466320       0.58083441864124641       0.63043182164473899        2.3971401572493969        37.643540708531162     
  0.58065866383153275       0.58066081330773667       0.58066605325894682       0.58077404590505599       0.60901863982748827        2.1854911971096493        35.079317573356811     
  0.58065866260246590       0.58066078675792943       0.58066515314590561       0.58073379500669220       0.59521161731529126        1.9695786981996684        32.275169378582838     
  0.58065866210323258       0.58066077461994614       0.58066465531432843       0.58070670023190951       0.58783134151645433        1.7537376589825382        29.284996810910332     
  0.58065866192546034       0.58066076976606251       0.58066441169566663       0.58068935211937178       0.58432799415860026        1.5429411947767138        26.175322536332196     
  0.58065866187056825       0.58066076809523970       0.58066430865083729       0.58067911469951405       0.58267088495879116        1.3421050303217585        23.018702294790632     
  0.58065866185641291       0.58066076760523433       0.58066427167810786       0.58067371630596554       0.58177938361994241        1.1557630253038673        19.893914159899328     
  0.58065866185350146       0.58066076748624196       0.58066426071904986       0.58067128122369460       0.58124990589220793       0.98700016605994201        16.877639721400662     
  0.58065866185305848       0.58066076746355288       0.58066425811221500       0.58067037876885785       0.58094522013699879       0.84080817611665448        14.052669016883318     
  0.58065866185301085       0.58066076746041029       0.58066425762104235       0.58067011295823456       0.58078800185942159       0.72611041677564170        11.486557621793887     
  0.58065866185300719       0.58066076746011541       0.58066425755215556       0.58067005334249455       0.58071717889669106       0.65054572973458036        9.2216937515304771     
  0.58065866185300696       0.58066076746009809       0.58066425754561279       0.58067004361828745       0.58069012909900575       0.61099601143390980        7.2916252548653899     
  0.58075168511014397       0.58075379071728950       0.58075728080246458       0.58076306577224557       0.58077486715367233       0.59374905802816980        5.7071161836658977     
