  0.57991657998041191       0.58834667632997251       0.59822633988289153       0.59829032864379816       0.56931353110694682       0.51553692027470877       0.51769892175329824     
  0.57333752587085807       0.58103205169274219       0.59101949706035983       0.59524148053983761       0.57589657738495370       0.53530794692706052       0.55209200111486623     
  0.56818542804808647       0.57507791393220120       0.58465332112406188       0.59171243205523061       0.58122020003811159       0.55274700333949078       0.58475642407129180     
  0.56415302297871750       0.57019959114678631       0.57921678400678245       0.58825248737039604       0.58580853180851766       0.56790764373402969       0.61701112869415120     
  0.56104728472692911       0.56623243029213910       0.57460170625018780       0.58505116091105280       0.58972238395402221       0.58174233509525841       0.64917620473171511     
  0.55872202895776479       0.56306602350728907       0.57071863572333470       0.58217294169978762       0.59290947732210875       0.59508849764560690       0.68115697304222378     
  0.55703502205226563       0.56059939455050078       0.56748647439104261       0.57963142520951072       0.59536869747172305       0.60813893498578042       0.71270053887912599     
  0.55584719544018812       0.55872638518664730       0.56483602050586246       0.57739107035056847       0.59720493829653165       0.62097719216267555       0.74347576546635086     
  0.55502758092366067       0.55732419634779329       0.56268998543345483       0.57540885494589622       0.59857376179378952       0.63365393810067749       0.77310628430610684     
  0.55446437859177755       0.55627545224331143       0.56096982175653676       0.57364068885213648       0.59963767809411161       0.64618820567543567       0.80121334618638607     
  0.55407524665991192       0.55549665339046228       0.55959569306701373       0.57209129076480281       0.60052483660159739       0.65859318215493556       0.82745963462878347     
  0.55380719790239508       0.55491722730416049       0.55847774229053004       0.57074364975019998       0.60132706396287594       0.67086864148100633       0.85157794712135515     
  0.55362505893320157       0.55448756367728846       0.55762622477011237       0.56958830511016767       0.60212699093571531       0.68302198948196402       0.87340415009138894     
  0.55349999255753179       0.55416873996358917       0.55699588619918117       0.56861389387573780       0.60296518205406802       0.69504619383887056       0.89286615017542792     
  0.55341407596994763       0.55393478692347886       0.55654265769403655       0.56778345777775618       0.60387240593881619       0.70693766927728297       0.90998881253244335     
  0.55335565767017159       0.55376810993148173       0.55623284879654356       0.56708908586559581       0.60487819704199186       0.71869312470505187       0.92487301572088665     
  0.55331684758604227       0.55365321142146073       0.55603380054418672       0.56652185302801594       0.60599598051772319       0.73029974509623174       0.93767301646156653     
  0.55329216065048203       0.55357797111258655       0.55591589408781239       0.56606837973148916       0.60723442125831040       0.74174586621483485       0.94857753043822979     
  0.55328163728784407       0.55353324739804599       0.55584561283538325       0.56571752555009425       0.60860527971852862       0.75301962457127436       0.95779176869449634     
  0.55327791182401298       0.55351017956146309       0.55582321156436421       0.56548498950882942       0.61010900006809365       0.76410535999322526       0.96552164450516187     
  0.55327968221418511       0.55351079129582426       0.55585298419185425       0.56536861442606845       0.61175435363086106       0.77499943099364743       0.97196681266419460     
  0.55328560060101373       0.55352564060345411       0.55592062194585290       0.56537829990174582       0.61354033387679230       0.78568475338612931       0.97731068394616138     
  0.55329349515170712       0.55355054629683442       0.55600849309937828       0.56549285092938550       0.61546756235533751       0.79614944660881737       0.98171806807467610     
  0.55330350483196211       0.55359228696733864       0.55610180702370271       0.56569745021349860       0.61754189987266639       0.80638629774967785       0.98533560232734096     
  0.55331678735394585       0.55364555270531368       0.55618156433263477       0.56598154871451745       0.61977218246201193       0.81639072944108682       0.98829134116234607     
  0.55333257954547310       0.55370974736034695       0.55623898362841473       0.56635506241623934       0.62216394349986293       0.82616126261479983       0.99069519602940437     
  0.55334745187899559       0.55377968873850802       0.55630159570511295       0.56680199578728963       0.62470680909629961       0.83568072863786513       0.99264080580102387     
  0.55335735508421213       0.55385058537145937       0.55634246292952783       0.56730834838615407       0.62740010973798344       0.84493976595394382       0.99420774382363308     
  0.55335850690695509       0.55392635611032870       0.55634933599548919       0.56786277308074495       0.63024728030987298       0.85393349518905726       0.99546365704544959     
  0.55334738880296419       0.55400618590707451       0.55634707188744859       0.56846389199878777       0.63325592378839368       0.86266104731668825       0.99646556219706972     
  0.55331497397778640       0.55407824662556171       0.55631640934721927       0.56909494348941780       0.63640909392579970       0.87109840965194318       0.99726011153580552     
  0.55325432705989086       0.55413447350050893       0.55624290108071028       0.56975236932756568       0.63970027786381878       0.87925134591715015       0.99788719694687666     
  0.55314825842976945       0.55415740609737085       0.55611828437100952       0.57041880006786339       0.64311528518652106       0.88711031115208738       0.99837928849092028     
  0.55297894976553763       0.55411613825297312       0.55591226720046938       0.57108179390710578       0.64664154051582379       0.89467042503328087       0.99876340105054984     
  0.55271996570230619       0.55400794704154976       0.55555009027130398       0.57172115311665495       0.65026119921959424       0.90192595385777174       0.99906152377206781     
  0.55234327069457168       0.55375288358625208       0.55498178342888149       0.57227283803861573       0.65394554030583363       0.90887179051015610       0.99929156849963108     
  0.55181606203447009       0.55326864772941509       0.55417802720025411       0.57265271476066815       0.65770150363065294       0.91550063716254426       0.99946803750409841     
  0.55110778434926599       0.55207541484116507       0.55307410494349396       0.57291198761798545       0.66146145101111586       0.92180370667481326       0.99960261770114001     
  0.55004507408127368       0.55023256346335681       0.55157383048072839       0.57288828233546429       0.66511841061090915       0.92776935969859164       0.99970465384034712     
  0.54791482320253704       0.54724110721927544       0.54963164233675066       0.57230053103716805       0.66874259355254173       0.93337876776629292       0.99978158652429838     
  0.54340631029110975       0.54314514198614183       0.54700748129948784       0.57149802362266067       0.67226916671520986       0.93860212383741959       0.99983925408207797     
  0.53697647113220848       0.53790373393366819       0.54351025549395637       0.57015079918262634       0.67558961940206186       0.94340616193598947       0.99988222511199354     
  0.52889146964112232       0.53123667809088793       0.53905945148845291       0.56819196438242248       0.67855856747824084       0.94776743504582150       0.99991406124411997     
  0.51882146019453246       0.52287250440761657       0.53336676383478565       0.56553995254372214       0.68140153217477017       0.95165308905000057       0.99993747868978333     
   1.0000000000000000        1.0000000000000000        1.0000000000000000        1.0000000000000000        1.0000000000000000        1.0000000000000000        1.0000000000000000     
   1.0000000000000000        1.0000000000000000        1.0000000000000000        1.0000000000000000        1.0000000000000000        1.0000000000000000        1.0000000000000000     
   1.0000000000000000        1.0000000000000000        1.0000000000000000        1.0000000000000000        1.0000000000000000        1.0000000000000000        1.0000000000000000     
   1.0000000000000000        1.0000000000000000        1.0000000000000000        1.0000000000000000        1.0000000000000000        1.0000000000000000        1.0000000000000000     
   1.0000000000000000        1.0000000000000000        1.0000000000000000        1.0000000000000000        1.0000000000000000        1.0000000000000000        1.0000000000000000     
   1.0000000000000000        1.0000000000000000        1.0000000000000000        1.0000000000000000        1.0000000000000000        1.0000000000000000        1.0000000000000000     
   1.0000000000000000        1.0000000000000000        1.0000000000000000        1.0000000000000000        1.0000000000000000        1.0000000000000000        1.0000000000000000     
   1.0000000000000000        1.0000000000000000        1.0000000000000000        1.0000000000000000        1.0000000000000000        1.0000000000000000        1.0000000000000000     
   1.0000000000000000        1.0000000000000000        1.0000000000000000        1.0000000000000000        1.0000000000000000        1.0000000000000000        1.0000000000000000     
   1.0000000000000000        1.0000000000000000        1.0000000000000000        1.0000000000000000        1.0000000000000000        1.0000000000000000        1.0000000000000000     
   1.0000000000000000        1.0000000000000000        1.0000000000000000        1.0000000000000000        1.0000000000000000        1.0000000000000000        1.0000000000000000     
   1.0000000000000000        1.0000000000000000        1.0000000000000000        1.0000000000000000        1.0000000000000000        1.0000000000000000        1.0000000000000000     
   1.0000000000000000        1.0000000000000000        1.0000000000000000        1.0000000000000000        1.0000000000000000        1.0000000000000000        1.0000000000000000     
   1.0000000000000000        1.0000000000000000        1.0000000000000000        1.0000000000000000        1.0000000000000000        1.0000000000000000        1.0000000000000000     
   1.0000000000000000        1.0000000000000000        1.0000000000000000        1.0000000000000000        1.0000000000000000        1.0000000000000000        1.0000000000000000     
   1.0000000000000000        1.0000000000000000        1.0000000000000000        1.0000000000000000        1.0000000000000000        1.0000000000000000        1.0000000000000000     
   1.0000000000000000        1.0000000000000000        1.0000000000000000        1.0000000000000000        1.0000000000000000        1.0000000000000000        1.0000000000000000     
   1.0000000000000000        1.0000000000000000        1.0000000000000000        1.0000000000000000        1.0000000000000000        1.0000000000000000        1.0000000000000000     
   1.0000000000000000        1.0000000000000000        1.0000000000000000        1.0000000000000000        1.0000000000000000        1.0000000000000000        1.0000000000000000     
   1.0000000000000000        1.0000000000000000        1.0000000000000000        1.0000000000000000        1.0000000000000000        1.0000000000000000        1.0000000000000000     
   1.0000000000000000        1.0000000000000000        1.0000000000000000        1.0000000000000000        1.0000000000000000        1.0000000000000000        1.0000000000000000     
   1.0000000000000000        1.0000000000000000        1.0000000000000000        1.0000000000000000        1.0000000000000000        1.0000000000000000        1.0000000000000000     
   1.0000000000000000        1.0000000000000000        1.0000000000000000        1.0000000000000000        1.0000000000000000        1.0000000000000000        1.0000000000000000     
   1.0000000000000000        1.0000000000000000        1.0000000000000000        1.0000000000000000        1.0000000000000000        1.0000000000000000        1.0000000000000000     
   1.0000000000000000        1.0000000000000000        1.0000000000000000        1.0000000000000000        1.0000000000000000        1.0000000000000000        1.0000000000000000     
   1.0000000000000000        1.0000000000000000        1.0000000000000000        1.0000000000000000        1.0000000000000000        1.0000000000000000        1.0000000000000000     
   1.0000000000000000        1.0000000000000000        1.0000000000000000        1.0000000000000000        1.0000000000000000        1.0000000000000000        1.0000000000000000     
   1.0000000000000000        1.0000000000000000        1.0000000000000000        1.0000000000000000        1.0000000000000000        1.0000000000000000        1.0000000000000000     
   1.0000000000000000        1.0000000000000000        1.0000000000000000        1.0000000000000000        1.0000000000000000        1.0000000000000000        1.0000000000000000     
   1.0000000000000000        1.0000000000000000        1.0000000000000000        1.0000000000000000        1.0000000000000000        1.0000000000000000        1.0000000000000000     
   1.0000000000000000        1.0000000000000000        1.0000000000000000        1.0000000000000000        1.0000000000000000        1.0000000000000000        1.0000000000000000     
   1.0000000000000000        1.0000000000000000        1.0000000000000000        1.0000000000000000        1.0000000000000000        1.0000000000000000        1.0000000000000000     
   1.0000000000000000        1.0000000000000000        1.0000000000000000        1.0000000000000000        1.0000000000000000        1.0000000000000000        1.0000000000000000     
   1.0000000000000000        1.0000000000000000        1.0000000000000000        1.0000000000000000        1.0000000000000000        1.0000000000000000        1.0000000000000000     
   1.0000000000000000        1.0000000000000000        1.0000000000000000        1.0000000000000000        1.0000000000000000        1.0000000000000000        1.0000000000000000     
   1.0000000000000000        1.0000000000000000        1.0000000000000000        1.0000000000000000        1.0000000000000000        1.0000000000000000        1.0000000000000000     
   1.0000000000000000        1.0000000000000000        1.0000000000000000        1.0000000000000000        1.0000000000000000        1.0000000000000000        1.0000000000000000     
