   2.4776707962579234     
   2.4886799014899199     
   2.4868726727094583     
   2.4770084093080182     
   2.4623430496127847     
   2.4443162887057568     
   2.4223982932628871     
   2.3966704789632187     
   2.3673976803620014     
   2.3348842375577510     
   2.2994122234591883     
   2.2612332488445728     
   2.2205748441386164     
   2.1776643768031545     
   2.1327084098023583     
   2.0858919244386325     
   2.0373454993745490     
   1.9871548853888159     
   1.9353933272022861     
   1.8821057493607933     
   1.8273005908950364     
   1.7709635288771934     
   1.7130694229749073     
   1.6535743753295022     
   1.5924220105921567     
   1.5295498822929570     
   1.4648865658565389     
   1.3983599782860028     
   1.3299026388852420     
   1.2594449055587407     
   1.1868921261418202     
   1.1120801169147150     
   1.0347319532617356     
  0.95449177187960899     
  0.87092387827674700     
  0.78350006969663111     
  0.69160875673669697     
  0.59452769397384853     
  0.49136902672113719     
  0.38110304356760527     
  0.26248890273765263     
  0.13399750674239344     
  -5.4161328946253154E-003
 -0.15735466952446700     
 -0.32031663667577609     
 -0.25174185297202289     
 -0.19027261251703736     
 -0.13469317551765853     
  -8.4839961439043654E-002
  -4.0245913120469851E-002
  -6.8684994391387199E-004
   3.3915646932083973E-002
   6.3760997596411878E-002
   8.9159509105996460E-002
  0.11055058230935542     
  0.12838705615935692     
  0.14300546122127025     
  0.15450110140414125     
  0.16290134971176851     
  0.16824357491447187     
  0.17070718123639547     
  0.17049139045141645     
  0.16782010849011966     
  0.16292951867458350     
  0.15609034291873250     
  0.14771534236294481     
  0.13825851441525730     
  0.12811886479890941     
  0.11786803651805031     
  0.10793965436693995     
   9.8572315696869736E-002
   8.9598054451339171E-002
   8.0711048200839672E-002
   7.1522021574051131E-002
   6.1681950906718311E-002
   5.1171188050865624E-002
   4.0693052776733740E-002
   3.1505971951119836E-002
   2.4426383812474244E-002
   1.9040524740825449E-002
   1.4164631966683317E-002
