  0.64827816833036411       0.66755756141314548       0.70072388416225162       0.75065514753100993       0.83304128385183085        1.0474090019756721        1.8315701469517198     
  0.66305873532101822       0.68003759208083014       0.71134908380338890       0.76409287428975725       0.85756522443443495        1.0932307848287890        1.9879266236761324     
  0.67978633649353759       0.69452901412567480       0.72336100989235541       0.77737550403707523       0.87824912433607605        1.1384340102363821        2.1544046778318080     
  0.69790791100171368       0.71045452980279455       0.73669069437180701       0.79077828446091025       0.89531979564382214        1.1840489555326590        2.3321237374342201     
  0.71692711763048189       0.72741145084381365       0.75107925105735807       0.80415558446957536       0.91156314546047668        1.2303695428279329        2.5220125746249580     
  0.73637202266280144       0.74500656680205968       0.76629264616686743       0.81756436480787009       0.92749979778721292        1.2775578227303626        2.7249355392264518     
  0.75588732099237466       0.76290900060283307       0.78208707257893806       0.83100841071660292       0.94322721381437979        1.3256936571833882        2.9417147535589945     
  0.77523181917293693       0.78088331006804801       0.79818604233686774       0.84446339876837950       0.95878657716530002        1.3748330923581087        3.1732079226714722     
  0.79427000040734763       0.79874431686003322       0.81437732095521853       0.85789859400595325       0.97417870724995204        1.4249874580992865        3.4202378437597032     
  0.81287570150659572       0.81633786078561843       0.83051397162441221       0.87129926065475594       0.98939263684794432        1.4761552717594351        3.6836439186845258     
  0.83092916630776925       0.83354867551430045       0.84640532483661179       0.88462014590393256        1.0044194163334519        1.5283404731803034        3.9643258774141588     
  0.84834750165513517       0.85027921088975122       0.86189258872217744       0.89775204377689688        1.0192351591783131        1.5815250499321714        4.2631704539280664     
  0.86507932218523276       0.86645911080447024       0.87688932592388169       0.91062139100381345        1.0338428543836451        1.6357344175568163        4.5812227154114566     
  0.88106902999863701       0.88203997683601820       0.89135506022135724       0.92312702684825421        1.0482199629141913        1.6909509388652422        4.9194655369857054     
  0.89627954740642579       0.89697810053053473       0.90521371614900259       0.93517984366133133        1.0623581311238981        1.7471813773697817        5.2789741076640597     
  0.91069349369157193       0.91124302813288049       0.91856187272658185       0.94673966016270206        1.0762470172550811        1.8044311324567757        5.6608713945858593     
  0.92428693890187741       0.92478480425689369       0.93121598282284945       0.95775842478672835        1.0898622374255129        1.8626869639286507        6.0662621795196543     
  0.93703551050733302       0.93756245400115767       0.94307473167034683       0.96817658959369912        1.1031968889340080        1.9219339653499288        6.4962782755168051     
  0.94892424174757184       0.94955699325104570       0.95409073156624158       0.97796522832889143        1.1162217152300424        1.9821542640434497        6.9521149474742616     
  0.95993196840480521       0.96068814392351609       0.96428869694771491       0.98710643860183955        1.1289219444254002        2.0433125206282017        7.4348537349585540     
  0.97004760465354734       0.97092972043303105       0.97373833080729744       0.99557268329065995        1.1412614979722355        2.1053979719803189        7.9457212116512075     
  0.97925624604781480       0.98025347572782284       0.98231652396985758        1.0033411690646330        1.1532161742079985        2.1683782086405876        8.4858860076508851     
  0.98754896392206049       0.98863133818538118       0.99008255636835751        1.0103863881252466        1.1647602102730719        2.2322187390163730        9.0565227041751211     
  0.99491901807062111       0.99609507973778744       0.99698784388564943        1.0166848678995422        1.1758758851598374        2.2969048333259798        9.6590632033082926     
   1.0013777696760424        1.0026168965386717        1.0030046670175963        1.0222415439356189        1.1865715597801072        2.3624456876361339        10.294780824102908     
   1.0069225169579696        1.0081269031695153        1.0080915499962659        1.0270553457178249        1.1968291687155355        2.4288159979247763        10.964956098141425     
   1.0115286709848343        1.0127182190088959        1.0122149861195340        1.0310731135530271        1.2066171165861947        2.4959524419287531        11.670699610078627     
   1.0151866117397108        1.0162919186109689        1.0153925841648190        1.0342475418715329        1.2159035403658736        2.5638007732359265        12.413150281644027     
   1.0178809799329871        1.0188497187981229        1.0176023374706937        1.0365965042975545        1.2246604090020705        2.6323273986641000        13.193809484127588     
   1.0195862961048638        1.0203949348066639        1.0187973231577758        1.0380694171926843        1.2328902886900297        2.7015479200148054        14.013947406336269     
   1.0202793386684108        1.0208910283203565        1.0189176634168726        1.0386057228223433        1.2405374913071037        2.7713529793953651        14.874429440017325     
   1.0199350803694178        1.0202698251057449        1.0179215170696971        1.0383691679165630        1.2475635984751328        2.8416759019391788        15.776271384650407     
   1.0185312409670289        1.0183831854512615        1.0157419815550199        1.0371538000865332        1.2538989477851141        2.9123837207278305        16.720069001188701     
   1.0160176351849881        1.0152925343832246        1.0123392273554805        1.0347697323783425        1.2594509716743139        2.9831878024013951        17.706673462434161     
   1.0123259803000937        1.0107552857013686        1.0075885727068918        1.0312602501432040        1.2641580843328786        3.0540623063610757        18.735915012245400     
   1.0069537305427030        1.0044003851866004        1.0013378744037384        1.0264908633702079        1.2679264446837779        3.1248500909417221        19.807840068688481     
  0.99968404800880051       0.99609790587059965       0.99345254744327127        1.0202310274159050        1.2706364421018521        3.1953383588299085        20.922016919042370     
  0.99027344188769217       0.98599220051695735       0.98381718879133995        1.0124850353331223        1.2721491712185780        3.2652901449182230        22.077675605893059     
  0.97727783585553440       0.97235183112922319       0.97223426517354261        1.0030541221234996        1.2723035279415298        3.3344456042445758        23.273657353316160     
  0.96147743662822915       0.95528953800671845       0.95811056012684437       0.99173750961046037        1.2709416317212903        3.4025964395142934        24.508938233019364     
  0.93851915262653240       0.93425340966382042       0.94119586212544915       0.97822228604673100        1.2678513414556452        3.4694564453542736        25.781709184328832     
  0.91009302070522335       0.90918209055207577       0.91995845673381726       0.96218773782282430        1.2627708280995713        3.5346745040251251        27.089352673325845     
  0.87679093357290738       0.87984393391022286       0.89275717640018637       0.94306420497392263        1.2554445024336545        3.5979161284104189        28.428970262564555     
  0.83662509932887497       0.84344690329161898       0.86071726951540029       0.92047388565813892        1.2455311675687768        3.6584643656916001        29.794024783400381     
  0.79966705778574132       0.81109236341889146       0.83495366789437653       0.90024035239701283        1.2336067022021417        3.7156857731885768        31.177114561039758     
  0.75498245550254184       0.77005061405552477       0.79869568495408350       0.87293551647900591        1.2190500441271261        3.7684328727973888        32.569610314269553     
  0.71474857258078828       0.73256422692743461       0.76524453043674245       0.84607319441758910        1.2031672437420848        3.8160198217997605        33.961589857726992     
  0.67881638930903976       0.69858633151050831       0.73475972739080353       0.81985596156633456        1.1859521326132054        3.8580446359895797        35.346286124912538     
  0.64856356529394632       0.66802881156263871       0.70671247062111475       0.79455133325733429        1.1675267588462042        3.8944793139236249        36.719864690910406     
  0.62662508427477648       0.64253632195784993       0.68105656603491227       0.77045108540766649        1.1481133879020704        3.9256031333223227        38.081297332232616     
  0.61048598391731324       0.62369047265034239       0.65825377146127917       0.74773593331788490        1.1278565164986936        3.9514623639258231        39.427383294875469     
  0.59804593366542946       0.60946135947466917       0.63872809567589384       0.72633057045156046        1.1066594455739227        3.9711698722288649        40.745247556477601     
  0.58985486448378299       0.59834434264206227       0.62292281225276680       0.70626397307707478        1.0844477574368174        3.9836386948375226        42.018745829343978     
  0.58550453040774741       0.59055583488499708       0.61039980838055308       0.68750277163652151        1.0612000010826856        3.9881892546873412        43.234668400032888     
  0.58309985757462302       0.58599541657736032       0.60050529464031288       0.67011034176353212        1.0368755114207511        3.9842659889119463        44.380127235108972     
  0.58170930866848147       0.58344348129591561       0.59300695356740241       0.65416825501074172        1.0113683061416081        3.9709262349975578        45.436831791194400     
  0.58101356275084570       0.58195450746037203       0.58785493862097005       0.63959829550917513       0.98494202147536458        3.9468726202320350        46.380824448596847     
  0.58075079139163344       0.58115618756780540       0.58462381432198340       0.62642929405320935       0.95723763625310998        3.9106689142022066        47.184445000932811     
  0.58067841419867727       0.58081191687098166       0.58269297321993541       0.61476944684996471       0.92817505397166600        3.8609048801820500        47.818174859827835     
  0.58066232233097836       0.58069941508291956       0.58159799703371784       0.60464902005794074       0.89777909768478359        3.7961891172473239        48.250375243942649     
  0.58065932210246107       0.58067042398775870       0.58104084811579415       0.59640420094279090       0.86613053419791153        3.7152953530501902        48.449174442912224     
  0.58065891239935741       0.58066425836623281       0.58080377208654999       0.59037022911390902       0.83335316052635855        3.6171543835316169        48.382534305360416     
  0.58065882162142535       0.58066283800067198       0.58072052323869461       0.58620624965682899       0.79976468754701036        3.5011365561440657        48.022133264561653     
  0.58065876548842954       0.58066216902130752       0.58069385616424163       0.58351411009573917       0.76596508817902342        3.3671259648694352        47.345625640769391     
  0.58065872670636720       0.58066169409491430       0.58068350223478971       0.58209466526242626       0.73260925692393930        3.2155848508221210        46.337876969861902     
  0.58065870105833850       0.58066135187050716       0.58067741289011277       0.58139965509960179       0.70006295025331644        3.0474221041244034        44.990238160191559     
  0.58065868496480944       0.58066111672146647       0.58067302076335403       0.58107584037153515       0.66905489633683057        2.8638452954144378        43.299121212525257     
  0.58065867544750449       0.58066096404873613       0.58066981010342489       0.58092066966578237       0.64130111648864163        2.6666399347649041        41.270483238593378     
  0.58065867019853568       0.58066087143218936       0.58066755967459482       0.58083321560102175       0.61871267748071335        2.4579918981460884        38.919605146811833     
  0.58065866752483819       0.58066081954091275       0.58066607361647182       0.58077523640445528       0.60261692597635386        2.2407899026190323        36.275457171451343     
  0.58065866628879192       0.58066079300918449       0.58066516743119601       0.58073475944927144       0.59243239715735296        2.0185978519327015        33.382135680947485     
  0.58065866578180136       0.58066078082651063       0.58066466760874980       0.58070726619339563       0.58693615316585201        1.7953952704631539        30.295224628699440     
  0.58065866559997703       0.58066077590822607       0.58066442336005542       0.58068965404006023       0.58414236818163201        1.5757423826339620        27.083290062467842     
  0.58065866554355317       0.58066077419993278       0.58066431953298081       0.58067926422672966       0.58266408005131998        1.3644163694062694        23.821928515911438     
  0.58065866552896139       0.58066077369695535       0.58066428202984732       0.58067379008916631       0.58179506387189150        1.1667657096886768        20.592310407584876     
  0.58065866552595991       0.58066077357424839       0.58066427088920269       0.58067131960714158       0.58126052453540844       0.98878096018208717        17.473731220043703     
  0.58065866552550538       0.58066077355080525       0.58066426821984218       0.58067040190143770       0.58095068069946376       0.83817887848149508        14.551933139733395     
  0.58065866552545664       0.58066077354757051       0.58066426771340862       0.58067013135772150       0.58079058498384684       0.72340458020648568        11.896759853109067     
  0.58065866552545320       0.58066077354726742       0.58066426764197288       0.58067007031921647       0.58071817229878631       0.64941702824329206        9.5529947291880024     
  0.58065866552545342       0.58066077354724943       0.58066426763518864       0.58067006037474389       0.58069045073212255       0.61090900348406862        7.5551485821508688     
  0.58075168878259165       0.58075379680444339       0.58075729089203920       0.58076308249750885       0.58077495957278291       0.59387981358713215        5.9143435885165090     
