   1.1277234346659507E-004   1.0655666542114155E-003   4.1687228104965906E-003   6.5604178601868313E-003   4.1687228104966096E-003   1.0655666542114177E-003   1.1277234346659362E-004
   1.1267232542392821E-004   1.0646216007718196E-003   4.1650255609484788E-003   6.5545994109706416E-003   4.1650255609485048E-003   1.0646216007718207E-003   1.1267232542392764E-004
   1.1256830665955632E-004   1.0636387451946434E-003   4.1611804214184214E-003   6.5485482237858756E-003   4.1611804214184292E-003   1.0636387451946401E-003   1.1256830665955509E-004
   1.1246028717347696E-004   1.0626180874798875E-003   4.1571873919064627E-003   6.5422642986324286E-003   4.1571873919064835E-003   1.0626180874798790E-003   1.1246028717347621E-004
   1.1235169615572506E-004   1.0615920294597531E-003   4.1531732352542419E-003   6.5359471251977639E-003   4.1531732352542558E-003   1.0615920294597527E-003   1.1235169615572491E-004
   1.1224424820131857E-004   1.0605767720503606E-003   4.1492013328825314E-003   6.5296964483255761E-003   4.1492013328825470E-003   1.0605767720503550E-003   1.1224424820131770E-004
   1.1213737177858463E-004   1.0595669149463330E-003   4.1452505576511436E-003   6.5234790197345842E-003   4.1452505576511237E-003   1.0595669149463349E-003   1.1213737177858386E-004
   1.1203106688752212E-004   1.0585624581476822E-003   4.1413209095599859E-003   6.5172948394248593E-003   4.1413209095599972E-003   1.0585624581476837E-003   1.1203106688752181E-004
   1.1192304740144362E-004   1.0575418004329219E-003   4.1373278800480020E-003   6.5110109142714470E-003   4.1373278800480029E-003   1.0575418004329193E-003   1.1192304740144242E-004
   1.1181102719365776E-004   1.0564833405805726E-003   4.1331869605541090E-003   6.5044942511493396E-003   4.1331869605541194E-003   1.0564833405805787E-003   1.1181102719365651E-004
   1.1169386320081993E-004   1.0553762779798995E-003   4.1288558967977488E-003   6.4976783534961757E-003   4.1288558967977410E-003   1.0553762779799093E-003   1.1169386320081954E-004
   1.1156926929624209E-004   1.0541990114094416E-003   4.1242501802178184E-003   6.4904302281869036E-003   4.1242501802178071E-003   1.0541990114094437E-003   1.1156926929624198E-004
   1.1143838854326843E-004   1.0529623414799127E-003   4.1194120650948247E-003   6.4828163717840764E-003   4.1194120650948161E-003   1.0529623414799142E-003   1.1143838854326732E-004
   1.1129950634688102E-004   1.0516500672752148E-003   4.1142781700080171E-003   6.4747370394439450E-003   4.1142781700080075E-003   1.0516500672752213E-003   1.1129950634688013E-004
   1.1115262270708006E-004   1.0502621887953586E-003   4.1088484949573694E-003   6.4661922311665104E-003   4.1088484949573538E-003   1.0502621887953604E-003   1.1115262270707923E-004
   1.1099773762386628E-004   1.0487987060403298E-003   4.1031230399428548E-003   6.4571819469518175E-003   4.1031230399428461E-003   1.0487987060403298E-003   1.1099773762386575E-004
   1.1083370803389439E-004   1.0472488183993966E-003   4.0970595506839283E-003   6.4476396902373246E-003   4.0970595506839109E-003   1.0472488183994010E-003   1.1083370803389351E-004
   1.1065939087381916E-004   1.0456017252618165E-003   4.0906157729000631E-003   6.4374989644606501E-003   4.0906157729000397E-003   1.0456017252618163E-003   1.1065939087381906E-004
   1.1047364308029703E-004   1.0438466260168572E-003   4.0837494523106744E-003   6.4266932730592070E-003   4.0837494523106874E-003   1.0438466260168585E-003   1.1047364308029665E-004
   1.1027417852663833E-004   1.0419619194430400E-003   4.0763760803547155E-003   6.4150896229082030E-003   4.0763760803547138E-003   1.0419619194430377E-003   1.1027417852663740E-004
   1.1006042568116869E-004   1.0399422052349884E-003   4.0684745298918907E-003   6.4026547657262504E-003   4.0684745298918794E-003   1.0399422052349864E-003   1.1006042568116884E-004
   1.0983066994887388E-004   1.0377712824766066E-003   4.0599814195013241E-003   6.3892889566697208E-003   4.0599814195013441E-003   1.0377712824766068E-003   1.0983066994887332E-004
   1.0958319673473519E-004   1.0354329502517826E-003   4.0508333677622696E-003   6.3748924508948875E-003   4.0508333677622644E-003   1.0354329502517820E-003   1.0958319673473424E-004
   1.0931743450708046E-004   1.0329218082551445E-003   4.0410092475344208E-003   6.3594320001206101E-003   4.0410092475344061E-003   1.0329218082551499E-003   1.0931743450707959E-004
   1.0903338326590916E-004   1.0302378564866997E-003   4.0305090588177543E-003   6.3429076043467463E-003   4.0305090588177526E-003   1.0302378564866997E-003   1.0903338326590859E-004
   1.0872989994787720E-004   1.0273702943357009E-003   4.0192905473317494E-003   6.3252527670108853E-003   4.0192905473317416E-003   1.0273702943357004E-003   1.0872989994787696E-004
   1.0840412689462294E-004   1.0242921202753073E-003   4.0072480773750228E-003   6.3063012467068965E-003   4.0072480773750106E-003   1.0242921202753125E-003   1.0840412689462201E-004
   1.0805377797945643E-004   1.0209817330840466E-003   3.9942971403864394E-003   6.2859200503097585E-003   3.9942971403864594E-003   1.0209817330840462E-003   1.0805377797945553E-004
   1.0767771013903340E-004   1.0174283321511743E-003   3.9803954820855202E-003   6.2640426812570664E-003   3.9803954820855142E-003   1.0174283321511687E-003   1.0767771013903158E-004
   1.0727592337335231E-004   1.0136319174766841E-003   3.9655431024722011E-003   6.2406691395487743E-003   3.9655431024722184E-003   1.0136319174766841E-003   1.0727592337335117E-004
   1.0684441696070821E-004   1.0095546869230139E-003   3.9495921115646135E-003   6.2155666872162904E-003   3.9495921115646048E-003   1.0095546869230076E-003   1.0684441696070741E-004
   1.0638090477441105E-004   1.0051750392686587E-003   3.9324580008016268E-003   6.1886023311346220E-003   3.9324580008016112E-003   1.0051750392686622E-003   1.0638090477441015E-004
   1.0588081456108153E-004   1.0004497720706887E-003   3.9139717530610064E-003   6.1595100850538823E-003   3.9139717530610046E-003   1.0004497720706863E-003   1.0588081456108117E-004
   1.0534071713068660E-004   9.9534648349687820E-004   3.8940066055011737E-003   6.1280904592867077E-003   3.8940066055011607E-003   9.9534648349687994E-004   1.0534071713068512E-004
   1.0475604022984608E-004   9.8982197110427739E-004   3.8723935409998625E-003   6.0940774675831812E-003   3.8723935409998638E-003   9.8982197110427847E-004   1.0475604022984486E-004
   1.0412221160518004E-004   9.8383303244993720E-004   3.8489635424348999E-003   6.0572051236934621E-003   3.8489635424349159E-003   9.8383303244994002E-004   1.0412221160517931E-004
   1.0343351593996684E-004   9.7732566448015886E-004   3.8235053384035851E-003   6.0171409448051454E-003   3.8235053384035773E-003   9.7732566448015539E-004   1.0343351593996614E-004
   1.0268423791748153E-004   9.7024586414125313E-004   3.7958076575030767E-003   5.9735524481059274E-003   3.7958076575030880E-003   9.7024586414125313E-004   1.0268423791748067E-004
   1.0186866222100069E-004   9.6253962837953492E-004   3.7656592283306992E-003   5.9261071507834464E-003   3.7656592283307039E-003   9.6253962837953319E-004   1.0186866222099976E-004
   1.0098335966048961E-004   9.5417455536278757E-004   3.7329332880447728E-003   5.8746055631502528E-003   3.7329332880447672E-003   9.5417455536277824E-004   1.0098335966048886E-004
   1.0002318645089825E-004   9.4510204234267859E-004   3.6974396923828059E-003   5.8187484506752735E-003   3.6974396923828046E-003   9.4510204234267620E-004   1.0002318645089690E-004
   9.8981855743827910E-005   9.3526268596015474E-004   3.6589460428018018E-003   5.7581700822648641E-003   3.6589460428018052E-003   9.3526268596015583E-004   9.8981855743827423E-005
   9.7854223754229787E-005   9.2460788346689982E-004   3.6172621950392825E-003   5.6925712233880325E-003   3.6172621950392868E-003   9.2460788346689928E-004   9.7854223754228770E-005
   9.6625430658620491E-005   9.1299722692331252E-004   3.5718388434481003E-003   5.6210874187325628E-003   3.5718388434480969E-003   9.1299722692331198E-004   9.6625430658620247E-005
   9.5282331228536773E-005   9.0030650930590574E-004   3.5221900638018966E-003   5.5429539578300355E-003   3.5221900638019031E-003   9.0030650930590173E-004   9.5282331228535824E-005
   9.3815209425546982E-005   8.8644392542339763E-004   3.4679566947160580E-003   5.4576056198995101E-003   3.4679566947160459E-003   8.8644392542339622E-004   9.3815209425545911E-005
   9.2212634616203559E-005   8.7130146916841050E-004   3.4087161933850263E-003   5.3643774393162579E-003   3.4087161933850302E-003   8.7130146916841148E-004   9.2212634616203003E-005
   9.0475749863852222E-005   8.5488994115168345E-004   3.3445108140893820E-003   5.2633359126427765E-003   3.3445108140893768E-003   8.5488994115168410E-004   9.0475749863851517E-005
   8.8614842738594934E-005   8.3730654686985583E-004   3.2757208453540630E-003   5.1550795089412328E-003   3.2757208453540686E-003   8.3730654686985995E-004   8.8614842738594555E-005
   8.6646487658930812E-005   8.1870789517864118E-004   3.2029589742470633E-003   5.0405724283675438E-003   3.2029589742470534E-003   8.1870789517864086E-004   8.6646487658930974E-005
   8.4580972194963117E-005   7.9919119157467917E-004   3.1266054892933018E-003   4.9204131399838529E-003   3.1266054892933109E-003   7.9919119157467766E-004   8.4580972194963158E-005
   8.2408580308261217E-005   7.7866463086668526E-004   3.0463012291081235E-003   4.7940364230091952E-003   3.0463012291081352E-003   7.7866463086668711E-004   8.2408580308260688E-005
   8.0117309833704854E-005   7.5701480664192293E-004   2.9616025237457614E-003   4.6607440635376279E-003   2.9616025237457662E-003   7.5701480664192532E-004   8.0117309833704380E-005
   7.7705446176277133E-005   7.3422551798427561E-004   2.8724459917853738E-003   4.5204363167254749E-003   2.8724459917853790E-003   7.3422551798427724E-004   7.7705446176276551E-005
   7.5174703930994775E-005   7.1031296580985521E-004   2.7788950146477791E-003   4.3732129274164115E-003   2.7788950146477964E-003   7.1031296580985608E-004   7.5174703930994355E-005
   7.2520510844479609E-005   6.8523394767570531E-004   2.6807805752108241E-003   4.2188079093605614E-003   2.6807805752108236E-003   6.8523394767570564E-004   7.2520510844479216E-005
   6.9733722409972721E-005   6.5890205869592318E-004   2.5777646392300467E-003   4.0566892900581611E-003   2.5777646392300523E-003   6.5890205869592242E-004   6.9733722409972355E-005
   6.6805194120716837E-005   6.3123089398460031E-004   2.4695091724610961E-003   3.8863250970094789E-003   2.4695091724610979E-003   6.3123089398460139E-004   6.6805194120716539E-005
   6.3729210659987920E-005   6.0216645048804575E-004   2.3558029035011759E-003   3.7073828474021098E-003   2.3558029035011833E-003   6.0216645048804564E-004   6.3729210659987473E-005
   6.0502914369423938E-005   5.7168172667941661E-004   2.2365401966489510E-003   3.5196962998299284E-003   2.2365401966489644E-003   5.7168172667941672E-004   6.0502914369423423E-005
   5.7128591375714213E-005   5.3979832378018688E-004   2.1118055604655134E-003   3.3233984474178311E-003   2.1118055604655121E-003   5.3979832378018753E-004   5.7128591375713860E-005
   5.3613100058927916E-005   5.0658104545478824E-004   1.9818525206341492E-003   3.1188882695406804E-003   1.9818525206341548E-003   5.0658104545478727E-004   5.3613100058927550E-005
   4.9971300242546428E-005   4.7217029964281382E-004   1.8472303828020180E-003   2.9070302215105604E-003   1.8472303828020258E-003   4.7217029964281626E-004   4.9971300242546137E-005
   4.6226624725137074E-005   4.3678749886440357E-004   1.7088053597203920E-003   2.6891874828581168E-003   1.7088053597203974E-003   4.3678749886440286E-004   4.6226624725136857E-005
   4.2409936217008466E-005   4.0072425960948401E-004   1.5677183169641225E-003   2.4671554607700579E-003   1.5677183169641256E-003   4.0072425960948309E-004   4.2409936217008053E-005
   3.8556669681847704E-005   3.6431540081093732E-004   1.4252791372302465E-003   2.2429955486829535E-003   1.4252791372302536E-003   3.6431540081093857E-004   3.8556669681847297E-005
   3.4703974678359238E-005   3.2791194231776468E-004   1.2828610846366527E-003   2.0188688848770831E-003   1.2828610846366592E-003   3.2791194231776414E-004   3.4703974678358967E-005
   3.0893001486954186E-005   2.9190270611653663E-004   1.1419853132831376E-003   1.7971693456013749E-003   1.1419853132831367E-003   2.9190270611653479E-004   3.0893001486954057E-005
   2.7166614983060967E-005   2.5669271510993458E-004   1.0042363586903111E-003   1.5803905519484599E-003   1.0042363586903085E-003   2.5669271510993366E-004   2.7166614983060828E-005
   2.3570537700469700E-005   2.2271399372749055E-004   8.7130439208017599E-004   1.3711923664171519E-003   8.7130439208017946E-004   2.2271399372749041E-004   2.3570537700469378E-005
   2.0151635236314797E-005   1.9040936700947053E-004   7.4492183895528855E-004   1.1723011480687282E-003   7.4492183895528659E-004   1.9040936700947053E-004   2.0151635236314621E-005
   1.6953343997697232E-005   1.6018925816392723E-004   6.2669436197653600E-004   9.8624376627705584E-004   6.2669436197653448E-004   1.6018925816392804E-004   1.6953343997697046E-005
   1.4015099670010860E-005   1.3242628826132995E-004   5.1807973382289845E-004   8.1531435244735432E-004   5.1807973382289780E-004   1.3242628826133041E-004   1.4015099670010699E-005
   1.1367764963563942E-005   1.0741207379160974E-004   4.2021882006921938E-004   6.6130831376632877E-004   4.2021882006921992E-004   1.0741207379160981E-004   1.1367764963563869E-005
   9.0330580819069104E-006   8.5351826358792907E-005   3.3391445204595334E-004   5.2548908492090784E-004   3.3391445204595421E-004   8.5351826358792920E-005   9.0330580819067952E-006
   7.0206950634700177E-006   6.6337351154154649E-005   2.5952579113777371E-004   4.0842188669208495E-004   2.5952579113777257E-004   6.6337351154154594E-005   7.0206950634699940E-006
   5.3329620349429439E-006   5.0390249399171247E-005   1.9713734590577736E-004   3.1023971220480703E-004   1.9713734590577704E-004   5.0390249399171010E-005   5.3329620349429058E-006
   3.9572852995332737E-006   3.7391714375721760E-005   1.4628431926391611E-004   2.3021109927189864E-004   1.4628431926391576E-004   3.7391714375721828E-005   3.9572852995332423E-006
   2.8668028686393473E-006   2.7087931731458730E-005   1.0597373561926710E-004   1.6677337867530931E-004   1.0597373561926641E-004   2.7087931731458761E-005   2.8668028686393325E-006
   2.0289374369357461E-006   1.9171084060342654E-005   7.5001347976155766E-005   1.1803139838463887E-004   7.5001347976155644E-005   1.9171084060342651E-005   2.0289374369357326E-006
   1.4025387240113536E-006   1.3252349375797401E-005   5.1846002234784980E-005   8.1591282150958669E-005   5.1846002234784750E-005   1.3252349375797437E-005   1.4025387240113460E-006
