  0.98957350805597732       0.97864728473871787       0.96039956452575770       0.92498890932496702       0.87000442183111970       0.98405072815576133       0.99999999999994904     
  0.99329381792808424       0.98388686638461664       0.96562803916627760       0.93028726823902363       0.87148226901588333       0.98369425746994699       0.99999999999992706     
  0.99467585366878752       0.98836186910642465       0.97005989435005535       0.93510407323543288       0.87163911899635826       0.98333896327832837       0.99999999999995715     
  0.99581481829648688       0.99034768799864670       0.97385317569703855       0.93948669296917764       0.87197605616399443       0.98298531188779759       0.99999999999993960     
  0.99675738876124631       0.99189656197303910       0.97722460582581072       0.94346637527910837       0.87180940127892126       0.98263387433858185       0.99999999999991651     
  0.99742155588045300       0.99323318060938082       0.98000605502543758       0.94703862163064134       0.87299898681607790       0.98228974422642545       0.99999999999988842     
  0.99795527082064950       0.99429182712523945       0.98239638471526536       0.94968347899960526       0.87141047663275195       0.98194482329011556       0.99999999999984979     
  0.99835248929270382       0.99516660020199366       0.98445215620041238       0.95155328454541921       0.86883117935163123       0.98162735374818322       0.99999999999990952     
  0.99865902362515413       0.99589313008369840       0.98622341035441585       0.95137653657822130       0.86530539498820702       0.98138447502300363       0.99999999999987554     
  0.99887714530993621       0.99649623642747276       0.98775235098257719       0.95225922736569446       0.86027366185162280       0.98145215827563337       0.99999999999983757     
  0.99907073368773203       0.99699779840331293       0.98897296272978974       0.95190816406590795       0.85365900449289533       0.98282414872928392       0.99999999999978273     
  0.99922450907511151       0.99741579331582841       0.98984922884247117       0.94986494399632415       0.84464300359305300       0.98250835167673323       0.99999999999987199     
  0.99933374359548166       0.99774276093085912       0.99023462535875439       0.94942455229399092       0.83743599145462655       0.98219646895020063       0.99999999999983302     
  0.99943138894739914       0.99790442526700074       0.99036884286906512       0.94825194272168056       0.82423145667513720       0.98188934820482832       0.99999999999978861     
  0.99951082065262253       0.99808889148532010       0.99042380313000389       0.94689652778884759       0.80926193480134523       0.98158550605741068       0.99999999999973610     
  0.99956766725601398       0.99827787702656579       0.98840896193666428       0.94380999400679111       0.79328534658634453       0.98128547790691056       0.99999999999984812     
  0.99960933927669349       0.99845271449416240       0.98706668920231444       0.94094347849434812       0.77658410056511862       0.98098919025765241       0.99999999999981470     
  0.99964391167103073       0.99856568016874192       0.98537836994404637       0.93872163464432512       0.76889713652836811       0.98070450789478214       0.99999999999977718     
  0.99968436431622698       0.99809991374435525       0.98438246540622609       0.93525036486662538       0.75248878277110487       0.98041498650252645       0.99999999999987987     
  0.99971539708152068       0.99718143125554015       0.98264849439492896       0.92478465003384902       0.73673625618847283       0.98016043108016848       0.99999999999985856     
  0.99973239368839095       0.99649090191703715       0.97973214887837434       0.92059619758659317       0.71940531498871818       0.98000844247274965       0.99999999999983558     
  0.99972196450812212       0.99571038867808714       0.97744068720823019       0.91495747646802661       0.70364685926579307       0.98015280789771086       0.99999999999981171     
  0.99909432595097603       0.99206193002711784       0.97514220297923793       0.90940188668790345       0.68829804669315009       0.98168206239261124       0.99999999999990663     
  0.99831745207965039       0.99094711725498807       0.97050613842672184       0.90278918262136332       0.67353764200022137       0.98144605976400068       0.99999999999989797     
  0.99777340666852032       0.98909349116030920       0.96884297934938646       0.89555324566363592       0.65929144047465960       0.98122008783472481       0.99999999999988987     
  0.99430951105654330       0.98702158698545783       0.96687737701174492       0.88718361175947558       0.64640051223689843       0.98100823550555893       0.99999999999995004     
  0.99337888064540936       0.98258974110120201       0.96464427461864766       0.86637213354164122       0.63343876848685410       0.98081296372365523       0.99999999999994671     
  0.99055064353755551       0.98045062204677558       0.95926163419645627       0.84908652832975551       0.62157453990113309       0.98063651935837060       0.99999999999998002     
  0.98661323798064404       0.97711857319389128       0.95736368400024552       0.84048545319274393       0.59190053638242424       0.98049317870820052       0.99999999999997990     
  0.98452520703660940       0.97460769601980990       0.95327285024552788       0.81284314216847331       0.58080208528659050       0.98037936063736886       0.99999999999997979     
  0.98062944952462838       0.96978685796578501       0.94895907687731484       0.80571251949882350       0.57098720170375750       0.98043035889188457       0.99999999999999201     
  0.97720946712679246       0.96814833750004614       0.94315988732985701       0.79013676928792431       0.56088770911286379       0.98204502254784032       0.99999999999999445     
  0.97438063920451468       0.96309763407375748       0.93986220632294182       0.77790967169127812       0.55296409118294410       0.98256287743074822       0.99999999999999145     
  0.96921796352345013       0.95890610875186100       0.93256637217388727       0.76047309930610041       0.52669364885198267       0.98256496281631511        1.0000000000000000     
  0.96543715988949974       0.95509936169078180       0.92772816106749967       0.75529611104637329       0.52204183565796169       0.98260663046806085       0.99999999999999700     
  0.96160588960560600       0.94923623250521039       0.89015686565071606       0.73010201977968836       0.47980210200429341       0.98268130024617262        1.0000000000000009     
  0.95491091561443986       0.94327606059890601       0.87974363284204415       0.71935653479037498       0.47755555777403297       0.98279417653845025       0.99999999999999867     
  0.94958249289318264       0.93773071106895989       0.83160886607803886       0.70509094775375836       0.44370346618653461       0.98294798771831149       0.99999999999999878     
  0.94108116838594058       0.91342717468130119       0.81917935054061208       0.67815705562419715       0.41986833945978019       0.98315678136032081        1.0000000000000004     
  0.92202720373499192       0.88048041910073416       0.79207210696836461       0.65233886562599552       0.41775439415207721       0.98357373232940304        1.0000000000000009     
  0.88103195902851406       0.82496206575919750       0.74798444552246635       0.63764533276882718       0.36182607127507138       0.98603961943199059        1.0000000000000002     
  0.79468957378013638       0.76066786828125721       0.70655574570152502       0.58924285648528163       0.32871106685147372       0.98642093172389878        1.0000000000000027     
  0.74599831747613654       0.73311558234207796       0.68038537394490584       0.52004751036082131       0.27739409920635749       0.98680636573710223        1.0000000000000004     
  0.69006672372263700       0.67580807293005063       0.63076647288464704       0.45624613233827305       0.23772786931259593       0.98724305371757781       0.99999999999999700     
  0.51321673434229154       0.43838448805400149       0.36110033439954470       0.30068191368533359       0.15727016105919031       0.98773177769456710        1.0000000000000016     
  0.60127352768155928       0.56165843914263014       0.45215964105845857       0.32979483685807598       0.16610031570249667       0.98819125486092063       0.99999999999999989     
  0.67828664692230145       0.62997750435161903       0.52312301660004545       0.36762257680614180       0.17668414180384798       0.98869824447776666       0.99999999999999878     
  0.73106491966507803       0.69547506471691600       0.59950637856848010       0.41245065013567023       0.18937508744729759       0.98925220223368371        1.0000000000000002     
  0.77524718484357991       0.73676924067210092       0.65310976372290608       0.46154071461953639       0.20457553358442471       0.98985110016543387        1.0000000000000016     
  0.83214950437540980       0.78327652126296921       0.69768777049794861       0.51195547161285371       0.22311899004224783       0.99237550609109415        1.0000000000000018     
  0.88788705869385054       0.83591461532043765       0.74201949532165512       0.56173723226675365       0.25098836087004028       0.99297039226406769        1.0000000000000000     
  0.92964662434769663       0.88455634385265069       0.78705094926090979       0.61008008435213790       0.28739893077999118       0.99358571587195410       0.99999999999999922     
  0.95563618915717929       0.92391626282107897       0.83272815094708952       0.65700160147226061       0.35768593191918535       0.99421496372505436       0.99999999999999778     
  0.97100302209360567       0.95028813119521627       0.87531896919159058       0.70287242501750169       0.43179577015351156       0.99484975167225798        1.0000000000000018     
  0.98198747048394264       0.96749675452649297       0.91121240983993734       0.74794199896337976       0.47964325335579494       0.99548056884743685       0.99999999999999833     
  0.98983335096658553       0.97945198995333105       0.93909469670961632       0.79199212125367291       0.52582290578607982       0.99609707156414862       0.99999999999999833     
  0.99498436175279970       0.98786356811722253       0.95964593079810612       0.83418645815385672       0.57477882337434516       0.99747430197864051       0.99999999999999978     
  0.99789653653241994       0.99358194421473789       0.97403058128357090       0.87299110612673125       0.62604720068000541       0.99790244734741784       0.99999999999999678     
  0.99925414804019408       0.99704750540066711       0.98418493469351009       0.90724235979900614       0.67871961195902253       0.99829011548466473       0.99999999999999889     
  0.99977444887819344       0.99882918521418029       0.99112814388577775       0.93545112337248237       0.73160167952175525       0.99863291603320603       0.99999999999999756     
  0.99994291617850406       0.99960250909455939       0.99549430853434906       0.95748270005675851       0.78320121797658959       0.99892910754344588        1.0000000000000022     
  0.99998726896314538       0.99988064384584829       0.99797561511143862       0.97333838322908484       0.83178874295316441       0.99918079011286587       0.99999999999999900     
  0.99999681120053419       0.99996344570294826       0.99917807122219571       0.98436543015254285       0.87554258293520393       0.99939598992516521        1.0000000000000009     
  0.99999862128559625       0.99998507231992506       0.99967570302493969       0.99137644895840171       0.91282110424188234       0.99957023506399256       0.99999999999999711     
  0.99999914072970275       0.99999139723053665       0.99985329205519624       0.99542757600460996       0.94251621034114996       0.99979722348733957        1.0000000000000016     
  0.99999944477770597       0.99999433330363863       0.99991674491077853       0.99749475062847037       0.96426238123351371       0.99988872647720095       0.99999999999999845     
  0.99999965770044463       0.99999628942228602       0.99994613983324920       0.99864377002006077       0.97877770547875509       0.99995009709353433        1.0000000000000016     
  0.99999980401533473       0.99999768040286996       0.99996457915009551       0.99922039458964051       0.98751262141993768       0.99998322754373681        1.0000000000000000     
  0.99999989921468890       0.99999864809173833       0.99997754998878652       0.99951014646714909       0.99227715842614661       0.99999630167040876       0.99999999999999989     
  0.99999995548403242       0.99999928985451914       0.99998656737399449       0.99968313082467908       0.99479700782905323       0.99999960366929563        1.0000000000000000     
  0.99999998411157209       0.99999967903310361       0.99999257899153293       0.99979435055224686       0.99662514147719483       0.99999998186587657       0.99999999999999944     
  0.99999999570510401       0.99999988309563992       0.99999635400683151       0.99987741392268803       0.99789892531246682       0.99999999964100705        1.0000000000000036     
  0.99999999919161398       0.99999996811931968       0.99999849787232364       0.99993387083714524       0.99877776739331880       0.99999999999744849        1.0000000000000024     
  0.99999999990313937       0.99999999407591900       0.99999952041466456       0.99996540623109387       0.99938072385912913       0.99999999999999756       0.99999999999999956     
  0.99999999999290501       0.99999999930994787       0.99999989300645253       0.99998561015621101       0.99973044810454426       0.99999999999999745       0.99999999999999833     
  0.99999999999970823       0.99999999995256483       0.99999998468344209       0.99999527087088858       0.99989423218968188        1.0000000000000004       0.99999999999999922     
  0.99999999999999345       0.99999999999829392       0.99999999874397183       0.99999891563308974       0.99996628372961438       0.99999999999999933       0.99999999999999989     
  0.99999999999999956       0.99999999999996847       0.99999999994697530       0.99999984284640908       0.99999285030661944       0.99999999999999978        1.0000000000000004     
  0.99999999999999944       0.99999999999999911       0.99999999999889511       0.99999998807360102       0.99999944386030670       0.99999999999999989       0.99999999999999867     
  0.99999999999999911       0.99999999999999933       0.99999999999998990       0.99999999958226804       0.99999966548792552        1.0000000000000004       0.99999999999999745     
   1.0000000000000000        1.0000000000000000       0.99999999999999978       0.99999999999807077       0.99999998870722440       0.99999999999999978        1.0000000000000002     
