   3.4657238735794245        3.2751433735263262        2.9957515059187085        2.7337112404075925        3.5549670574271692        8.8359165370459305        20.414673859463818     
   3.4771586595366211        3.2885825884512738        3.0069739587264759        2.7322971569224408        3.5249807651505081        8.8027304274352858        20.420556334988866     
   3.4822797679424635        3.2956197269435696        3.0121314298190667        2.7242194774776625        3.4863913771782284        8.7520287234228551        20.388017534673025     
   3.4812148245314449        3.2962956041900995        3.0109617986337591        2.7094326641561963        3.4398920772100792        8.6887749603850324        20.336619051316902     
   3.4741028285659716        3.2906412201785056        3.0034007505901830        2.6881814683609710        3.3865250496443360        8.6169485154027541        20.284439333352768     
   3.4610195657141474        3.2787472517530847        2.9896291277430009        2.6610086566411710        3.3280451439272398        8.5452031326691191        20.230588846219394     
   3.4421922536477378        3.2609428029321674        2.9700076978594163        2.6286889408057332        3.2664482484962298        8.4774784115441584        20.168145500004680     
   3.4179560818356429        3.2376342273655951        2.9452295632420262        2.5917242313824347        3.2036117463208331        8.4134215595572233        20.093916013658205     
   3.3886967251400564        3.2092677403391332        2.9157294612122344        2.5504117648667211        3.1408148155008488        8.3512061803086333        20.007743335076437     
   3.3548448617805491        3.1762121658375824        2.8818741460552992        2.5051482303190884        3.0787299653927240        8.2894560722816042        19.908813690077928     
   3.3166737274760543        3.1387127749133295        2.8439430098243048        2.4562482979495583        3.0175777003030260        8.2260667756079346        19.798718738287253     
   3.2744390175191898        3.0968912234942154        2.8021898426622815        2.4041132709824069        2.9572982173701772        8.1624414687235625        19.678514825864788     
   3.2283256459409930        3.0510334680712150        2.7568222192576486        2.3491297703430627        2.8976497788038209        8.0953056441135871        19.547135845427345     
   3.1784794360495301        3.0016161109057156        2.7080010611068848        2.2916875765761091        2.8383319487306657        8.0275939363272784        19.405338795133908     
   3.1250233134822212        2.9488100431935083        2.6558631616027588        2.2321436443585294        2.7790889667943635        7.9568925045443137        19.253061666308675     
   3.0680217615903995        2.8927754853373826        2.6004225537497709        2.1709697223462014        2.7197099054339229        7.8842176241192394        19.091691430711837     
   3.0076513589653908        2.8336952709688608        2.5419175244171113        2.1085111836976007        2.6600416996643590        7.8088925030527125        18.920642580067398     
   2.9441198980518428        2.7717144564766580        2.4804836965364059        2.0450233924544898        2.5999766252418004        7.7308337921596477        18.743232375291246     
   2.8774468189132083        2.7069645668985727        2.4162433858391887        1.9807368994326036        2.5394414279514637        7.6503812162915290        18.555738410876511     
   2.8077508331747927        2.6395593302333600        2.3493260113352648        1.9158289576082850        2.4783869781025483        7.5666312757118943        18.359889578259651     
   2.7352906653120961        2.5695981118998588        2.2799055423018491        1.8504116210872279        2.4167728866854459        7.4801935502339125        18.155164457519668     
   2.6601553891487439        2.4971450936980113        2.2081542762589250        1.7845534799193270        2.3545623329078551        7.3904902765637059        17.942496734032691     
   2.5824152820314326        2.4222236016030445        2.1342204779811560        1.7182402867561362        2.2917313140198048        7.2979134358641709        17.721790339352772     
   2.5021193013197971        2.3448503880107028        2.0583423888816883        1.6515410921656057        2.2282534550582849        7.2020740060501138        17.493976052958679     
   2.4192879587770961        2.2650375546493540        1.9807310821644657        1.5844930455678283        2.1640950149380047        7.1030708615808607        17.257962317747360     
   2.3339138997882807        2.1827475229035711        1.9015397393418692        1.5170792199100966        2.0992196144535011        7.0009020474487151        17.013608321073892     
   2.2459532045799517        2.0979769409531341        1.8208956155321934        1.4492367463481024        2.0335726954369564        6.8950482483656890        16.757337203954584     
   2.1553040189064459        2.0106550833268138        1.7388570786809965        1.3808651714863456        1.9670750052740702        6.7865633986732341        16.479226537454185     
   2.0618317560116970        1.9207138311878069        1.6554027162044167        1.3118193913243437        1.8996019748442745        6.6746750774224015        16.218831330802818     
   1.9653645775464106        1.8280626007627705        1.5704456772742661        1.2419156298291931        1.8310024263078724        6.5600546927793015        15.951308865909530     
   1.8656632635603203        1.7325515583319580        1.4838072092595502        1.1709262378319478        1.7610619613409080        6.4420225437350700        15.679605904099418     
   1.7624152678427341        1.6339287481357627        1.3952325195582977        1.0985365052742466        1.6895027401759499        6.3214485797596165        15.403623670783366     
   1.6552242549305687        1.5318714382467129        1.3043323503260495        1.0242822596218348        1.6159798704153263        6.1978798231855041        15.125466644527185     
   1.5435972042458350        1.4259345238552996        1.2103049696770036       0.94757356221525346        1.5400310663827710        6.0716723024403709        14.844609195097469     
   1.4269016260727383        1.3155333336955120        1.1121703470549662       0.86775028611604377        1.4611029920602168        5.9429407068782911        14.561267875798405     
   1.3043320970760064        1.1996603511400676        1.0093583484477306       0.78391965680273712        1.3784757285615130        5.8114155441453486        14.276591870969069     
   1.1749535694327244        1.0770374128497084       0.90072484825283627       0.69480384768360515        1.2912484449806518        5.6776993015979187        13.991426677524426     
   1.0374156413509878       0.94636072113305858       0.78477725380443009       0.59858919224367779        1.1982980483156942        5.5413191536070281        13.706835600655113     
  0.89022991270687191       0.80602412235113641       0.65913027955682346       0.49316604754113352        1.0982340725575526        5.4026714891357752        13.423600300274678     
  0.73118705350511548       0.65381993803051452       0.52064565656127126       0.37620772759797355       0.98931416671082006        5.2613578975348174        13.143681500533940     
  0.55730018796935188       0.48669078230400725       0.36605826278597448       0.24434015998275307       0.86919092902989037        5.1175197090126918        12.868207997319365     
  0.36470284358957450       0.30030204020602724       0.19086393608937949        9.2096065934110322E-002  0.73414158629180803        4.9705054187234063        12.599971345575510     
  0.14753218140413424        8.8187173188757129E-002  -1.1633803894397908E-002  -8.7986101976043410E-002  0.57924352296814940        4.8201444731907506        12.342003474150994     
 -0.10406296557094327      -0.15965778731526029      -0.25160476904710194      -0.30573451705867977       0.39787650885178572        4.6656585662954324        12.097649637216554     
 -0.40732518546355412      -0.45907185260584621      -0.54343942989798333      -0.57420012918890895       0.18057448864074338        4.5075011220271319        11.871212021692713     
 -0.35444182131031371      -0.40576059923212066      -0.49017532313670026      -0.52428242213666210       0.19705396588754692        4.4347454250095879        11.667514090587950     
 -0.30575411087186344      -0.35585883880541475      -0.43949504160680480      -0.47621090012813450       0.21362071317569023        4.3606417347963138        11.461963119640982     
 -0.26129075608982194      -0.30948887854175933      -0.39127958756813863      -0.43003431260795949       0.23029227385533879        4.2851352306205053        11.254481985716891     
 -0.22099590889542875      -0.26668162415380559      -0.34570127264743700      -0.38576483518636018       0.24671129894155733        4.2081534647656103        11.044759230357229     
 -0.18484274015309157      -0.22746449783456305      -0.30278208535968376      -0.34343493316273471       0.26271993283574541        4.1296400518008252        10.832750789655726     
 -0.15278991951610232      -0.19185911732562558      -0.26258918986962027      -0.30309077265942025       0.27822788139332000        4.0495770630347252        10.618443922951538     
 -0.12475180619850980      -0.15988033204166938      -0.22524561670338122      -0.26479556351245193       0.29320665501289261        3.9679578538347355        10.402118442451824     
 -0.10057109660337341      -0.13151195729312948      -0.19086719549506367      -0.22863335875476759       0.30763213884157142        3.8847485418186647        10.183883620374798     
  -8.0010268324206421E-002 -0.10668075915846396      -0.15953201039277559      -0.19471348776766809       0.32145568271630259        3.7998696733411146        9.9639307850001799     
  -6.2778328510716616E-002  -8.5264995469133228E-002 -0.13129634596111714      -0.16315325169749395       0.33452026993542205        3.7133115100540870        9.7423767179013172     
  -4.8536213859795049E-002  -6.7076403416004043E-002 -0.10617890075063662      -0.13402425657086361       0.34662966469427381        3.6249396432959693        9.5195442010518487     
  -3.6924429079795158E-002  -5.1873465985646461E-002  -8.4179178931613613E-002 -0.10732393814989775       0.35757897777225039        3.5348139067910078        9.2957926188933193     
  -2.7584397134487942E-002  -3.9374351304099088E-002  -6.5254021690704017E-002  -8.3002715003235458E-002  0.36712736131751872        3.4429735490310502        9.0714660850068718     
  -2.0177307250207461E-002  -2.9270546745396461E-002  -4.9292163309968551E-002  -6.1099084496292207E-002  0.37507229321807511        3.3494677919226712        8.8468912168593565     
  -1.4394977827662130E-002  -2.1248691089555755E-002  -3.6132116615864428E-002  -4.1478162281424313E-002  0.38127472008827917        3.2544136208095655        8.6222418875033764     
  -9.9625416557568187E-003  -1.4999392514385153E-002  -2.5553708517174797E-002  -2.4246855307676528E-002  0.38573419984396501        3.1579090236275529        8.3979455357677999     
  -6.6425246855695867E-003  -1.0234059572893719E-002  -1.7290870552178719E-002  -9.8200831160719163E-003  0.38807098581112021        3.0599383105037918        8.1739301940795972     
  -4.2256420148970861E-003  -6.6886544652394039E-003  -1.1043907816822596E-002   1.6384572818915789E-003  0.38755036909299762        2.9605109640159744        7.9501114906073767     
  -2.5314857900010975E-003  -4.1290659404487470E-003  -6.4955826970913930E-003   1.0182382722452771E-002  0.38373939613935704        2.8596444611472598        7.7262977410980058     
  -1.3975271865412093E-003  -2.3524545871925120E-003  -3.3337993326362325E-003   1.6068693433137556E-002  0.37643246858088786        2.7574055097848977        7.5021761613629838     
  -6.7939653392326083E-004  -1.1808176110659153E-003  -1.2598935829426200E-003   1.9574730397533744E-002  0.36551238346477416        2.6538829386878748        7.2772041571516946     
  -2.5614990353058206E-004  -4.5704915785311150E-004  -9.2044905185495561E-006   2.0914027993904155E-002  0.35101168033164726        2.5492445468735672        7.0510728386429067     
  -2.9280209803169948E-005  -4.8673818802479587E-005   6.4817196731460766E-004   2.0493564167648422E-002  0.33328264480801922        2.4437210614533655        6.8229762684726296     
   8.0320652804128750E-005   1.5136777390389853E-004   9.1021907493466089E-004   1.8755862015630880E-002  0.31256830450806211        2.3375830057287863        6.5919572377559597     
   1.2502400048349947E-004   2.3194202264716226E-004   9.2877862466579999E-004   1.6153986921345811E-002  0.28902514828993320        2.2311828615234002        6.3566073289752287     
   1.3964574832024229E-004   2.5037033004572266E-004   8.2676415511722962E-004   1.3153176783337644E-002  0.26228343623030670        2.1250615363100009        6.1150955231772439     
   1.4237910877413815E-004   2.4603833093458905E-004   6.8438395976821867E-004   1.0145729580339657E-002  0.23276669785411105        2.0195940914088077        5.8648635349151936     
   1.4211915419965341E-004   2.3763107029824000E-004   5.5616348504822937E-004   7.4457519440885196E-003  0.20136992797536174        1.9148449793961326        5.6026001484730061     
   1.4178147267658340E-004   2.3251602028044824E-004   4.6425136578807550E-004   5.2225567164219189E-003  0.16928563012202852        1.8110541368825652        5.3239661364455646     
   1.4190918350153950E-004   2.3137261127399939E-004   4.1294566017181436E-004   3.5630695404882313E-003  0.13789481388153638        1.7083626911123402        5.0232493563341452     
   1.4224605496847552E-004   2.3253419399867070E-004   3.9232288805947461E-004   2.4328072033358798E-003  0.10881550068028638        1.6065348256830922        4.6929719319019743     
   1.4258086081373280E-004   2.3434481740661564E-004   3.9033096537432246E-004   1.7473199875529376E-003   8.3413093922916764E-002   1.5042672576904965        4.3231863176404035     
   1.4282366065087733E-004   2.3597160957571558E-004   3.9639146018588794E-004   1.3870692458580777E-003   6.2681461913032643E-002   1.3982900070757085        3.9010473430209083     
   1.4296651839058801E-004   2.3707967173979127E-004   4.0377469593572655E-004   1.2275900387599193E-003   4.6582775170096999E-002   1.2804305322753935        3.4097371487126473     
   1.4302648790259157E-004   2.3760062993482709E-004   4.0773516991864399E-004   1.1505419767332660E-003   3.3961748803556707E-002   1.1342138947323006        2.8280543692874156     
   1.4301856274682924E-004   2.3761246263625727E-004   4.0683658436404900E-004   1.0676091461458445E-003   2.3612707285726734E-002  0.93530745443328600        2.1292837754226697     
