   3.5260634443514287     
   3.5198861171449329     
   3.5058619363412040     
   3.4845154654810937     
   3.4565427467079526     
   3.4231525129113498     
   3.3854285524512209     
   3.3441673595560166     
   3.2998122923576534     
   3.2527005500520865     
   3.2029699234022662     
   3.1509226036135125     
   3.0965070160767194     
   3.0400542179790540     
   2.9815330690532016     
   2.9211575064893069     
   2.8590462582830263     
   2.7953300076163434     
   2.7301131669787195     
   2.6634458311006992     
   2.5954449422079273     
   2.5261442785350501     
   2.4555939239567528     
   2.3838547332999633     
   2.3109835282657278     
   2.2369986827427106     
   2.1618379144150612     
   2.0854531857290510     
   2.0079597928297708     
   1.9291027323514356     
   1.8486669304949650     
   1.7664395216607720     
   1.6820299087629116     
   1.5948962416782066     
   1.5043853247268795     
   1.4097694180075098     
   1.3100262973176211     
   1.2037228346970528     
   1.0890653582271956     
  0.96382749860585637     
  0.82517816509107789     
  0.66873603521027181     
  0.48842855284506592     
  0.27575402151374884     
   1.8951791621344069E-002
   5.2594854481883391E-002
   8.4599465467022655E-002
  0.11496844756784247     
  0.14356115137223438     
  0.17031649427160639     
  0.19517662573802014     
  0.21808196617035955     
  0.23896739598912609     
  0.25776314621931296     
  0.27438266543456896     
  0.28875445105799608     
  0.30085340489327833     
  0.31067503772824784     
  0.31820910591056378     
  0.32354204136943820     
  0.32671603209277439     
  0.32756378999832714     
  0.32593568302415998     
  0.32183960321158228     
  0.31541465963919352     
  0.30682401817406396     
  0.29623950800950816     
  0.28397433193816907     
  0.27032087110772851     
  0.25554427337506636     
  0.23978699949217525     
  0.22332890335770242     
  0.20650236910207892     
  0.18965216474571506     
  0.17311746048031698     
  0.15721012259148337     
  0.14207940974948596     
  0.12763149043303260     
  0.11319363556768437     
   9.7284591574162346E-002
   7.7901859111209296E-002
