  0.60799940545998787       0.61707551408335970       0.63058111678203210       0.65797524267890473       0.74988673888993418        1.0597287673458051        2.0876694984607815     
  0.62425400588736601       0.63321072160811120       0.64691645330077341       0.67551816190972758       0.77078525893434624        1.0978549580705332        2.2046544049224330     
  0.64059982405343607       0.64920344345223913       0.66293109018869334       0.69260355279894326       0.79171169417848342        1.1360228156254522        2.3257662265236392     
  0.65698494208570946       0.66515232747993613       0.67877651467009659       0.70943728422305330       0.81184877697305347        1.1741921011027814        2.4517461347781704     
  0.67335254236362285       0.68101899588487935       0.69445813319131156       0.72594790171918933       0.83146873251743270        1.2123177899290054        2.5834402206556910     
  0.68961944497755234       0.69674655453630485       0.70997609140295792       0.74219008432821532       0.85116706187737867        1.2504524656635112        2.7201975443235660     
  0.70571351957961137       0.71228280256109333       0.72518461914198773       0.75811946168685629       0.87052957588631852        1.2887365828058361        2.8622587011019935     
  0.72153692429722760       0.72756995157530513       0.74011460581791089       0.77374198052920384       0.88958233497658490        1.3274243561572570        3.0104403304988891     
  0.73700504166698966       0.74256517157025925       0.75473926109538847       0.78902515475702040       0.90833896652146262        1.3658445379242707        3.1642848839753732     
  0.75210468801501762       0.75722404708219959       0.76903666185197961       0.80395897404836569       0.92680949457167405        1.4050805897793814        3.3249434059273359     
  0.76679024471212898       0.77153131880032200       0.78297080534240115       0.81853085946798487       0.94502396671924405        1.4440940795973869        3.4929406779605428     
  0.78101829751264251       0.78539089216962754       0.79653203348507473       0.83271092813353120       0.96295002714958922        1.4838063869659319        3.6669554977239511     
  0.79475655002117007       0.79871648610176127       0.80970971485684085       0.84649182462335537       0.98054744841965891        1.5233146227914769        3.8478185034131651     
  0.80797595639483144       0.81156457008625760       0.82247598795343024       0.85989462027046415       0.99786410534477754        1.5634948627650183        4.0359121751762919     
  0.82066516973993009       0.82391928182343266       0.83483515543139708       0.87283922535112990        1.0148908464975508        1.6033933129673941        4.2330155487644578     
  0.83275269416719233       0.83574800462332766       0.84671957180415502       0.88536378666386062        1.0316174978765975        1.6460391754992185        4.4382756505820069     
  0.84420436197636783       0.84704445728191291       0.85814533588364195       0.89747740978732848        1.0480300958324666        1.6838974177696990        4.6607916902901252     
  0.85506367642061376       0.85779534079793551       0.86908761711892357       0.90916859634121239        1.0641140000818767        1.7279151021103569        4.8714200664152987     
  0.86529329273623268       0.86799081275510281       0.87952955809858568       0.92043019968036743        1.0798553701523079        1.7646851043374925        5.1011347523095338     
  0.87484693761552790       0.87762043665810230       0.88946066491819964       0.93125569657897411        1.0952350608487185        1.8074673626605546        5.3413063405428574     
  0.88377057204119003       0.88668075610462860       0.89887475772348446       0.94164245933598933        1.1102418537903365        1.8462166743648165        5.5900921578812621     
  0.89206113748871185       0.89516874257935730       0.90776774915895353       0.95159219849965959        1.1248575238945087        1.8887548893569992        5.8496341395732756     
  0.89971884883964037       0.90308179373653474       0.91610197031662710       0.96107213970001393        1.1390688302874934        1.9281762164697787        6.1208527270228563     
  0.90674776236274091       0.91041471432449272       0.92386098956873908       0.97007705814374456        1.1528649224503791        1.9705830289505613        6.4017792634555848     
  0.91315337932981289       0.91717320249351431       0.93107182439049285       0.97859919833429543        1.1662393444908459        2.0103488874883917        6.6950721100052863     
  0.91894328393088587       0.92334371550827365       0.93772724426570153       0.98664675947887581        1.1791745099831439        2.0527439969849284        6.9997501885771296     
  0.92412150814450111       0.92891802038185423       0.94382466108850194       0.99419984649516668        1.1916716604242088        2.0927763679176148        7.3159059433341724     
  0.92869365863243547       0.93389727130660671       0.94936508456442725        1.0012518329028357        1.2036886678384324        2.1351451575732106        7.6418029171291479     
  0.93265997966035852       0.93828291349266690       0.95434811376554807        1.0077928021025258        1.2152259880307279        2.1753628890172116        7.9804597674169049     
  0.93603075875605335       0.94207745148748545       0.95876947309740612        1.0138138550377733        1.2263321879114957        2.2177863822670685        8.3308883747012690     
  0.93880254428112664       0.94528193675197325       0.96261456094025721        1.0192949170502295        1.2368662099720393        2.2581408927829458        8.6952917096726488     
  0.94096801729514934       0.94788078201496873       0.96587171113233972        1.0242191656788693        1.2469966680650590        2.3006148755601821        9.0704298349401693     
  0.94251149798053202       0.94986601863809539       0.96855914083971639        1.0285599818435835        1.2564523405690764        2.3403466745225585        9.4589561755036371     
  0.94342236700209503       0.95121669721283253       0.97068652878949546        1.0322961661635062        1.2653110621468964        2.3825424408527143        9.8587467492582217     
  0.94368195590065906       0.95191000614941201       0.97214081825028831        1.0353747223732357        1.2735905508664842        2.4205662241360648        10.271560768792103     
  0.94324691500172564       0.95193595171098111       0.97290336184145143        1.0377603114517400        1.2813124276898744        2.4626616293345567        10.695651669846933     
  0.94209400779739405       0.95121613665988591       0.97293876826935577        1.0393922234871809        1.2883472080008196        2.4996054971737429        11.130450921319888     
  0.94013174539623545       0.94969183634180110       0.97218030826946078        1.0402060355372522        1.2947547516028723        2.5417543895057597        11.576839823421714     
  0.93725385842177844       0.94731341649037304       0.97057657761257199        1.0401444034933418        1.3003628184078926        2.5773301492509542        12.034349350767592     
  0.93341509963378511       0.94393263370477509       0.96793858482023998        1.0391424186015517        1.3050541455985301        2.6178626710777233        12.497986378587603     
  0.92837054852119116       0.93931194599391443       0.96414750255054316        1.0370212599030157        1.3088800773986853        2.6526878496851314        12.970113918812444     
  0.92185802635657876       0.93332546910138792       0.95898794125349107        1.0336747948682872        1.3117708775850878        2.6938540708187495        13.450887717305271     
  0.91344761338131675       0.92553439368197821       0.95222779617210573        1.0289569571899901        1.3135752373979848        2.7284699482953125        13.938174859202773     
  0.90257424955697985       0.91553369161245068       0.94357801942462394        1.0226165354400563        1.3142534693575281        2.7740213314249771        14.429467120449074     
  0.65597267931653336       0.66872820171110936       0.69627973652807673       0.77650965797528959        1.0989168952007304        2.6974613466171422        14.916243664925481     
  0.64239599056817087       0.65642085895966751       0.68614452608911691       0.76986884219110718        1.0993963268175777        2.7364008964664106        15.392066536731098     
  0.62915246836060279       0.64431402147669259       0.67593299035760224       0.76287470478963182        1.0991812886487147        2.7740298943514503        15.873376584320113     
  0.61635278911895353       0.63247038577136117       0.66577542639771414       0.75558049940670824        1.0982692817438868        2.8101351094910951        16.360030807334585     
  0.60409296877436613       0.62094216036610750       0.65565310789536180       0.74803299819953784        1.0966757424525386        2.8447668150805838        16.849030342205300     
  0.59259577938737784       0.60982046946454405       0.64564712902211407       0.74029501752351956        1.0944511232053586        2.8779953987265920        17.340323567280688     
  0.58199192064556204       0.59921300137291156       0.63582945082759545       0.73240425205234061        1.0916188304716130        2.9099411208515713        17.834412051357940     
  0.57229499274700102       0.58917030867510500       0.62618257354734619       0.72432599033444645        1.0881046738594609        2.9401152976019027        18.326200970361345     
  0.56344007898078696       0.57972463452658451       0.61668318292772106       0.71601186220270419        1.0838025509644853        2.9681468114350782        18.810205692549506     
  0.55534186961742127       0.57091427023401042       0.60735847068979121       0.70745677579981825        1.0786872777821959        2.9943570320455053        19.286768545509300     
  0.54793380521351509       0.56273376396033115       0.59824466160721745       0.69865590389433485        1.0727239354771212        3.0173435168922684        19.754717215364508     
  0.54118710787802293       0.55514750341065788       0.58935605141850500       0.68957535872680520        1.0658256103124168        3.0372212464084543        20.210718726735781     
  0.53510837175376946       0.54812164409640862       0.58072325919725942       0.68017266843462199        1.0578658757029040        3.0535483802162853        20.649439755407457     
  0.52972074227844756       0.54163969043901961       0.57237762011502114       0.67042810445127921        1.0486644202670881        3.0656761226747249        21.067627136803118     
  0.52506140515345279       0.53571956249956898       0.56437092542176226       0.66024588882053914        1.0380677685683546        3.0729527535293633        21.457784949586944     
  0.52114867648674579       0.53039819575398539       0.55671974954049819       0.64964544176970762        1.0259188354365874        3.0746847097782908        21.813962565610659     
  0.51796178517633895       0.52572392585867622       0.54946099609536958       0.63862472945913751        1.0121726659678563        3.0701089430165216        22.128109434701884     
  0.51543817570775607       0.52172795362526725       0.54264683161747318       0.62714715087861561       0.99671409228887353        3.0586133301794836        22.394566367655468     
  0.51349310681206739       0.51841406273492197       0.53635018372632193       0.61523083832894365       0.97930180145060386        3.0393965503565488        22.604562067690164     
  0.51203343650637090       0.51575812872789162       0.53066233187035927       0.60303135294838495       0.95982485251478833        3.0118723690007352        22.751565010293447     
  0.51096987626474322       0.51369774809984770       0.52566782028378611       0.59076478391024012       0.93824398044173096        2.9754474060555247        22.827449763874856     
  0.51022225053460801       0.51215263475862527       0.52143199160105713       0.57865958780020588       0.91454462744359999        2.9296169296370467        22.823873039688788     
  0.50972242315413041       0.51103381517686242       0.51796965856444399       0.56705051778185633       0.88870610997460031        2.8738141020116879        22.735885170252551     
  0.50940853520253704       0.51025613189556274       0.51524917017842198       0.55617210126847549       0.86080366674739439        2.8076172134316963        22.553222551642126     
  0.50922614604063565       0.50974451417064337       0.51320234460163894       0.54624950918999793       0.83088522770487727        2.7306459978636513        22.270758395187752     
  0.50912940160336295       0.50942837137756225       0.51172843893658915       0.53749065861498935       0.79916382773331918        2.6426985702623704        21.880877467459754     
  0.50908304917366332       0.50924744372415920       0.51071830736839519       0.53005638982194125       0.76582855938885308        2.5438386105892392        21.381027062915297     
  0.50906284246454547       0.50915190322450532       0.51006152253795978       0.52401905227588363       0.73137207857696152        2.4343526646678906        20.768367711578776     
  0.50905460893216548       0.50910476744363520       0.50965762674813253       0.51936045205882064       0.69659951741969184        2.3147865874020477        20.043588255590947     
  0.50905118651999270       0.50908207226517910       0.50942173903042443       0.51595179548056336       0.66262865828536388        2.1860539140008490        19.208905953340096     
  0.50904951936866660       0.50907045568756515       0.50928754507607621       0.51358540999877667       0.63066001306543173        2.0494402599748978        18.272801926660485     
  0.50904850366656074       0.50906358542678520       0.50920949780323788       0.51201776387427189       0.60182062028024974        1.9065063479184934        17.245359787925359     
  0.50904779924016474       0.50905892896856830       0.50916072002793755       0.51101477862986222       0.57712528547577990        1.7598119861189567        16.144477545524744     
  0.50904729880640098       0.50905557648318733       0.50912737827950749       0.51037814923777336       0.55715898969645017        1.6122781741509962        14.993823177182641     
  0.50904695253652466       0.50905316632469833       0.50910335025293696       0.50996368239020484       0.54196203265278564        1.4663822794027150        13.817095541405719     
  0.50904672461875922       0.50905149496381386       0.50908594339603208       0.50968199271280923       0.53112046166364169        1.3261414412124115        12.647924840440853     
  0.50913960619906440       0.50914341423425169       0.50916673596267725       0.50957653544733228       0.52388767286349314        1.1963704412972391        11.523896018931030     
