   1.1277234346659696E-004   1.0655666542114448E-003   4.1687228104967250E-003   6.5604178601869675E-003   4.1687228104967172E-003   1.0655666542114404E-003   1.1277234346659604E-004
   1.1267232542393129E-004   1.0646216007718409E-003   4.1650255609485837E-003   6.5545994109708072E-003   4.1650255609486011E-003   1.0646216007718444E-003   1.1267232542393042E-004
   1.1256830665955862E-004   1.0636387451946718E-003   4.1611804214185498E-003   6.5485482237860031E-003   4.1611804214185593E-003   1.0636387451946712E-003   1.1256830665955762E-004
   1.1246028717347946E-004   1.0626180874799070E-003   4.1571873919065694E-003   6.5422642986325873E-003   4.1571873919065729E-003   1.0626180874799065E-003   1.1246028717347863E-004
   1.1235169615572841E-004   1.0615920294597769E-003   4.1531732352543278E-003   6.5359471251979270E-003   4.1531732352543312E-003   1.0615920294597774E-003   1.1235169615572712E-004
   1.1224424820132129E-004   1.0605767720503819E-003   4.1492013328826441E-003   6.5296964483257313E-003   4.1492013328826597E-003   1.0605767720503821E-003   1.1224424820132065E-004
   1.1213737177858712E-004   1.0595669149463579E-003   4.1452505576512174E-003   6.5234790197347828E-003   4.1452505576512044E-003   1.0595669149463607E-003   1.1213737177858618E-004
   1.1203106688752549E-004   1.0585624581477067E-003   4.1413209095600752E-003   6.5172948394250302E-003   4.1413209095600909E-003   1.0585624581477063E-003   1.1203106688752415E-004
   1.1192304740144604E-004   1.0575418004329438E-003   4.1373278800481139E-003   6.5110109142715771E-003   4.1373278800480974E-003   1.0575418004329430E-003   1.1192304740144473E-004
   1.1181102719366051E-004   1.0564833405805991E-003   4.1331869605542018E-003   6.5044942511494957E-003   4.1331869605542096E-003   1.0564833405806013E-003   1.1181102719365941E-004
   1.1169386320082332E-004   1.0553762779799325E-003   4.1288558967978381E-003   6.4976783534963023E-003   4.1288558967978598E-003   1.0553762779799303E-003   1.1169386320082208E-004
   1.1156926929624549E-004   1.0541990114094663E-003   4.1242501802179121E-003   6.4904302281870449E-003   4.1242501802178965E-003   1.0541990114094639E-003   1.1156926929624443E-004
   1.1143838854327102E-004   1.0529623414799365E-003   4.1194120650949219E-003   6.4828163717842091E-003   4.1194120650949245E-003   1.0529623414799393E-003   1.1143838854326988E-004
   1.1129950634688331E-004   1.0516500672752410E-003   4.1142781700081229E-003   6.4747370394440881E-003   4.1142781700081168E-003   1.0516500672752432E-003   1.1129950634688244E-004
   1.1115262270708338E-004   1.0502621887953827E-003   4.1088484949574336E-003   6.4661922311666543E-003   4.1088484949574440E-003   1.0502621887953816E-003   1.1115262270708180E-004
   1.1099773762386887E-004   1.0487987060403565E-003   4.1031230399429250E-003   6.4571819469519433E-003   4.1031230399429198E-003   1.0487987060403567E-003   1.1099773762386781E-004
   1.1083370803389631E-004   1.0472488183994168E-003   4.0970595506840211E-003   6.4476396902374842E-003   4.0970595506840072E-003   1.0472488183994190E-003   1.1083370803389586E-004
   1.1065939087382240E-004   1.0456017252618367E-003   4.0906157729001542E-003   6.4374989644607724E-003   4.0906157729001412E-003   1.0456017252618399E-003   1.1065939087382156E-004
   1.1047364308030003E-004   1.0438466260168807E-003   4.0837494523107750E-003   6.4266932730593414E-003   4.0837494523107707E-003   1.0438466260168796E-003   1.1047364308029874E-004
   1.1027417852664050E-004   1.0419619194430593E-003   4.0763760803548153E-003   6.4150896229083270E-003   4.0763760803548136E-003   1.0419619194430619E-003   1.1027417852663970E-004
   1.1006042568117211E-004   1.0399422052350133E-003   4.0684745298919566E-003   6.4026547657263693E-003   4.0684745298919653E-003   1.0399422052350114E-003   1.1006042568117100E-004
   1.0983066994887671E-004   1.0377712824766305E-003   4.0599814195014291E-003   6.3892889566698561E-003   4.0599814195014195E-003   1.0377712824766344E-003   1.0983066994887529E-004
   1.0958319673473720E-004   1.0354329502518108E-003   4.0508333677623538E-003   6.3748924508950627E-003   4.0508333677623755E-003   1.0354329502518050E-003   1.0958319673473699E-004
   1.0931743450708263E-004   1.0329218082551692E-003   4.0410092475344937E-003   6.3594320001207462E-003   4.0410092475344937E-003   1.0329218082551677E-003   1.0931743450708141E-004
   1.0903338326591172E-004   1.0302378564867242E-003   4.0305090588178263E-003   6.3429076043468842E-003   4.0305090588178610E-003   1.0302378564867208E-003   1.0903338326591049E-004
   1.0872989994787975E-004   1.0273702943357258E-003   4.0192905473318300E-003   6.3252527670110067E-003   4.0192905473318318E-003   1.0273702943357221E-003   1.0872989994787900E-004
   1.0840412689462571E-004   1.0242921202753305E-003   4.0072480773750939E-003   6.3063012467070275E-003   4.0072480773750844E-003   1.0242921202753292E-003   1.0840412689462456E-004
   1.0805377797945896E-004   1.0209817330840674E-003   3.9942971403865470E-003   6.2859200503098999E-003   3.9942971403865279E-003   1.0209817330840670E-003   1.0805377797945774E-004
   1.0767771013903545E-004   1.0174283321511901E-003   3.9803954820856122E-003   6.2640426812571801E-003   3.9803954820856044E-003   1.0174283321511923E-003   1.0767771013903400E-004
   1.0727592337335449E-004   1.0136319174767030E-003   3.9655431024723051E-003   6.2406691395489227E-003   3.9655431024722913E-003   1.0136319174767036E-003   1.0727592337335364E-004
   1.0684441696070974E-004   1.0095546869230254E-003   3.9495921115646924E-003   6.2155666872163954E-003   3.9495921115646985E-003   1.0095546869230301E-003   1.0684441696070954E-004
   1.0638090477441343E-004   1.0051750392686776E-003   3.9324580008016884E-003   6.1886023311347304E-003   3.9324580008016849E-003   1.0051750392686804E-003   1.0638090477441261E-004
   1.0588081456108408E-004   1.0004497720707088E-003   3.9139717530610853E-003   6.1595100850540402E-003   3.9139717530610836E-003   1.0004497720707069E-003   1.0588081456108289E-004
   1.0534071713068808E-004   9.9534648349689945E-004   3.8940066055012262E-003   6.1280904592868439E-003   3.8940066055012422E-003   9.9534648349689837E-004   1.0534071713068770E-004
   1.0475604022984789E-004   9.8982197110430016E-004   3.8723935409999384E-003   6.0940774675833356E-003   3.8723935409999350E-003   9.8982197110429864E-004   1.0475604022984713E-004
   1.0412221160518235E-004   9.8383303244995433E-004   3.8489635424350070E-003   6.0572051236935905E-003   3.8489635424349879E-003   9.8383303244995693E-004   1.0412221160518189E-004
   1.0343351593996916E-004   9.7732566448017555E-004   3.8235053384036411E-003   6.0171409448053015E-003   3.8235053384036545E-003   9.7732566448017360E-004   1.0343351593996806E-004
   1.0268423791748368E-004   9.7024586414127547E-004   3.7958076575031622E-003   5.9735524481060610E-003   3.7958076575031604E-003   9.7024586414127330E-004   1.0268423791748286E-004
   1.0186866222100264E-004   9.6253962837955303E-004   3.7656592283307777E-003   5.9261071507835453E-003   3.7656592283307685E-003   9.6253962837954848E-004   1.0186866222100207E-004
   1.0098335966049149E-004   9.5417455536280079E-004   3.7329332880448336E-003   5.8746055631503742E-003   3.7329332880448435E-003   9.5417455536280003E-004   1.0098335966049088E-004
   1.0002318645089972E-004   9.4510204234269247E-004   3.6974396923828887E-003   5.8187484506753732E-003   3.6974396923828757E-003   9.4510204234269388E-004   1.0002318645089857E-004
   9.8981855743830201E-005   9.3526268596017578E-004   3.6589460428018855E-003   5.7581700822649899E-003   3.6589460428018859E-003   9.3526268596017328E-004   9.8981855743829428E-005
   9.7854223754231969E-005   9.2460788346692064E-004   3.6172621950393644E-003   5.6925712233881313E-003   3.6172621950393562E-003   9.2460788346691880E-004   9.7854223754230925E-005
   9.6625430658622686E-005   9.1299722692332835E-004   3.5718388434481793E-003   5.6210874187326339E-003   3.5718388434481663E-003   9.1299722692332998E-004   9.6625430658621995E-005
   9.5282331228538683E-005   9.0030650930592070E-004   3.5221900638019738E-003   5.5429539578301457E-003   3.5221900638019816E-003   9.0030650930591973E-004   9.5282331228537775E-005
   9.3815209425548621E-005   8.8644392542341400E-004   3.4679566947161179E-003   5.4576056198996099E-003   3.4679566947161196E-003   8.8644392542341346E-004   9.3815209425547754E-005
   9.2212634616205402E-005   8.7130146916842752E-004   3.4087161933850953E-003   5.3643774393163576E-003   3.4087161933850914E-003   8.7130146916842470E-004   9.2212634616204819E-005
   9.0475749863854201E-005   8.5488994115170036E-004   3.3445108140894506E-003   5.2633359126428711E-003   3.3445108140894566E-003   8.5488994115169798E-004   9.0475749863853469E-005
   8.8614842738596954E-005   8.3730654686987079E-004   3.2757208453541441E-003   5.1550795089413404E-003   3.2757208453541380E-003   8.3730654686987416E-004   8.8614842738596330E-005
   8.6646487658932912E-005   8.1870789517865723E-004   3.2029589742471189E-003   5.0405724283676184E-003   3.2029589742471206E-003   8.1870789517865679E-004   8.6646487658932370E-005
   8.4580972194964595E-005   7.9919119157469186E-004   3.1266054892933807E-003   4.9204131399839413E-003   3.1266054892933703E-003   7.9919119157468958E-004   8.4580972194964405E-005
   8.2408580308262911E-005   7.7866463086670402E-004   3.0463012291081959E-003   4.7940364230092767E-003   3.0463012291081898E-003   7.7866463086669914E-004   8.2408580308262450E-005
   8.0117309833706142E-005   7.5701480664193768E-004   2.9616025237458291E-003   4.6607440635377381E-003   2.9616025237458278E-003   7.5701480664193876E-004   8.0117309833705721E-005
   7.7705446176278150E-005   7.3422551798428949E-004   2.8724459917854358E-003   4.5204363167255712E-003   2.8724459917854350E-003   7.3422551798428852E-004   7.7705446176278028E-005
   7.5174703930996320E-005   7.1031296580987028E-004   2.7788950146478597E-003   4.3732129274165026E-003   2.7788950146478419E-003   7.1031296580986757E-004   7.5174703930995913E-005
   7.2520510844480720E-005   6.8523394767572049E-004   2.6807805752108766E-003   4.2188079093606560E-003   2.6807805752108722E-003   6.8523394767571898E-004   7.2520510844480219E-005
   6.9733722409974483E-005   6.5890205869593196E-004   2.5777646392301052E-003   4.0566892900582557E-003   2.5777646392300992E-003   6.5890205869593326E-004   6.9733722409973778E-005
   6.6805194120718125E-005   6.3123089398460974E-004   2.4695091724611378E-003   3.8863250970095518E-003   2.4695091724611386E-003   6.3123089398460963E-004   6.6805194120717827E-005
   6.3729210659989018E-005   6.0216645048805680E-004   2.3558029035012289E-003   3.7073828474021874E-003   2.3558029035012258E-003   6.0216645048805680E-004   6.3729210659988557E-005
   6.0502914369425110E-005   5.7168172667942767E-004   2.2365401966489983E-003   3.5196962998299938E-003   2.2365401966489961E-003   5.7168172667942691E-004   6.0502914369424446E-005
   5.7128591375715615E-005   5.3979832378019772E-004   2.1118055604655590E-003   3.3233984474178944E-003   2.1118055604655577E-003   5.3979832378019783E-004   5.7128591375715012E-005
   5.3613100058928973E-005   5.0658104545479670E-004   1.9818525206341943E-003   3.1188882695407324E-003   1.9818525206341934E-003   5.0658104545479757E-004   5.3613100058928784E-005
   4.9971300242547302E-005   4.7217029964282580E-004   1.8472303828020603E-003   2.9070302215106290E-003   1.8472303828020581E-003   4.7217029964282395E-004   4.9971300242546868E-005
   4.6226624725137738E-005   4.3678749886441381E-004   1.7088053597204271E-003   2.6891874828581705E-003   1.7088053597204328E-003   4.3678749886441061E-004   4.6226624725137833E-005
   4.2409936217009354E-005   4.0072425960949073E-004   1.5677183169641572E-003   2.4671554607701139E-003   1.5677183169641540E-003   4.0072425960949030E-004   4.2409936217008873E-005
   3.8556669681848551E-005   3.6431540081094496E-004   1.4252791372302833E-003   2.2429955486829986E-003   1.4252791372302803E-003   3.6431540081094654E-004   3.8556669681848063E-005
   3.4703974678360031E-005   3.2791194231777178E-004   1.2828610846366826E-003   2.0188688848771226E-003   1.2828610846366835E-003   3.2791194231776994E-004   3.4703974678359557E-005
   3.0893001486954864E-005   2.9190270611654037E-004   1.1419853132831606E-003   1.7971693456014062E-003   1.1419853132831608E-003   2.9190270611654081E-004   3.0893001486954688E-005
   2.7166614983061661E-005   2.5669271510993805E-004   1.0042363586903295E-003   1.5803905519484868E-003   1.0042363586903300E-003   2.5669271510993865E-004   2.7166614983061397E-005
   2.3570537700470096E-005   2.2271399372749445E-004   8.7130439208019399E-004   1.3711923664171744E-003   8.7130439208019344E-004   2.2271399372749377E-004   2.3570537700469869E-005
   2.0151635236315132E-005   1.9040936700947378E-004   7.4492183895530036E-004   1.1723011480687458E-003   7.4492183895530004E-004   1.9040936700947370E-004   2.0151635236314926E-005
   1.6953343997697486E-005   1.6018925816393002E-004   6.2669436197654738E-004   9.8624376627707558E-004   6.2669436197654782E-004   1.6018925816393034E-004   1.6953343997697368E-005
   1.4015099670011033E-005   1.3242628826133239E-004   5.1807973382290832E-004   8.1531435244736928E-004   5.1807973382290713E-004   1.3242628826133250E-004   1.4015099670010938E-005
   1.1367764963564181E-005   1.0741207379161176E-004   4.2021882006922919E-004   6.6130831376634157E-004   4.2021882006922936E-004   1.0741207379161142E-004   1.1367764963564035E-005
   9.0330580819070764E-006   8.5351826358794696E-005   3.3391445204596060E-004   5.2548908492091510E-004   3.3391445204596093E-004   8.5351826358794736E-005   9.0330580819069680E-006
   7.0206950634701761E-006   6.6337351154155936E-005   2.5952579113777799E-004   4.0842188669209357E-004   2.5952579113777783E-004   6.6337351154155936E-005   7.0206950634701286E-006
   5.3329620349430371E-006   5.0390249399171972E-005   1.9713734590577991E-004   3.1023971220481229E-004   1.9713734590578040E-004   5.0390249399171932E-005   5.3329620349430057E-006
   3.9572852995333457E-006   3.7391714375722492E-005   1.4628431926391817E-004   2.3021109927190170E-004   1.4628431926391890E-004   3.7391714375722485E-005   3.9572852995332999E-006
   2.8668028686394036E-006   2.7087931731459239E-005   1.0597373561926880E-004   1.6677337867531159E-004   1.0597373561926863E-004   2.7087931731459276E-005   2.8668028686393820E-006
   2.0289374369357880E-006   1.9171084060342996E-005   7.5001347976157013E-005   1.1803139838464086E-004   7.5001347976156891E-005   1.9171084060342956E-005   2.0289374369357669E-006
   1.4025387240113828E-006   1.3252349375797696E-005   5.1846002234785692E-005   8.1591282150960187E-005   5.1846002234785624E-005   1.3252349375797650E-005   1.4025387240113708E-006
