  0.98172031588355568       0.96816685371009847       0.93772010475355683       0.90285859629985210       0.92697007527117092       0.99941600343786274        1.0000000000000000     
  0.98357461014582026       0.97097326738275491       0.94195286814464363       0.90570301274054366       0.93031314982472579       0.99945670824277733       0.99999999999999833     
  0.98524989126245521       0.97350206220377400       0.94574679797536820       0.90834440641376657       0.93014215429604141       0.99950261443307087       0.99999999999999878     
  0.98674554894519451       0.97577601222577481       0.94914960965920736       0.91076926247098133       0.92998806915529197       0.99953208800596516       0.99999999999999978     
  0.98808343128168408       0.97781609680748249       0.95219928069554427       0.91293280284009126       0.93101128289390933       0.99955734451931433       0.99999999999999800     
  0.98926987007776135       0.97914356260874469       0.95480967739295797       0.91485391390083293       0.93102143412230209       0.99972312126141671       0.99999999999999944     
  0.99031078334859801       0.97828107947516407       0.95706477309642912       0.91654622355279691       0.93097473190144997       0.99974114326246644        1.0000000000000000     
  0.99115777623404488       0.97922522836661297       0.95882765996212094       0.91770107868109085       0.93390115786337946       0.99975611043566648       0.99999999999999911     
  0.99195917491661567       0.98055151963358578       0.95999882225320821       0.91829496942708566       0.93361091389921635       0.99976174471776957        1.0000000000000004     
  0.99238038763318670       0.98141190707762405       0.95895109205747153       0.91736805773637609       0.93332044208284370       0.99976609131053573       0.99999999999999889     
  0.99223514114454847       0.98166348893344102       0.95900571841053894       0.91602422995060162       0.93361042465804489       0.99976957921673315        1.0000000000000009     
  0.99112677831904927       0.97964491533507914       0.95859870288368298       0.91484321921971290       0.93321746499331282       0.99977519569662132        1.0000000000000002     
  0.99010881145639495       0.97870266413911156       0.95437611611809958       0.91321131607490758       0.93268562076857964       0.99977570444917163        1.0000000000000004     
  0.98868736816232794       0.97771694712726431       0.95166252591254374       0.90912429879561496       0.93220673286768474       0.99977528899026602       0.99999999999999956     
  0.98731963345362905       0.97571661403661913       0.94774325930048275       0.90616561527139872       0.93178019093363740       0.99977959988197795       0.99999018993095090     
  0.98327279201412576       0.97390029579532444       0.94548079757878645       0.90277439680366101       0.93191754347799027       0.99977880270867214       0.99999999999999856     
  0.98159236402203243       0.97179510391891233       0.93980769990207325       0.89876824364241925       0.93084069273988890       0.99977835433228268       0.99999999999999600     
  0.97962135696046737       0.96651679204383945       0.93398789636173130       0.89417867048407240       0.92953586445554715       0.99977754365002725       0.99999999999999967     
  0.97690237576719274       0.96145549770341920       0.92920388773856200       0.88899300407047777       0.93042712901006375       0.99979837817081918       0.99999999999999789     
  0.97426729104582921       0.95875704961124764       0.92491932752336947       0.88192109119191731       0.92919639929500086       0.99981327747422588        1.0000000000000020     
  0.96929024531814123       0.95172704363019101       0.91973437628972421       0.87523531996448900       0.92469648976953156       0.99981449262220223       0.99999999999999956     
  0.96295997789612597       0.94777658824533184       0.91213438431164617       0.84295108453008583       0.92242606952545980       0.99981737163551110        1.0000000000000016     
  0.95986676845951857       0.94237214504291589       0.90603008874409263       0.83346095042215529       0.92029222453468174       0.99981795321312017       0.99999999999999967     
  0.95393302668362923       0.93840697502611115       0.89967775244581449       0.82463652403349075       0.91757637086668487       0.99992134058450621       0.99999999999999833     
  0.95023837933172883       0.93382374986224326       0.88522896724659461       0.81601532037215119       0.91465569767061650       0.99992213835056099       0.99999999999999778     
  0.94633526967521220       0.92893967215804596       0.87874207547785721       0.80772363825197047       0.91167050622950496       0.99992309054690487       0.99999999999999878     
  0.94304529176526164       0.91887991481083742       0.87224113570639950       0.79980308718694870       0.90845920512930134       0.99992521692317426       0.99999999999999967     
  0.93530940200463752       0.89762867245978895       0.84322143479785050       0.79125256031090130       0.90517527276849152       0.99992966718733423       0.99999999999999833     
  0.91529463135130706       0.88823481991897935       0.83678671847087316       0.78405527799068686       0.90187906371366588       0.99994392769312634       0.99999999999999845     
  0.90558825456237313       0.87645188290385034       0.82056814600609085       0.77795876682902088       0.89863902401756635       0.99994826859387176        1.0000000000000004     
  0.90129745146304396       0.87150791310827225       0.81470314972290936       0.77209270495731974       0.89495892812674460       0.99994986455847057       0.99999999999999978     
  0.89691023072708886       0.86780821926071761       0.80989171639680635       0.76302415600126250       0.89185243396569669       0.99995278202597526        1.0000000000000000     
  0.88494831262614582       0.85512756128416456       0.80628720132571841       0.75245731514522030       0.88886214851518175       0.99995616243977148        1.0000000000000000     
  0.87638561053619546       0.84827159609332115       0.79351136642645692       0.74944584709302753       0.88443315294359803       0.99995774011746263        1.0000000000000000     
  0.84504636469697125       0.81328108949847311       0.78646655759644213       0.73341683346306630       0.87705170507711616       0.99995943679539545       0.99999999999999900     
  0.83362528616392995       0.79952063251242977       0.78596045946263682       0.71046788947053940       0.87512126273386448       0.99997219963811546       0.99999999999999867     
  0.82765121568319044       0.79342261739942033       0.73732198766568569       0.70091622889780059       0.87417232435078607       0.99997359909280781        1.0000000000000009     
  0.82286476757611937       0.78742428435674339       0.73323409214980284       0.67708186730707220       0.86147569011952285       0.99997513548164707       0.99999999999999845     
  0.80552334933340108       0.77326977227585325       0.72975460414098869       0.66605479757141450       0.83949985010130612       0.99997655433841159        1.0000000000000011     
  0.77149392283000051       0.74661847361407252       0.71299211239850513       0.63917078546793027       0.81583902264525554       0.99997799404615806       0.99999999999999911     
  0.77406053181151602       0.74099490981633132       0.68037083924276420       0.61404410995705105       0.80968823034742787       0.99997942986338872       0.99999999999999922     
  0.73865585067210204       0.71678298203524182       0.68106466480229422       0.58327588142192177       0.81273431414176600       0.99998119833022325       0.99999999999999811     
  0.72198929253316191       0.69944654538111373       0.64271778313397188       0.54690641507868287       0.74225937727392743       0.99998812704979234        1.0000000000000002     
  0.69500163091569445       0.65983415352503694       0.59605641118520802       0.50053266695448273       0.70815608872361246       0.99998920092035570       0.99999999999999989     
  0.64172287060731570       0.60613103224828124       0.58958240794424654       0.42955319564649874       0.63905162640299851       0.99999025290602106       0.99999999999999789     
  0.66854753702247216       0.63065052135816047       0.61140466784659175       0.44600310321365899       0.64684164937805499       0.99999124593382727        1.0000000000000016     
  0.69625774184275702       0.65605327572698513       0.63350099288602835       0.46327255503474962       0.65543532790472181       0.99999221079701139       0.99999999999999833     
  0.72411860582626830       0.68202071236090978       0.65599096988018268       0.48136524837587114       0.66484671114790583       0.99999314118031479       0.99999999999999900     
  0.75192154686071067       0.70823226477738854       0.67887353399316397       0.50029746092808314       0.67508974514705300       0.99999630019584773       0.99999999999999767     
  0.77957357423388041       0.73454923960713792       0.70210170606161670       0.52006992131169649       0.68616902994490914       0.99999686404674093        1.0000000000000000     
  0.80677455456734681       0.76087384724553186       0.72558119504712260       0.54070607684524064       0.69809021127914284       0.99999738247346359        1.0000000000000011     
  0.83307656831515142       0.78701884802857913       0.74928227508925238       0.56223883893186233       0.71085586666712142       0.99999785285468423        1.0000000000000011     
  0.85798202130569801       0.81268418825828692       0.77235621447504899       0.58469545608552520       0.72445546065202193       0.99999827294108468        1.0000000000000016     
  0.88102925737190008       0.83750192636639442       0.79598569387875751       0.60810250511362240       0.73886650983817737       0.99999922822340148       0.99999999999999967     
  0.90184424535644003       0.86106746751429519       0.81430880738810019       0.63244918789460736       0.75404276974515116       0.99999941898618194       0.99999999999999933     
  0.92021269885474888       0.88301302224059042       0.83662373140818702       0.65771438277311778       0.76992290945999087       0.99999957569952025       0.99999999999999867     
  0.93608643306964423       0.90303834897547519       0.85809499656150356       0.68384162672452664       0.78642375998482428       0.99999970081546097        1.0000000000000020     
  0.94956083681916037       0.92094034856939599       0.87484406909924184       0.71072337037630073       0.80343412988456353       0.99999979741472322        1.0000000000000013     
  0.96083298096502923       0.93662962345305889       0.89264830293886899       0.73819765916347291       0.82082104443402271       0.99999986914960004       0.99999999999999833     
  0.97014281310883599       0.95011365639602796       0.91014537589686417       0.76601018929664888       0.83851785179925620       0.99999996100808786       0.99999999999999889     
  0.97773484002111199       0.96149269841327933       0.91848956810949511       0.79383719945826448       0.85877229314885306       0.99999997841742350       0.99999999999999822     
  0.98382627409344126       0.97092694766224807       0.93463631734445518       0.82128230768212074       0.87763488553538493       0.99999998902455856       0.99999999999999922     
  0.98862446981212226       0.97860134854561620       0.94586555471902833       0.84789025545935204       0.89657937616793915       0.99999999497653291       0.99999999999999933     
  0.99229503460436530       0.98471242724630259       0.95831876833960006       0.87318075121939753       0.91790248039591027       0.99999999799153072        1.0000000000000007     
  0.99500245707192891       0.98945654207295552       0.96845751575889616       0.89667015025517283       0.93702254980961619       0.99999999931749262       0.99999999999999922     
  0.99693276843996392       0.99301070063627639       0.97706491610752633       0.91793222712828293       0.94895530631880809       0.99999999992555111        1.0000000000000004     
  0.99822938408989781       0.99559407201051620       0.98397632063722440       0.93663526795968333       0.96259635197887605       0.99999999998177624       0.99999999999999800     
  0.99904313713265791       0.99737572621303316       0.98922861415642183       0.95257382458953122       0.97414014097210089       0.99999999999633571        1.0000000000000007     
  0.99952291371148683       0.99852604655238297       0.99308599421208199       0.96568396594163264       0.97993472420821215       0.99999999999941525       0.99999999999999956     
  0.99977976385762368       0.99922834980530317       0.99576028722585463       0.97605313113981895       0.98467262170308290       0.99999999999993028       0.99999999999999800     
  0.99990696182651317       0.99961883044030087       0.99752942978088688       0.98387988533781801       0.98845839420341397       0.99999999999999400        1.0000000000000033     
  0.99996303609481885       0.99982132382854283       0.99861472888676739       0.98954087261561496       0.99138683685236806       0.99999999999999611        1.0000000000000031     
  0.99998566906530961       0.99991653526385826       0.99924551357212221       0.99340558239058230       0.99370213780192718       0.99999999999999678        1.0000000000000016     
  0.99999402960175676       0.99995904459501805       0.99958453444404227       0.99593021743184496       0.99552306657940359       0.99999999999999978       0.99999999999999989     
  0.99999714695204311       0.99997795008027668       0.99976217615391527       0.99748189993541214       0.99692137647356316        1.0000000000000000        1.0000000000000004     
  0.99999847919261353       0.99998720268485453       0.99985597044265462       0.99841333162098000       0.99803140810614233        1.0000000000000016       0.99999999999999944     
  0.99999917304189956       0.99999247072476238       0.99991002587403688       0.99897602925254347       0.99832323461254702       0.99999999999999956       0.99999999999999878     
  0.99999957877845946       0.99999581279341354       0.99994521882830034       0.99935273467036123       0.99906575424423805        1.0000000000000007        1.0000000000000018     
  0.99999981869329180       0.99999799667662292       0.99997039489372774       0.99970965661731592       0.99964702921249438        1.0000000000000013       0.99999999999999989     
  0.99999994703389949       0.99999932727284246       0.99998820873847749       0.99990724361013150       0.99993460418159219        1.0000000000000016       0.99999999999999600     
  0.99999999586222743       0.99999993252871455       0.99999837648394441       0.99994241157520569       0.99999343121399564        1.0000000000000009       0.99999999999999956     
