  0.58127206480670868       0.58660008877511860       0.59272069890515111       0.59995046998427237       0.61470312334533883       0.65524703116649807       0.73625693938324566     
  0.57698987669674395       0.58249565767016342       0.58918344213943930       0.59787760785440069       0.61565879587629235       0.66139946997548982       0.74875639993528886     
  0.57315525802632861       0.57860395614736104       0.58566993879936202       0.59568243783988084       0.61636271700601719       0.66714699043634274       0.76061477982140990     
  0.56975563827186915       0.57505425605218841       0.58235620358478080       0.59353639007953252       0.61697073481764930       0.67262001573196795       0.77193748326122991     
  0.56677120984318630       0.57185683869086101       0.57929537636319117       0.59149086559271213       0.61750423694042533       0.67783521723489082       0.78295526830020190     
  0.56416268114366686       0.56899987986627065       0.57650738078885122       0.58956885309907370       0.61796332134203547       0.68287632712293311       0.79372993085821064     
  0.56189027101329869       0.56646330916669507       0.57394075837317549       0.58778394458982208       0.61840550296777286       0.68786484292911965       0.80430551309245002     
  0.55991123881988203       0.56421435369241502       0.57161687516724213       0.58615346101696197       0.61886948201444580       0.69285908917424199       0.81470247085170810     
  0.55818789197714436       0.56223216469249482       0.56952634023202742       0.58467299896093650       0.61938364311845229       0.69788769194634215       0.82492015458615420     
  0.55670342523637062       0.56049716128704363       0.56766028245562661       0.58334797321125154       0.61997330660292127       0.70297331343288172       0.83494844411775881     
  0.55543040845856229       0.55899856252076863       0.56600589479945240       0.58218108688443637       0.62067711366939649       0.70812133402406585       0.84477385052258236     
  0.55434196964948890       0.55768145465184016       0.56455679124097013       0.58115703369518867       0.62148899514231337       0.71333565805045540       0.85437892632557477     
  0.55341755622430833       0.55651503741604491       0.56330827827070873       0.58027902577516965       0.62239796133542213       0.71863202575487162       0.86374672653346096     
  0.55263938987402150       0.55551632988772648       0.56224834515706867       0.57956080814801847       0.62345104917181271       0.72401355976441328       0.87285767542333925     
  0.55199820431698587       0.55467507703974805       0.56138038225462972       0.57897484851195247       0.62465656720270435       0.72948401118053185       0.88169202116657941     
  0.55146356141161423       0.55397702337151478       0.56066389812123274       0.57854500484658289       0.62602048272807675       0.73504565636124097       0.89023121128450255     
  0.55102047981310431       0.55341498005929735       0.56011245585726976       0.57827904722625723       0.62754647824939280       0.74069866083769753       0.89845701055297023     
  0.55068495029477671       0.55298157164594641       0.55971542923687945       0.57817211515491107       0.62923755230789213       0.74644212507209140       0.90635292318977001     
  0.55043896807173753       0.55267135320117033       0.55946489405625455       0.57822829459277214       0.63109547085236151       0.75227395897763583       0.91390514923460575     
  0.55025862663617675       0.55247922670631877       0.55935592356669472       0.57845102720172792       0.63312165390651176       0.75819076241845718       0.92110027478044565     
  0.55016598831053698       0.55240371679816569       0.55938483246700921       0.57884441505506068       0.63531853278407591       0.76418987909490677       0.92792944679563460     
  0.55015986055673038       0.55244375370705823       0.55954940111271101       0.57941605554772058       0.63768755069068550       0.77026681217097615       0.93438599208320527     
  0.55024092767678068       0.55259948993962604       0.55984346337407465       0.58015197188920353       0.64022972575429138       0.77641652123829175       0.94046612565309939     
  0.55041199544939567       0.55287060788745168       0.56026060445321846       0.58105676384207638       0.64294695667442481       0.78263380421075968       0.94617009580930977     
  0.55067705243386689       0.55326328640747036       0.56081343512893467       0.58213596234241960       0.64584323158620771       0.78891447159118278       0.95149932503128620     
  0.55104110582449273       0.55377235969642391       0.56150199189560512       0.58339637585795645       0.64891992049036018       0.79525225649179287       0.95645831842596685     
  0.55150831235108777       0.55439808299373083       0.56232724809292334       0.58483811326330815       0.65217599861608821       0.80163868804048477       0.96105335705778938     
  0.55208386340763738       0.55514442021730004       0.56329555797429565       0.58646102345051931       0.65561103512399721       0.80806532114646923       0.96529327491674455     
  0.55277178667156057       0.55601574083858385       0.56441212068120461       0.58826540682757766       0.65922517838583505       0.81452384202800798       0.96918987687561575     
  0.55358071476307502       0.55701654596623751       0.56568290566752566       0.59025190069839606       0.66302113306798005       0.82100764186114017       0.97275531627291500     
  0.55451405191316339       0.55815360265763303       0.56710352711402989       0.59241906784506893       0.66699577461770387       0.82750543237354668       0.97600315024345585     
  0.55557480033273365       0.55942505759884043       0.56867348528836814       0.59477220919138851       0.67114699672657163       0.83400731025432007       0.97894870931053213     
  0.55676344568174418       0.56083690344870796       0.57041404530198903       0.59730266988260627       0.67546854217636754       0.84050102753442313       0.98160783414953789     
  0.55808273354127880       0.56238542871217645       0.57234637787203879       0.60001088921502255       0.67995386794380719       0.84697458168986728       0.98399801663983144     
  0.55953337148307603       0.56406888858334547       0.57441377840953833       0.60287454591437739       0.68459793441373895       0.85341639659023094       0.98613561523604754     
  0.56110260166698089       0.56589110206474891       0.57662481018131195       0.60588586269767475       0.68939233479373452       0.85981410216778842       0.98803831316048063     
  0.56280652698754585       0.56783022721064491       0.57897879868442426       0.60903795636570601       0.69432354055761081       0.86615451825337775       0.98972370802807486     
  0.56460448656713580       0.56987219189993876       0.58145273993442748       0.61230593594976757       0.69936921836883092       0.87242449806679268       0.99120931707973914     
  0.56646602123172529       0.57202531107956767       0.58404992794987842       0.61568337505703719       0.70451271955583483       0.87860976593773643       0.99251285347143903     
  0.56840225299210512       0.57423117769637844       0.58669649963900639       0.61917969665273931       0.70975187532932371       0.88469876061096353       0.99365037257728761     
  0.57032464501195612       0.57641048387579930       0.58938497289053537       0.62271362728779212       0.71505379123316803       0.89067261870650294       0.99463796060166665     
  0.57216046225610784       0.57856737736451180       0.59205761060352269       0.62629382866557592       0.72039105803793657       0.89650944369138730       0.99549081666644257     
  0.57376818882153335       0.58054627455075891       0.59465260303515055       0.62989794532746324       0.72573560156654637       0.90218153711914306       0.99622323513854560     
  0.57496143193057569       0.58223644906733019       0.59711351352374809       0.63346660264884191       0.73106891436076771       0.90764909287100237       0.99684757833122750     
   1.0000000000000000        1.0000000000000000        1.0000000000000000        1.0000000000000000        1.0000000000000000        1.0000000000000000        1.0000000000000000     
   1.0000000000000000        1.0000000000000000        1.0000000000000000        1.0000000000000000        1.0000000000000000        1.0000000000000000        1.0000000000000000     
   1.0000000000000000        1.0000000000000000        1.0000000000000000        1.0000000000000000        1.0000000000000000        1.0000000000000000        1.0000000000000000     
   1.0000000000000000        1.0000000000000000        1.0000000000000000        1.0000000000000000        1.0000000000000000        1.0000000000000000        1.0000000000000000     
   1.0000000000000000        1.0000000000000000        1.0000000000000000        1.0000000000000000        1.0000000000000000        1.0000000000000000        1.0000000000000000     
   1.0000000000000000        1.0000000000000000        1.0000000000000000        1.0000000000000000        1.0000000000000000        1.0000000000000000        1.0000000000000000     
   1.0000000000000000        1.0000000000000000        1.0000000000000000        1.0000000000000000        1.0000000000000000        1.0000000000000000        1.0000000000000000     
   1.0000000000000000        1.0000000000000000        1.0000000000000000        1.0000000000000000        1.0000000000000000        1.0000000000000000        1.0000000000000000     
   1.0000000000000000        1.0000000000000000        1.0000000000000000        1.0000000000000000        1.0000000000000000        1.0000000000000000        1.0000000000000000     
   1.0000000000000000        1.0000000000000000        1.0000000000000000        1.0000000000000000        1.0000000000000000        1.0000000000000000        1.0000000000000000     
   1.0000000000000000        1.0000000000000000        1.0000000000000000        1.0000000000000000        1.0000000000000000        1.0000000000000000        1.0000000000000000     
   1.0000000000000000        1.0000000000000000        1.0000000000000000        1.0000000000000000        1.0000000000000000        1.0000000000000000        1.0000000000000000     
   1.0000000000000000        1.0000000000000000        1.0000000000000000        1.0000000000000000        1.0000000000000000        1.0000000000000000        1.0000000000000000     
   1.0000000000000000        1.0000000000000000        1.0000000000000000        1.0000000000000000        1.0000000000000000        1.0000000000000000        1.0000000000000000     
   1.0000000000000000        1.0000000000000000        1.0000000000000000        1.0000000000000000        1.0000000000000000        1.0000000000000000        1.0000000000000000     
   1.0000000000000000        1.0000000000000000        1.0000000000000000        1.0000000000000000        1.0000000000000000        1.0000000000000000        1.0000000000000000     
   1.0000000000000000        1.0000000000000000        1.0000000000000000        1.0000000000000000        1.0000000000000000        1.0000000000000000        1.0000000000000000     
   1.0000000000000000        1.0000000000000000        1.0000000000000000        1.0000000000000000        1.0000000000000000        1.0000000000000000        1.0000000000000000     
   1.0000000000000000        1.0000000000000000        1.0000000000000000        1.0000000000000000        1.0000000000000000        1.0000000000000000        1.0000000000000000     
   1.0000000000000000        1.0000000000000000        1.0000000000000000        1.0000000000000000        1.0000000000000000        1.0000000000000000        1.0000000000000000     
   1.0000000000000000        1.0000000000000000        1.0000000000000000        1.0000000000000000        1.0000000000000000        1.0000000000000000        1.0000000000000000     
   1.0000000000000000        1.0000000000000000        1.0000000000000000        1.0000000000000000        1.0000000000000000        1.0000000000000000        1.0000000000000000     
   1.0000000000000000        1.0000000000000000        1.0000000000000000        1.0000000000000000        1.0000000000000000        1.0000000000000000        1.0000000000000000     
   1.0000000000000000        1.0000000000000000        1.0000000000000000        1.0000000000000000        1.0000000000000000        1.0000000000000000        1.0000000000000000     
   1.0000000000000000        1.0000000000000000        1.0000000000000000        1.0000000000000000        1.0000000000000000        1.0000000000000000        1.0000000000000000     
   1.0000000000000000        1.0000000000000000        1.0000000000000000        1.0000000000000000        1.0000000000000000        1.0000000000000000        1.0000000000000000     
   1.0000000000000000        1.0000000000000000        1.0000000000000000        1.0000000000000000        1.0000000000000000        1.0000000000000000        1.0000000000000000     
   1.0000000000000000        1.0000000000000000        1.0000000000000000        1.0000000000000000        1.0000000000000000        1.0000000000000000        1.0000000000000000     
   1.0000000000000000        1.0000000000000000        1.0000000000000000        1.0000000000000000        1.0000000000000000        1.0000000000000000        1.0000000000000000     
   1.0000000000000000        1.0000000000000000        1.0000000000000000        1.0000000000000000        1.0000000000000000        1.0000000000000000        1.0000000000000000     
   1.0000000000000000        1.0000000000000000        1.0000000000000000        1.0000000000000000        1.0000000000000000        1.0000000000000000        1.0000000000000000     
   1.0000000000000000        1.0000000000000000        1.0000000000000000        1.0000000000000000        1.0000000000000000        1.0000000000000000        1.0000000000000000     
   1.0000000000000000        1.0000000000000000        1.0000000000000000        1.0000000000000000        1.0000000000000000        1.0000000000000000        1.0000000000000000     
   1.0000000000000000        1.0000000000000000        1.0000000000000000        1.0000000000000000        1.0000000000000000        1.0000000000000000        1.0000000000000000     
   1.0000000000000000        1.0000000000000000        1.0000000000000000        1.0000000000000000        1.0000000000000000        1.0000000000000000        1.0000000000000000     
   1.0000000000000000        1.0000000000000000        1.0000000000000000        1.0000000000000000        1.0000000000000000        1.0000000000000000        1.0000000000000000     
   1.0000000000000000        1.0000000000000000        1.0000000000000000        1.0000000000000000        1.0000000000000000        1.0000000000000000        1.0000000000000000     
