                       NaN
                       NaN
                       NaN
                       NaN
                       NaN
                       NaN
                       NaN
                       NaN
                       NaN
                       NaN
                       NaN
                       NaN
   4.5159220194680643     
   4.4255451313107725     
   4.3314466249291002     
   4.2340208002957178     
   4.1336401823205797     
   4.0306592390947911     
   3.9254106529550774     
   3.8182118039261699     
   3.7093452023762792     
   3.5990653254057019     
   3.4875944399102519     
   3.3751084269236307     
   3.2617302845136527     
   3.1475353701792654     
   3.0325278747532023     
   2.9166241261192281     
   2.7996465152774999     
   2.6813025092147029     
   2.5611557306124650     
   2.4385972177053672     
   2.3128041259274048     
   2.1827016589935075     
   2.0468777040122279     
   1.9034889452908281     
   1.7501709412770257     
   1.5838361365488240     
   1.4004282401860613     
   1.1945485732484475     
  0.95885723458086980     
  0.68307916138199154     
  0.35156058024146258     
  -6.3307040582360419E-002
 -0.61848256720203498     
 -0.55548741201629226     
 -0.49542604302769683     
 -0.43829287972707870     
 -0.38408363336791218     
 -0.33279725868629634     
 -0.28443536243849382     
 -0.23899984878759642     
 -0.19649381085859219     
 -0.15692021345226762     
 -0.12028301290493061     
  -8.6583603282840996E-002
  -5.5817770483443191E-002
  -2.7972809117665434E-002
  -3.0241039607901963E-003
   1.9067273625864776E-002
   3.8358615915694443E-002
   5.4927506716221694E-002
   6.8869478027600559E-002
   8.0297837155596102E-002
   8.9340826453660038E-002
   9.6140275458453300E-002
  0.10084931567641649     
  0.10362929416046497     
  0.10464189540112842     
  0.10405246075294330     
  0.10202424914946109     
   9.8714308356124478E-002
   9.4265233925363234E-002
   8.8793707785838921E-002
   8.2393128635405807E-002
   7.5154136907978675E-002
   6.7160865625327637E-002
   5.8487439912005133E-002
   4.9194225856218458E-002
   3.9260641849038852E-002
   2.8518475426422038E-002
