   8.9167998810913733        8.8694827044905864        8.7850772335001110        8.6543134997882021        8.6518534399882228        9.3699251055479209        9.8537794458321262     
   8.9290434162678292        8.8828757558871381        8.7985898317421842        8.6614926472102383        8.6320086093363422        9.2930410367168186        9.7067506332465374     
   8.9333378369430640        8.8892192683975555        8.8065453551323749        8.6654718382904807        8.6120640863064466        9.2209328689807410        9.5791937310344721     
   8.9305471421445901        8.8887258189421257        8.8080640239873524        8.6646315481208216        8.5901095588642562        9.1508127305703475        9.4656026280280354     
   8.9212840695984426        8.8816918152425703        8.8031719094361005        8.6583307945676573        8.5647851323851949        9.0815546874705770        9.3629327785697125     
   8.9060041666424290        8.8684283595387878        8.7920694258322527        8.6463131024331776        8.5352974539725981        9.0120863329962795        9.2692558399661831     
   8.8850203350264625        8.8492168567927436        8.7749170043915541        8.6284312011665492        8.5011141536968449        8.9416146767107367        9.1826275099402395     
   8.8585679694020190        8.8242997308812949        8.7518510825389981        8.6046076752102483        8.4618854087125772        8.8696094849862099        9.1019905854264902     
   8.8268269800408792        8.7938620230537996        8.7229714161817267        8.5747945085560797        8.4173197349610831        8.7957323293830818        9.0267832808678676     
   8.7899256281882678        8.7580289252749619        8.6883353754389550        8.5389340361253687        8.3672346207468618        8.7196865471880223        8.9565613877899786     
   8.7479332585925693        8.7168642034681820        8.6479706364288074        8.4969556722741491        8.3114380159220111        8.6412251812507748        8.8907417044421617     
   8.7008609167855493        8.6703715747762597        8.6018682048165029        8.4487952062042204        8.2497798031000880        8.5601856100436180        8.8287246038325318     
   8.6486670305321933        8.6184985782382828        8.5499745884755800        8.3943627494450492        8.1820966380905062        8.4763841896309273        8.7700882024789983     
   8.5912602737380528        8.5611588773001017        8.4922069145084684        8.3335649504796248        8.1082584695995266        8.3896087959382850        8.7142639671617133     
   8.5285004617477096        8.4982348817603537        8.4284542996320475        8.2663006421891065        8.0281314653534377        8.2996273760515447        8.6606165188994257     
   8.4602197206825576        8.4295698118390785        8.3585722262991151        8.1924351901144838        7.9415844965309272        8.2062488125280986        8.6087624573763524     
   8.3862192218461669        8.3549697209738838        8.2823890179761204        8.1118250645855170        7.8484985142847501        8.1093149298551861        8.5585678449550713     
   8.3062616411178762        8.2742126010003005        8.1997143478257541        8.0243074331123445        7.7487288185765211        8.0086813892773172        8.5100577251016301     
   8.2200739400784268        8.1870452275008816        8.1103306391506056        7.9296999962663923        7.6421331426778032        7.9042297580677676        8.4627801862832204     
   8.1273550399122136        8.0931827937937975        8.0139840763842756        7.8277890919067428        7.5285637243641172        7.7958596308069490        8.4161897286081135     
   8.0277670230517728        7.9923076973160851        7.9103873591842326        7.7183567249903247        7.4078618146231854        7.6834582967188414        8.3698226563066473     
   7.9209392499336211        7.8840726419288680        7.7992273409720250        7.6011529454709947        7.2798622129114579        7.5669302625585164        8.3233375791752380     
   7.8064579347860432        7.7680860273846806        7.6801469992705771        7.4758815767234532        7.1443791175058351        7.4461769212402995        8.2764555608797750     
   7.6838656756532711        7.6439082394423190        7.5527452378262661        7.3422022196668308        7.0012146161576645        7.3210987420567477        8.2289851868439090     
   7.5526522716369060        7.5110477270687959        7.4165705806173001        7.1997184088395123        6.8501497453879105        7.1916033821891663        8.1806773186389332     
   7.4122459024523337        7.3689548475378785        7.2711196731823087        7.0480351383603868        6.6909479892888371        7.0576113205693956        8.1312501048611949     
   7.2619963023894512        7.2170027262061778        7.1158180180305486        6.8866987070372652        6.5233485851461275        6.9190564696878303        8.0804425983623798     
   7.1011584430608288        7.0544734814084897        6.9500015481888235        6.7151676548467885        6.3470476737862036        6.7758697130714989        8.0280015938447882     
   6.9288741153728850        6.8805361997627585        6.7729035380577498        6.5328064189789963        6.1616974195845655        6.6279978541194575        7.9736918359192224     
   6.7441471708793541        6.6942312448673196        6.5836373815811502        6.3388912426920179        5.9668727096059850        6.4754496928686667        7.9173031812091761     
   6.5458163755709862        6.4944376888547959        6.3811702883271826        6.1325822388845657        5.7621021465463196        6.3183678159537582        7.8586616809917897     
   6.3325005828972705        6.2798237879553538        6.1642867160050985        5.9128849851320453        5.5468020830826523        6.1569153914578960        7.7976179898639257     
   6.1025526403936929        6.0488022840576274        5.9315410097325874        5.6785880891772926        5.3202975355661470        5.9911141698695296        7.7340568562680199     
   5.8540180710871885        5.7994597926698122        5.6811686765867098        5.4282218949166952        5.0817988180227429        5.8210408489448291        7.6678982947177490     
   5.5844817156703899        5.5295065309292522        5.4109891798167373        5.1599399090806273        4.8301788880965724        5.6468211523553462        7.5991200491052053     
   5.2909418419196292        5.2360388443662345        5.1182866486227336        4.8714023430956130        4.5640215925121224        5.4686465783981477        7.5277392541805499     
   4.9696302345880889        4.9153892619420301        4.7996425089650820        4.5596837254474423        4.2816288763623573        5.2868489805667549        7.4538380288407486     
   4.6157278672924544        4.5628407412030310        4.4506465298365194        4.2210250968397949        3.9806371965318728        5.1015205540626898        7.3776050107880664     
   4.2228115617760533        4.1721700940072513        4.0653953381127677        3.8502955378798602        3.6579447205571878        4.9126871933110090        7.2993701899923407     
   3.7820768043046820        3.7348283585512676        3.6357801718193361        3.4405697199023870        3.3091334951185361        4.7206557332411823        7.2196717351574584     
   3.2810395536920289        3.2385939855326611        3.1503012799907055        2.9819719288345432        2.9280377465505247        4.5256530614924548        7.1392088244488354     
   2.7008986351141409        2.6651562285849977        2.5916904546764616        2.4596912765668670        2.5054225582676248        4.3271260478832874        7.0587636771795257     
   2.0119098453948259        1.9856096223150210        1.9329325630400580        1.8509114589674556        2.0269765285067982        4.1242704786868778        6.9793924698788201     
   1.1600137575535685        1.1479247889680175        1.1267947138453729        1.1193833525286971        1.4762513399992583        3.9161211359230936        6.9026672973322905     
  9.33862722387473858E-003  2.13086295641095914E-002  5.39789939365672364E-002  0.17102101439964704       0.80701491276847115        3.7010889861810199        6.8306445011551595     
  8.22518415399535983E-003  1.88933031988563586E-002  4.85038777531085694E-002  0.15758601209468276       0.77377130228821289        3.6515785725688454        6.7665322860701744     
  7.20285754982286260E-003  1.66623199757414096E-002  4.33780084026794549E-002  0.14465115022399466       0.73989393970256878        3.5988649893518345        6.6987798061465735     
  6.26791006529974978E-003  1.46093789561626570E-002  3.85976987613899439E-002  0.13224020402111064       0.70551229296768947        3.5429499351836036        6.6272827032434298     
  5.41628403660568847E-003  1.27271388842536762E-002  3.41556878643300352E-002  0.12037064298603148       0.67071821652139085        3.4837848830988070        6.5519051979225802     
  4.64450322029563364E-003  1.10083737137850832E-002  3.00410264399888806E-002  0.10905446775902937       0.63559663882294504        3.4213178470678400        6.4725392137344846     
  3.94944516041664372E-003  9.44774948347059350E-003  2.62448403152147451E-002  9.83002050047837583E-002  0.60022729613026793        3.3555039940576390        6.3891534374471659     
  3.32745514539393734E-003  8.03889418783770675E-003  2.27591221558322288E-002  8.81143285939827020E-002  0.56470326115963754        3.2863272411574744        6.3017738289168417     
  2.77520878911319442E-003  6.77567199702890696E-003  1.95756681389933664E-002  7.85028311925644873E-002  0.52914026977150808        3.2137914791081510        6.2104466643093375     
  2.28952369082086439E-003  5.65233425513828915E-003  1.66862900248962859E-002  6.94707966793735171E-002  0.49364437766968750        3.1378743581012429        6.1151921115343475     
  1.86695824183412710E-003  4.66294179567008915E-003  1.40828639803668946E-002  6.10222960381058416E-002  0.45833121274860339        3.0585751018040113        6.0160546935710091     
  1.50361079955168208E-003  3.80079606874651494E-003  1.17567082584679773E-002  5.31602652668142772E-002  0.42332164234625702        2.9759209315030271        5.9131344301542015     
  1.19523970378669609E-003  3.05855795511184589E-003  9.69874591861935240E-003  4.58884948395662171E-002  0.38875404253309853        2.8899352197747246        5.8065587606933287     
  9.37093797587898350E-004  2.42783608198201498E-003  7.89831979558456611E-003  3.92110149663195337E-002  0.35477708401601910        2.8007141322372524        5.6964700891899360     
  7.24013952575184336E-004  1.89931357255042127E-003  6.34286596576919600E-003  3.31301647235887273E-002  0.32155305728285621        2.7083264663838373        5.5829949853818466     
  5.50633256526824439E-004  1.46284866771112412E-003  5.01756795733565401E-003  2.76463769036896442E-002  0.28925022196014505        2.6128454457139703        5.4662407975182470     
  4.11598511277404256E-004  1.10776969378252621E-003  3.90506333926327271E-003  2.27557510310988885E-002  0.25804419151995323        2.5143404453231342        5.3462863584331233     
  3.01863402146183412E-004  8.23550388244507331E-004  2.98636437933526289E-003  1.84506454212730563E-002  0.22811564279865756        2.4128453715068847        5.2231682939262241     
  2.16739988188447194E-004  5.99903290061687281E-004  2.24079255996059842E-003  1.47173379456511759E-002  0.19964916094741311        2.3084552485043419        5.0968547508810715     
  1.52030659447952889E-004  4.27234075826909824E-004  1.64697651429023331E-003  1.15335409520570722E-002  0.17282090461397670        2.2012263129219325        4.9672265489615999     
  1.04055151677622657E-004  2.96878605154158324E-004  1.18354538078857324E-003  8.86840569678155367E-003  0.14778860028254392        2.0912216104304160        4.8340755297075839     
  6.95794498821941529E-005  2.01108626314483186E-004  8.29836373635529337E-004  6.68218032246423784E-003  0.12467445849583858        1.9785216802070487        4.6971131364142025     
  4.57750392568807133E-005  1.33135783749706538E-004  5.66991729503982700E-004  4.92821340780717678E-003  0.10360413620991216        1.8631922041355804        4.5559703544074717     
  3.01218370343442397E-005  8.69168736611792691E-005  3.77822248647407557E-004  3.55525675701506318E-003  8.46791671179944749E-002   1.7454065619932428        4.4101303763419129     
  2.04145995062677809E-005  5.70940236041392451E-005  2.46933886724413421E-004  2.50885569997139849E-003  6.79536011323192135E-002   1.6253467974185711        4.2588978331287617     
  1.48044951696924308E-005  3.90286439882823509E-005  1.60623911981041775E-004  1.73439788429596690E-003  5.34581985283349714E-002   1.5032476248548463        4.1013294872486323     
  1.18154469164177201E-005  2.88724695575178756E-005  1.06853031033082057E-004  1.17985216566849423E-003  4.11756231787580931E-002   1.3794058075503912        3.9361676252194493     
  1.03648258961016619E-005  2.36334262310397196E-005  7.54780855446323025E-005  7.96716394874623932E-004  3.10338455098773634E-002   1.2542088185154581        3.7617928137178747     
  9.73089242177629364E-006  2.11761533208131091E-005  5.84308206134201197E-005  5.42200649121604402E-004  2.29079626832009581E-002   1.1282281278718449        3.5761240151286899     
  9.48427069012311726E-006  2.01326464449304662E-005  4.97493252787690495E-005  3.79183964150794472E-004  1.66078052726605155E-002   1.0021831023137442        3.3765508912025046     
  9.40019585925490411E-006  1.97297088336915621E-005  4.55034439821476718E-005  2.77487657668125073E-004  1.18877007151797984E-002  0.87697877730348173        3.1598193919902609     
  9.37537971335113544E-006  1.95833228831978621E-005  4.34008320130817670E-005  2.14110168621089471E-004  8.46236710488781733E-003  0.75367504382426198        2.9219146804577463     
  9.36887634887497864E-006  1.95282709699997139E-005  4.22663441403436143E-005  1.73125732889656454E-004  6.03179420848855286E-003  0.63332060357472519        2.6577824365174259     
  9.36702076799953689E-006  1.95037102621139101E-005  4.15851743316689558E-005  1.45089777371549666E-004  4.32038690888552051E-003  0.51673367813237570        2.3612318186925578     
  9.36620314616568428E-006  1.94903053574021427E-005  4.11456912841857034E-005  1.24830984567314215E-004  3.09199976176966970E-003  0.40426612162893388        2.0248124028799666     
  9.36557354515208542E-006  1.94821406203051857E-005  4.08594114310661466E-005  1.09846231378051326E-004  2.17126906220944460E-003  0.29690744083286352        1.6400758170537533     
  9.36446950458814516E-006  1.94759630622601166E-005  4.06752043763040268E-005  9.87817206407317554E-005  1.43504726829792495E-003  0.19642467213842552        1.1960069433686393     
