  0.74098938836508788       0.74836808947540845       0.76566139815036227       0.81818920350466773        1.0291019254983409        2.0368676531883061        6.7084920652563715     
  0.77140982962678528       0.77857117729743919       0.79546271426805293       0.84742132776331902        1.0591675332806885        2.0907533020591100        7.0445785586129590     
  0.80189276846342805       0.80864257276160112       0.82482101842644096       0.87600595135182446        1.0885874987721789        2.1445972281211034        7.3939000086931284     
  0.83226338727673466       0.83851509402416446       0.85395732590216722       0.90423241730271120        1.1175741407850672        2.1985843617437726        7.7569277636782710     
  0.86236148723805861       0.86809700226470665       0.88279640948180016       0.93211795042001211        1.1462299096247439        2.2527949101573710        8.1343655034424867     
  0.89205625878544792       0.89729813969825623       0.91126251782024326       0.95961667079362589        1.1746289009525419        2.3072407605080718        8.5269529140238252     
  0.92125141533412946       0.92605016307299226       0.93930469723166288       0.98669877801674566        1.2027180647602216        2.3618991228312378        8.9354252856793579     
  0.94987668334497566       0.95427502982608392       0.96685431065550520        1.0133633277957756        1.2304734308015906        2.4167431192459894        9.3605438016326428     
  0.97785913271941882       0.98189472994139448       0.99384180175838377        1.0395338902466713        1.2578529884356100        2.4717282905286209        9.8029372271230706     
   1.0051272126485564        1.0088342606261667        1.0202067281979275        1.0651779661822864        1.2848411282178362        2.5267965434025403        10.263203463504658     
   1.0316214836192235        1.0350331417828835        1.0458971074317376        1.0902552175509324        1.3114103609307366        2.5818891923376488        10.742056373768664     
   1.0572825567572262        1.0604390473448424        1.0708726616758897        1.1147185473545667        1.3375515198728618        2.6369347796470239        11.240113236837974     
   1.0820659325143649        1.0850093806851688        1.0950825393901535        1.1385465916317783        1.3631918916843080        2.6919354321638158        11.758333144343750     
   1.1059267771768464        1.1087009342797165        1.1184889351618557        1.1617076206474626        1.3882954885214764        2.7468467161454693        12.297433601962620     
   1.1288337878934955        1.1314816393057916        1.1410618904330803        1.1841643342134860        1.4128323327205159        2.8016327559423915        12.858581950554404     
   1.1507605815404962        1.1533231642705672        1.1627755888682063        1.2058897138423721        1.4367702675093621        2.8562816504415540        13.442921931406829     
   1.1716830120883892        1.1741989046101098        1.1836026709453586        1.2268553774267481        1.4600887894892240        2.9107700715278506        14.051260019115061     
   1.1915789825987040        1.1940889261208096        1.2035205010495920        1.2470348174193631        1.4827332098886261        2.9650669511595216        14.684642114618114     
   1.2104322527996481        1.2129752847709756        1.2225067007284072        1.2664000278607621        1.5046670996880842        3.0191395856904104        15.343904802074860     
   1.2282280956866638        1.2308413418261932        1.2405405932432347        1.2849227087718027        1.5258498873039299        3.0729520008634594        16.029781449552800     
   1.2449594897812279        1.2476774173040193        1.2576094687370236        1.3025795565529397        1.5462520251873213        3.1264855531996880        16.743063381529019     
   1.2606190749513226        1.2634739674470612        1.2736991216805571        1.3193408092786760        1.5658313004385749        3.1796994261222520        17.484381487782723     
   1.2752013090683829        1.2782222328723889        1.2887963374550409        1.3351954650240181        1.5845524511677673        3.2325494928605512        18.254761446029246     
   1.2887065440931340        1.2919194468656607        1.3028917532758286        1.3501237525188052        1.6023859496808948        3.2850005810454892        19.055172558269824     
   1.3011371571320156        1.3045662358900547        1.3159791024502063        1.3641067820991792        1.6193057981291537        3.3370651398385869        19.886593212127988     
   1.3124940527145499        1.3161600652532224        1.3280495082421264        1.3771234707204643        1.6352824545080626        3.3887546858093085        20.749965429133475     
   1.3227740098890024        1.3266937126160958        1.3390900134667123        1.3891564824596787        1.6502773389747107        3.4400507609232309        21.646068095689856     
   1.3319743610164247        1.3361611068396422        1.3490897301092164        1.4001879508890787        1.6642649280166861        3.4909449724574069        22.575678967422487     
   1.3400947742460658        1.3445594653738719        1.3580422120535498        1.4102002807415990        1.6772207234810685        3.5414511970679672        23.539653995648973     
   1.3471367630873456        1.3518884994442886        1.3659423043075256        1.4191786141337355        1.6891201637364182        3.5916069919956044        24.538954792345617     
   1.3530894044897011        1.3581354473780236        1.3727740866859346        1.4270964886124922        1.6999237142514365        3.6416026933266470        25.574153294375193     
   1.3579442489017775        1.3632914899920183        1.3785242873413619        1.4339276265623577        1.7095998175692757        3.6914572337559228        26.645952279676433     
   1.3616828616389893        1.3673362957223916        1.3831638626379352        1.4396393412605770        1.7181116965208234        3.7408632210241741        27.754797223164591     
   1.3642847126394999        1.3702470499780848        1.3866661370098801        1.4441945140258907        1.7254091396105866        3.7897990192082811        28.901173199991128     
   1.3657183830763397        1.3719894978416816        1.3889961682336556        1.4475422167288052        1.7314498956963575        3.8380638890921852        30.085353961647733     
   1.3659394391178048        1.3725160895295794        1.3900956561541062        1.4496238697114936        1.7361891542060346        3.8856565087217962        31.307500585642469     
   1.3648772448260393        1.3717524746760832        1.3898823568699836        1.4503569814600485        1.7395359198037663        3.9325533690887995        32.567531017577380     
   1.3624301588333729        1.3695924934294488        1.3882444835989993        1.4496276913758404        1.7414067888449543        3.9792325102594504        33.865201352507405     
   1.3584585657398600        1.3658956083402696        1.3850511609598601        1.4473046770003908        1.7416941995545230        4.0256473738343299        35.199923199134581     
   1.3527623072045727        1.3604645603708483        1.3801086919860062        1.4432132932188930        1.7402855491740223        4.0707120014745257        36.571217506456314     
   1.3450517824488850        1.3530122235475599        1.3731396874310655        1.4371041943508243        1.7369970816723113        4.1145908174603774        37.978343917509584     
   1.3349043366727757        1.3431275715172462        1.3637601012977369        1.4286476024690122        1.7315777893728752        4.1578193483654413        39.420250609089564     
   1.3216602985174108        1.3301668425882462        1.3513847220008048        1.4173969759130338        1.7237814845745063        4.1995208508175752        40.895801132077871     
   1.3041903588119030        1.3130629790172788        1.3350816658698734        1.4026579092820908        1.7131300692183355        4.2392677529247802        42.401482985755187     
  0.93515099062238571       0.94495229285097959       0.96894108850041782        1.0426574225124683        1.3866972147610406        4.1437976371599055        43.931893200047547     
  0.91354461622316896       0.92409033907233429       0.94980008288168971        1.0270090981833386        1.3792489563865065        4.1872170417439518        45.485874103874423     
  0.89300855645500277       0.90401420181457104       0.93099144335087913        1.0111229546010003        1.3708526168385298        4.2281759563305981        47.056261834741797     
  0.87362237317068625       0.88491045559721448       0.91262617230707233       0.99511554905254085        1.3615711885756490        4.2664886793682264        48.639855294005869     
  0.85524805760247635       0.86674263806283192       0.89488802370072407       0.97907302705748434        1.3514733216332426        4.3021374503093073        50.235172036892784     
  0.83788454581293126       0.84946963356509830       0.87785852573102074       0.96309803782724002        1.3406569134399109        4.3352392651023255        51.842264062834246     
  0.82171640316170358       0.83320483121184008       0.86155402708077122       0.94726521191166668        1.3291756546142701        4.3657923207279072        53.459807814024721     
  0.80665292774838604       0.81795580276858715       0.84597256850190583       0.93159260626217621        1.3169461681583194        4.3933460386273291        55.080800260418719     
  0.79252248220163524       0.80360170971845102       0.83110671025963023       0.91606807484367303        1.3038622902712074        4.4173422549013859        56.696259204808300     
  0.77927221242259326       0.79006360311883506       0.81693400108924352       0.90072777520111447        1.2898785412714149        4.4373993569559538        58.298801095660494     
  0.76693247792460328       0.77733840902215789       0.80342727379771983       0.88560218558039161        1.2749660986232165        4.4531749900830366        59.881001989217687     
  0.75553740643188405       0.76544713128526476       0.79056631989251314       0.87070046659264733        1.2590464992709036        4.4641185073893670        61.432042100560693     
  0.74511720878374921       0.75441705803231784       0.77834693269084188       0.85601896355902118        1.2419965365138450        4.4694762973053939        62.937422393333172     
  0.73571484746505666       0.74428695308405846       0.76678863042779410       0.84155085201806878        1.2236752620875666        4.4683782943771684        64.379840890439596     
  0.72736410584466371       0.73510512813895257       0.75593498786060909       0.82730439186520521        1.2039519902181346        4.4599123370290190        65.740056219427586     
  0.72007013587768909       0.72690790017301288       0.74584441744966123       0.81330215604564970        1.1827029290828277        4.4430959983282383        66.996318452966477     
  0.71381159933554261       0.71971088891832247       0.73658568902848831       0.79959088563829661        1.1598232968515358        4.4169336069926102        68.125052850088110     
  0.70852981422717443       0.71350482833646067       0.72822260768405900       0.78624477017095062        1.1352410930757844        4.3803910574441387        69.100391717222450     
  0.70414550295065825       0.70825190867875720       0.72079904445441678       0.77337455619026807        1.1089574355025966        4.3325153157439482        69.895918358716031     
  0.70056294597973268       0.70388312043517476       0.71434235958491643       0.76112457152091717        1.0810266398475870        4.2724879857461193        70.485615302056573     
  0.69768736472370962       0.70031674841476810       0.70885464095199635       0.74965206442012589        1.0516225214681114        4.1996343633971165        70.844184383166279     
  0.69542807257843864       0.69746499648033966       0.70428851780140911       0.73912219656631795        1.0210445027322856        4.1133627867229050        70.946237016559664     
  0.69370657897564325       0.69523889388601912       0.70057340971128079       0.72966869559360947       0.98956544778517830        4.0130868282877810        70.764882525090641     
  0.69244993045306846       0.69355996031086764       0.69762820104845757       0.72139137842188816       0.95751811356702010        3.8983681767204121        70.274365426870688     
  0.69157947742143233       0.69234966901383665       0.69535982278019537       0.71434362438561361       0.92537981925552448        3.7688909222100793        69.449770257735850     
  0.69101593341016032       0.69152513827795414       0.69368154655388559       0.70851432398880221       0.89363428202601780        3.6246406084274865        68.270559827327858     
  0.69067971690217989       0.69100119374991398       0.69249808082482855       0.70384603982324501       0.86287809435068230        3.4659986686392266        66.722953958612280     
  0.69049665851202002       0.69069422260453128       0.69170921693732590       0.70022514791356527       0.83376121601577446        3.2936584580744519        64.799069036286639     
  0.69040633409845120       0.69052864010691650       0.69121531841923223       0.69751617911656294       0.80695845693304857        3.1088101763324860        62.501277698284760     
  0.69036579012036381       0.69044518465440685       0.69092118413377879       0.69555700937868048       0.78307510374680112        2.9130129465826289        59.840645410940937     
  0.69034879522017523       0.69040417311789049       0.69074855037104521       0.69418409218574362       0.76258058220911673        2.7083491082987594        56.840891117407125     
  0.69034153919156838       0.69038258739877079       0.69064258871260242       0.69323325236316780       0.74568391719155935        2.4973002403612052        53.536515960458992     
  0.69033782941148691       0.69036920795668488       0.69057042969286730       0.69256436515767050       0.73232261964864775        2.2836232982404456        49.992289877193336     
  0.69033535489798303       0.69035941898634501       0.69051578427091564       0.69207133328847648       0.72213108240071178        2.0715394477753639        46.286707844448976     
  0.69033346024984599       0.69035167659695218       0.69047182395935269       0.69168651013003912       0.71451217862316785        1.8652545364043316        42.500396742975518     
  0.69033199106750642       0.69034554152513361       0.69043616987164835       0.69137565999667450       0.70885816816942493        1.6701868307200354        38.744670535373956     
  0.69042390203098480       0.69043381171559615       0.69050073678101953       0.69121552328521074       0.70469531477947422        1.4917457182902094        35.142394240945812     
