  1.16928221207983750E-004  1.08066041591351955E-003  4.16694830400243625E-003  6.52546759428889161E-003  4.16694830400243365E-003  1.08066041591351196E-003  1.16928221207982585E-004
  1.16824517308090100E-004  1.07970197578303659E-003  4.16325262826806874E-003  6.51968014254144905E-003  4.16325262826807395E-003  1.07970197578303464E-003  1.16824517308089003E-004
  1.16716665252200575E-004  1.07870519804734557E-003  4.15940912550434843E-003  6.51366119272407413E-003  4.15940912550434583E-003  1.07870519804734600E-003  1.16716665252200127E-004
  1.16604665040315688E-004  1.07767008270642957E-003  4.15541779571124235E-003  6.50741074483684317E-003  4.15541779571126056E-003  1.07767008270642783E-003  1.16604665040315119E-004
  1.16492072234716698E-004  1.07662949056477474E-003  4.15140534777109008E-003  6.50112722579673438E-003  4.15140534777106492E-003  1.07662949056477083E-003  1.16492072234716346E-004
  1.16380664616544803E-004  1.07559985202460755E-003  4.14743513612503799E-003  6.49490984906234657E-003  4.14743513612506227E-003  1.07559985202460863E-003  1.16380664616544857E-004
  1.16269849592086998E-004  1.07457569028517985E-003  4.14348604262604857E-003  6.48872554348077328E-003  4.14348604262604076E-003  1.07457569028517985E-003  1.16269849592086808E-004
  1.16159627161343851E-004  1.07355700534651332E-003  4.13955806727410534E-003  6.48257430905207089E-003  4.13955806727409059E-003  1.07355700534650421E-003  1.16159627161343092E-004
  1.16047626949458395E-004  1.07252189000559515E-003  4.13556673748098971E-003  6.47632386116482259E-003  4.13556673748099058E-003  1.07252189000559320E-003  1.16047626949457988E-004
  1.15931478581577388E-004  1.07144843705946069E-003  4.13142758065851348E-003  6.46984191520766621E-003  4.13142758065851434E-003  1.07144843705945874E-003  1.15931478581577226E-004
  1.15809996870274007E-004  1.07032569290661859E-003  4.12709836051257731E-003  6.46306232887493889E-003  4.12709836051254261E-003  1.07032569290661708E-003  1.15809996870273979E-004
  1.15680811440692420E-004  1.06913175034408447E-003  4.12249460445491839E-003  6.45585281755528713E-003  4.12249460445488283E-003  1.06913175034408208E-003  1.15680811440691810E-004
  1.15545107480260185E-004  1.06787756297335007E-003  4.11765854877966121E-003  6.44827952355430702E-003  4.11765854877965427E-003  1.06787756297334097E-003  1.15545107480259656E-004
  1.15401107207835859E-004  1.06654670039217094E-003  4.11252683904564809E-003  6.44024323341351769E-003  4.11252683904563942E-003  1.06654670039217311E-003  1.15401107207835764E-004
  1.15248810623421231E-004  1.06513916260056419E-003  4.10709947525290768E-003  6.43174394713300502E-003  4.10709947525290248E-003  1.06513916260055986E-003  1.15248810623420987E-004
  1.15088217727014972E-004  1.06365494959851726E-003  4.10137645740143823E-003  6.42278166471265625E-003  4.10137645740144517E-003  1.06365494959850945E-003  1.15088217727014457E-004
  1.14918143331189541E-004  1.06208310778453858E-003  4.09531554919708492E-003  6.41329024384680677E-003  4.09531554919707712E-003  1.06208310778453685E-003  1.14918143331188958E-004
  1.14737402248518168E-004  1.06041268355713358E-003  4.08887451434579441E-003  6.40320354222982668E-003  4.08887451434577706E-003  1.06041268355713120E-003  1.14737402248517233E-004
  1.14544809291572918E-004  1.05863272331481635E-003  4.08201111655339278E-003  6.39245541755600888E-003  4.08201111655340926E-003  1.05863272331481982E-003  1.14544809291572416E-004
  1.14337994085499057E-004  1.05672131985461420E-003  4.07464088323173258E-003  6.38091358521390446E-003  4.07464088323172737E-003  1.05672131985461875E-003  1.14337994085498664E-004
  1.14116364036584029E-004  1.05467299637577614E-003  4.06674269623373292E-003  6.36854497405078390E-003  4.06674269623371731E-003  1.05467299637576530E-003  1.14116364036583162E-004
  1.13878141363685253E-004  1.05247132247605793E-003  4.05825320111825438E-003  6.35525037060808221E-003  4.05825320111824050E-003  1.05247132247605229E-003  1.13878141363685307E-004
  1.13621548285663374E-004  1.05009986775322028E-003  4.04910904344408986E-003  6.34093056142723006E-003  4.04910904344408032E-003  1.05009986775321507E-003  1.13621548285662709E-004
  1.13345992208803610E-004  1.04755315540653151E-003  4.03928910506422181E-003  6.32555247535544068E-003  4.03928910506421313E-003  1.04755315540651568E-003  1.13345992208802431E-004
  1.13051473133105298E-004  1.04483118543598186E-003  4.02879338597866236E-003  6.30911611239265251E-003  4.02879338597864241E-003  1.04483118543597579E-003  1.13051473133105095E-004
  1.12736805871142373E-004  1.04192300424007936E-003  4.01757964989324888E-003  6.29155533023322694E-003  4.01757964989326189E-003  1.04192300424007199E-003  1.12736805871142346E-004
  1.12399027454346446E-004  1.03880122781510099E-003  4.00554230607277992E-003  6.27270477311299510E-003  4.00554230607277732E-003  1.03880122781510077E-003  1.12399027454346257E-004
  1.12035767507862407E-004  1.03544394895806581E-003  3.99259688192901349E-003  6.25243215642047427E-003  3.99259688192899614E-003  1.03544394895806755E-003  1.12035767507861946E-004
  1.11645840844262076E-004  1.03184021406747491E-003  3.97870114116782338E-003  6.23067133785003800E-003  3.97870114116782511E-003  1.03184021406747773E-003  1.11645840844262022E-004
  1.11229247463546862E-004  1.02799002314334239E-003  3.96385508378925989E-003  6.20742231740170711E-003  3.96385508378922172E-003  1.02799002314333588E-003  1.11229247463546808E-004
  1.10781839209720550E-004  1.02385503858043242E-003  3.94791088276389476E-003  6.18245359700553710E-003  3.94791088276384618E-003  1.02385503858042916E-003  1.10781839209720184E-004
  1.10301245707928585E-004  1.01941335317578077E-003  3.93078406550349466E-003  6.15563289205017274E-003  3.93078406550348858E-003  1.01941335317576581E-003  1.10301245707927732E-004
  1.09782726208460690E-004  1.01462115252340130E-003  3.91230568683170743E-003  6.12669563331294693E-003  3.91230568683170916E-003  1.01462115252338937E-003  1.09782726208459497E-004
  1.09222725149035713E-004  1.00944557581883129E-003  3.89234903786618916E-003  6.09544339387671063E-003  3.89234903786616444E-003  1.00944557581882609E-003  1.09222725149034833E-004
  1.08616501779942702E-004  1.00384280865610715E-003  3.87074517343048317E-003  6.06161160451872301E-003  3.87074517343046843E-003  1.00384280865610455E-003  1.08616501779942919E-004
  1.07959315351475023E-004  9.97769036629267891E-004  3.84732514834818526E-003  6.02493569601629097E-003  3.84732514834818136E-003  9.97769036629270710E-004  1.07959315351474738E-004
  1.07245239926493868E-004  9.91169491730851645E-004  3.82187778114873988E-003  5.98508495684094057E-003  3.82187778114875852E-003  9.91169491730849910E-004  1.07245239926492960E-004
  1.06468349567862542E-004  9.83989405953410211E-004  3.79419189036167299E-003  5.94172867546430977E-003  3.79419189036164610E-003  9.83989405953403923E-004  1.06468349567862434E-004
  1.05622718338444554E-004  9.76174011289474247E-004  3.76405629451636355E-003  5.89453614035796627E-003  3.76405629451636355E-003  9.76174011289469260E-004  1.05622718338444283E-004
  1.04704790675957574E-004  9.67690446934583201E-004  3.73134428473052490E-003  5.84330892460476186E-003  3.73134428473053011E-003  9.67690446934580382E-004  1.04704790675957656E-004
  1.03709233236980286E-004  9.58489421682017515E-004  3.69586579768070187E-003  5.78774938782920887E-003  3.69586579768070361E-003  9.58489421682018491E-004  1.03709233236979649E-004
  1.02629527490660143E-004  9.48510690723584622E-004  3.65738853374928579E-003  5.72749374735001190E-003  3.65738853374926757E-003  9.48510690723582345E-004  1.02629527490659397E-004
  1.01460340093574472E-004  9.37704962852565290E-004  3.61572242961279242E-003  5.66224436279157660E-003  3.61572242961278635E-003  9.37704962852563013E-004  1.01460340093573957E-004
  1.00186263609167853E-004  9.25929841249585757E-004  3.57031841344784134E-003  5.59114138418002286E-003  3.57031841344781532E-003  9.25929841249581529E-004  1.00186263609167175E-004
  9.87936683820257115E-005  9.13059359497486386E-004  3.52069076787218157E-003  5.51342417499990113E-003  3.52069076787215164E-003  9.13059359497486170E-004  9.87936683820249119E-005
  9.72724803190153688E-005  8.99000411983602024E-004  3.46648048438590777E-003  5.42853052565296298E-003  3.46648048438590647E-003  8.99000411983598663E-004  9.72724803190152469E-005
  9.56108475458635301E-005  8.83643462693015232E-004  3.40726520004798559E-003  5.33579901308234034E-003  3.40726520004797084E-003  8.83643462693008076E-004  9.56108475458637604E-005
  9.38099552499981981E-005  8.66999465227221463E-004  3.34308715115249613E-003  5.23529577959371429E-003  3.34308715115248052E-003  8.66999465227214741E-004  9.38099552499976696E-005
  9.18804701182643531E-005  8.49167001999632837E-004  3.27432646434639048E-003  5.12761610593824232E-003  3.27432646434638831E-003  8.49167001999629042E-004  9.18804701182640685E-005
  8.98395773683587079E-005  8.30304900231879192E-004  3.20159556589423621E-003  5.01371905554833831E-003  3.20159556589423187E-003  8.30304900231876265E-004  8.98395773683586808E-005
  8.76979436871289125E-005  8.10511742337377203E-004  3.12527458244300262E-003  4.89419990917521006E-003  3.12527458244299351E-003  8.10511742337373300E-004  8.76979436871283704E-005
  8.54454949814403630E-005  7.89694422703451525E-004  3.04500450549276052E-003  4.76849645722050332E-003  3.04500450549275792E-003  7.89694422703449573E-004  8.54454949814404036E-005
  8.30697867833078165E-005  7.67737928514452823E-004  2.96034185395541941E-003  4.63591420547457972E-003  2.96034185395538949E-003  7.67737928514448270E-004  8.30697867833073286E-005
  8.05690413115885975E-005  7.44625829368130549E-004  2.87122327338975615E-003  4.49635394047883698E-003  2.87122327338976482E-003  7.44625829368126863E-004  8.05690413115883942E-005
  7.79450363474249884E-005  7.20374555666734384E-004  2.77771211823700298E-003  4.34991487569183488E-003  2.77771211823700124E-003  7.20374555666727229E-004  7.79450363474247851E-005
  7.51930311411072268E-005  6.94940293004293040E-004  2.67963944332068153E-003  4.19633244189082134E-003  2.67963944332068500E-003  6.94940293004287619E-004  7.51930311411062917E-005
  7.23035441932154491E-005  6.68235412568876077E-004  2.57666735828796130E-003  4.03507750063034770E-003  2.57666735828795349E-003  6.68235412568872283E-004  7.23035441932146360E-005
  6.92670940043321363E-005  6.40172285548558590E-004  2.46845797278598270E-003  3.86562091346490458E-003  2.46845797278598574E-003  6.40172285548557072E-004  6.92670940043314858E-005
  6.60777546373199430E-005  6.10696143935882943E-004  2.35480010534421273E-003  3.68763196886607745E-003  2.35480010534420492E-003  6.10696143935883702E-004  6.60777546373197261E-005
  6.27325631236103185E-005  5.79779603727121999E-004  2.23558816522737578E-003  3.50094531106965104E-003  2.23558816522737144E-003  5.79779603727120264E-004  6.27325631236103456E-005
  5.92338898380587200E-005  5.47444572125260049E-004  2.11090662502368999E-003  3.30569322468696929E-003  2.11090662502367915E-003  5.47444572125258206E-004  5.92338898380585235E-005
  5.55888459052286256E-005  5.13756770739238144E-004  1.98100890249779072E-003  3.10227256355220457E-003  1.98100890249778639E-003  5.13756770739238577E-004  5.55888459052284427E-005
  5.18128387616760246E-005  4.78858596388446144E-004  1.84644406947307815E-003  2.89154317763919665E-003  1.84644406947307316E-003  4.78858596388444084E-004  5.18128387616757129E-005
  4.79301647496612843E-005  4.42974597903451200E-004  1.70807796997875477E-003  2.67486098421454909E-003  1.70807796997874306E-003  4.42974597903448761E-004  4.79301647496609251E-005
  4.39728239297228614E-005  4.06400522524513741E-004  1.56705098395568121E-003  2.45401182553170449E-003  1.56705098395566993E-003  4.06400522524511627E-004  4.39728239297226988E-005
  3.99775571121095309E-005  3.69475931897858653E-004  1.42467243652118019E-003  2.23104611306694945E-003  1.42467243652117780E-003  3.69475931897857407E-004  3.99775571121092191E-005
  3.59828828882096191E-005  3.32556818071948527E-004  1.28231500723374335E-003  2.00811347175504015E-003  1.28231500723374162E-003  3.32556818071949015E-004  3.59828828882093887E-005
  3.20314680054082434E-005  2.96037510700468160E-004  1.14149920268120215E-003  1.78759502460062764E-003  1.14149920268120692E-003  2.96037510700465937E-004  3.20314680054079994E-005
  2.81677569922311059E-005  2.60328769839329971E-004  1.00380888389258079E-003  1.57197110806692902E-003  1.00380888389258230E-003  2.60328769839328724E-004  2.81677569922309839E-005
  2.44391573457724359E-005  2.25868739548184004E-004  8.70933502632151887E-004  1.36388741438134373E-003  8.70933502632145057E-004  2.25868739548183245E-004  2.44391573457724732E-005
  2.08942617505538964E-005  1.93106517488164154E-004  7.44604746958292150E-004  1.16605577807695621E-003  7.44604746958293560E-004  1.93106517488164371E-004  2.08942617505537304E-005
  1.75781073288148794E-005  1.62458340515936989E-004  6.26427596047074041E-004  9.80989606769811732E-004  6.26427596047072523E-004  1.62458340515936908E-004  1.75781073288146862E-005
  1.45315830467989329E-005  1.34302107882945703E-004  5.17859202045188702E-004  8.10970810006045035E-004  5.17859202045184257E-004  1.34302107882945459E-004  1.45315830467988042E-005
  1.17866889650448765E-005  1.08933566829451129E-004  4.20039944893516384E-004  6.57785230039157785E-004  4.20039944893514162E-004  1.08933566829450167E-004  1.17866889650448036E-005
  9.36594364467237381E-006  8.65608357837844232E-005  3.33772314180092291E-004  5.22689570677170676E-004  3.33772314180089797E-004  8.65608357837839083E-005  9.36594364467235687E-006
  7.27942117881404153E-006  6.72770203586209575E-005  2.59415318404822997E-004  4.06246041518401211E-004  2.59415318404823648E-004  6.72770203586207677E-005  7.27942117881401273E-006
  5.52949194232443644E-006  5.11040277569432729E-005  1.97053430155926868E-004  3.08586927174226572E-004  1.97053430155926218E-004  5.11040277569433678E-005  5.52949194232443559E-006
  4.10311887350278002E-006  3.79213683623488075E-005  1.46222050198224345E-004  2.28984662282108117E-004  1.46222050198224535E-004  3.79213683623486246E-005  4.10311887350277748E-006
  2.97245006780617562E-006  2.74716325397952056E-005  1.05928625620204587E-004  1.65884902658442065E-004  1.05928625620204601E-004  2.74716325397950599E-005  2.97245006780618367E-006
  2.10370768355501272E-006  1.94426426467848081E-005  7.49694220398177595E-005  1.17402592591202032E-004  7.49694220398179086E-005  1.94426426467847437E-005  2.10370768355500044E-006
  1.45422497336451369E-006  1.34400690296366245E-005  5.18239328692149016E-005  8.11566090757210451E-005  5.18239328692149558E-005  1.34400690296365585E-005  1.45422497336450225E-006
