  0.98577566809098016       0.98150059028244607       0.96718896306376279       0.94192956659871185       0.89287494291448843       0.98185531687600591       0.99999595465986713     
  0.98748109414312324       0.98348256861005712       0.97020291940918146       0.94502113949565836       0.89483711334968041       0.98164773422988405       0.99999598372255560     
  0.98900268194018626       0.98527008271857697       0.97319069321404539       0.94784266215677559       0.89668148651382484       0.98141151577669172       0.99999609527199118     
  0.99039093851795157       0.98686013357552149       0.97568891850850403       0.95081056393141639       0.89838731307960262       0.98117439026303843       0.99999663981304276     
  0.99154121280381902       0.98825769963083843       0.97789688951146903       0.95350216941121968       0.89992274862716148       0.98094164126457284       0.99999609774348674     
  0.99252738161377885       0.98947216725240528       0.97946373983061996       0.95578728059451135       0.90183787734345089       0.98070475321414829       0.99999644669562360     
  0.99338276118032387       0.99048955017501206       0.98084274012306150       0.95764099366636513       0.90304937244550587       0.98052933282120158       0.99999648690243992     
  0.99402976513162700       0.99098332770244468       0.98180504531596069       0.95877544693694261       0.90401151681991032       0.98060905746036908       0.99999678355486432     
  0.99355826804939329       0.99042266173419480       0.98208965570523232       0.95923203961355374       0.90468036107950733       0.98120377879048060       0.99999709583921303     
  0.99291742081797574       0.98966178859506460       0.98124989672267748       0.95718547031278944       0.90454713112983942       0.98129198994065459       0.99999662658501265     
  0.99193774078115249       0.98785812812679241       0.98012303126194877       0.95618369562175465       0.90560114966334515       0.98107296815499301       0.99999696046390851     
  0.98935218397802716       0.98631599071281684       0.97803258951580285       0.95468799847383212       0.90469473614242513       0.98085436474372634       0.99999702282543801     
  0.98728750446302094       0.98373158914911252       0.97645221498650170       0.95316899197235960       0.90486914606589375       0.98064404933929517       0.99999687204673882     
  0.98437484313199342       0.98129475301350044       0.97407046817893672       0.95028094519238560       0.90236131603284597       0.98042868062473287       0.99999972505085399     
  0.98169745589594237       0.97909452558817789       0.97201485988269298       0.94804139426268363       0.89943028106016465       0.98021505341545756       0.99999685138304284     
  0.97933948865626219       0.97679616954932613       0.96903998396395230       0.94501329057116623       0.89577439660884484       0.98000360110570794       0.99999999999999811     
  0.97688128895039095       0.97421629020381528       0.96473109897683940       0.94210899315370544       0.89148925272086521       0.97979479572688954       0.99999999999999978     
  0.97400736195229309       0.97138602901943172       0.96051409950050803       0.93884292720036899       0.88760027435964683       0.97960488701343007       0.99999999999999867     
  0.97138199886213805       0.96658284732602961       0.95727798682512444       0.93425439596703996       0.88174204063837336       0.97940296499917379        1.0000000000000004     
  0.96602447439219385       0.96248145161636034       0.95386391980639484       0.92897150046183208       0.87741534634465412       0.97920537998859380       0.99999999999999789     
  0.96248133920590129       0.95896751122381985       0.95023168374773903       0.92321571893490195       0.86965487644800332       0.97911585174501881        1.0000000000000002     
  0.95926158094882541       0.95561620753636944       0.94603054750762583       0.91685875835364272       0.86135065356258400       0.97914988847081108        1.0000000000000000     
  0.95592246755075538       0.95230939092036404       0.94137526285867612       0.90978111872738299       0.85256666239049173       0.97907936996475431        1.0000000000000011     
  0.95268558948759119       0.94861290650569918       0.93660759051090936       0.90160386701613404       0.84276117670685136       0.98012259855199735        1.0000000000000013     
  0.94814989575262631       0.94300054831199587       0.92773392870950333       0.89348654262130422       0.83295260086907663       0.97998977448005398       0.99999999999999700     
  0.94393828617904674       0.93833358880039519       0.92161191172612833       0.88360013620683475       0.82315339683457867       0.97984681876239565       0.99999999999999711     
  0.93698571892870630       0.92935848369697782       0.91417841909240882       0.86764190485759896       0.81375715680422145       0.97971317330040097        1.0000000000000016     
  0.93117441587166427       0.92290321321730406       0.90332908762708541       0.86028620601964634       0.80290428615919340       0.97958982225706448        1.0000000000000002     
  0.92664623648612476       0.91808658994595282       0.89542057453851198       0.84484649714044724       0.79337987451986880       0.97947861720556573        1.0000000000000009     
  0.92252504975561422       0.91306924982931570       0.88951300648123155       0.83943489995943965       0.78597438771795858       0.97939432674916260        1.0000000000000004     
  0.91614846922460880       0.90646613694901712       0.88135723046982939       0.82411992038259385       0.77106905862088304       0.97931617462955756       0.99999999999999978     
  0.89225474428224349       0.89849544438286877       0.87818131869142357       0.81980437095409642       0.75644845273592665       0.97954156216293953        1.0000000000000002     
  0.89011265399654205       0.87740465728622108       0.86438267903754573       0.81174275624359349       0.73486022746875990       0.97983161743317815        1.0000000000000013     
  0.88849094506013460       0.87532319903257549       0.84818493367092440       0.80630344790395048       0.73006347190170751       0.98077310592978972        1.0000000000000024     
  0.88412776596226283       0.87002285184103156       0.84298061559234427       0.79707133054065082       0.71443667614548667       0.98078658485865244        1.0000000000000020     
  0.87831115504940571       0.86423641196575474       0.83676363638692886       0.77737803523683358       0.70446751556759124       0.98079952702489770        1.0000000000000029     
  0.85333496377666485       0.84175739040637232       0.81421942597663832       0.77811849718782511       0.68256001816307588       0.98083460815168877        1.0000000000000011     
  0.85385833214854379       0.83980930671558596       0.81357096238865245       0.75930337012903681       0.66823131716393991       0.98089262356061591        1.0000000000000007     
  0.82916338479870733       0.81714885765764145       0.78627533737018995       0.74574086193299061       0.65895242572799539       0.98097518670150774        1.0000000000000018     
  0.82743043123000803       0.81194136966652897       0.78402877833248552       0.72036009481907914       0.62982011952177874       0.98109984627435343        1.0000000000000009     
  0.79944102514663973       0.78835903887405290       0.76239301139422222       0.69798758575813658       0.58787898044873399       0.98152831843218757        1.0000000000000002     
  0.77377881673188842       0.75896118293709558       0.73175651771838757       0.67488999925020421       0.55217192594717568       0.98259171540824763       0.99999999999999856     
  0.73171080313183245       0.71895379445997842       0.69439232124669137       0.63040201829171993       0.49844467703811196       0.98310691940433337       0.99999999999999889     
  0.66879649739072700       0.66125441459507650       0.63493315440656128       0.55692475150716281       0.40977972263680551       0.98332264036652706        1.0000000000000038     
   0.0000000000000000        0.0000000000000000        0.0000000000000000        0.0000000000000000       0.16913844883679097       0.98356933430224280        1.0000000000000016     
   0.0000000000000000        0.0000000000000000        0.0000000000000000        0.0000000000000000       0.16858660524181932       0.98375308918118920        1.0000000000000011     
   0.0000000000000000        0.0000000000000000        0.0000000000000000        0.0000000000000000       0.16826326693448959       0.98396433428707963       0.99999999999999800     
   0.0000000000000000        0.0000000000000000        0.0000000000000000        0.0000000000000000       0.16893677755819755       0.98420392273204882       0.99999999999999889     
   0.0000000000000000        0.0000000000000000        0.0000000000000000        0.0000000000000000       0.19025788518825887       0.98447258818215810        1.0000000000000024     
   0.0000000000000000        0.0000000000000000        0.0000000000000000        0.0000000000000000       0.19502035565513889       0.98608651856154539        1.0000000000000022     
   0.0000000000000000        0.0000000000000000        0.0000000000000000        0.0000000000000000       0.20049088906577547       0.98639568321103099        1.0000000000000009     
   0.0000000000000000        0.0000000000000000        0.0000000000000000        0.0000000000000000       0.20733790772486341       0.98673363384625778        1.0000000000000020     
   0.0000000000000000        0.0000000000000000        0.0000000000000000        0.0000000000000000       0.21576387935147273       0.98710087142543224       0.99999999999999889     
   0.0000000000000000        0.0000000000000000        0.0000000000000000        0.0000000000000000       0.22597463594804112       0.98749753095422821        1.0000000000000022     
   0.0000000000000000        0.0000000000000000        0.0000000000000000        0.0000000000000000       0.23819593779206888       0.98792355493015771        1.0000000000000000     
   0.0000000000000000        0.0000000000000000        0.0000000000000000        0.0000000000000000       0.25269104421865513       0.98940599869084300        1.0000000000000013     
   0.0000000000000000        0.0000000000000000        0.0000000000000000        0.0000000000000000       0.26974949289448857       0.98984949424297608       0.99999999999999811     
   0.0000000000000000        0.0000000000000000        0.0000000000000000        0.0000000000000000       0.28964846608999634       0.99031613965368337       0.99999999999999922     
   0.0000000000000000        0.0000000000000000        0.0000000000000000        0.0000000000000000       0.31261159164048224       0.99080392366401182       0.99999999999999756     
   0.0000000000000000        0.0000000000000000        0.0000000000000000        0.0000000000000000       0.33875878572090018       0.99131032065261371        1.0000000000000042     
   0.0000000000000000        0.0000000000000000        0.0000000000000000        0.0000000000000000       0.36802576549744270       0.99183564550675829        1.0000000000000009     
   0.0000000000000000        0.0000000000000000        0.0000000000000000        0.0000000000000000       0.40043972033315212       0.99302581106569288        1.0000000000000004     
   0.0000000000000000        0.0000000000000000        0.0000000000000000        0.0000000000000000       0.43566261301341530       0.99351887873313349       0.99999999999999867     
   0.0000000000000000        0.0000000000000000        0.0000000000000000        0.0000000000000000       0.47331067491953727       0.99401704038800298       0.99999999999999878     
   0.0000000000000000        0.0000000000000000        0.0000000000000000        0.0000000000000000       0.51369301884083141       0.99452514001960446        1.0000000000000007     
   0.0000000000000000        0.0000000000000000        0.0000000000000000        0.0000000000000000       0.55665278373244520       0.99503636736851131       0.99999999999999845     
   0.0000000000000000        0.0000000000000000        0.0000000000000000        0.0000000000000000       0.60166756414782308       0.99554686590736252        1.0000000000000007     
   0.0000000000000000        0.0000000000000000        0.0000000000000000        0.0000000000000000       0.64781602547453820       0.99606444860603527        1.0000000000000013     
   0.0000000000000000        0.0000000000000000        0.0000000000000000        0.0000000000000000       0.69370011664672360       0.99692284936684905        1.0000000000000011     
   0.0000000000000000        0.0000000000000000        0.0000000000000000        0.0000000000000000       0.73648059198676663       0.99741517186890949        1.0000000000000018     
   0.0000000000000000        0.0000000000000000        0.0000000000000000        0.0000000000000000       0.78152601247734521       0.99789786250983381        1.0000000000000009     
   0.0000000000000000        0.0000000000000000        0.0000000000000000        0.0000000000000000       0.82891619364353952       0.99835576496664580       0.99999999999999534     
   0.0000000000000000        0.0000000000000000        0.0000000000000000        0.0000000000000000       0.87196951979479831       0.99877705856218868       0.99999999999999900     
   0.0000000000000000        0.0000000000000000        0.0000000000000000        0.0000000000000000       0.91032869420836171       0.99912029785701506       0.99999999999999767     
   0.0000000000000000        0.0000000000000000        0.0000000000000000        0.0000000000000000       0.93996368591658264       0.99938501442129957       0.99999999999999833     
   0.0000000000000000        0.0000000000000000        0.0000000000000000        0.0000000000000000       0.96147308107532425       0.99952731842806886       0.99999999999999911     
   0.0000000000000000        0.0000000000000000        0.0000000000000000        0.0000000000000000       0.97595905442509368       0.99970338745838860        1.0000000000000011     
   0.0000000000000000        0.0000000000000000        0.0000000000000000        0.0000000000000000       0.98495267275880949       0.99985975977449615       0.99999999999999778     
   0.0000000000000000        0.0000000000000000        0.0000000000000000        0.0000000000000000       0.99002921900176810       0.99995233969936648        1.0000000000000029     
   0.0000000000000000        0.0000000000000000        0.0000000000000000        0.0000000000000000       0.99281182819321900       0.99999188759374935        1.0000000000000033     
   0.0000000000000000        0.0000000000000000        0.0000000000000000        0.0000000000000000       0.99461089600080910       0.99999981848620711        1.0000000000000004     
