  0.55862531123214854       0.55990139816788920       0.56087935287813995       0.56116727542650369       0.55684971239759018       0.55647170905219201       0.63290214763194674     
  0.55612038318683699       0.55710127397313336       0.55791119861075633       0.55823379227419878       0.55462466948588107       0.55685025334735738       0.63881519998266734     
  0.55385868152184392       0.55452638529880771       0.55514209495051881       0.55538501980578781       0.55240183645671870       0.55717198414397173       0.64475556509697729     
  0.55181907506395511       0.55217030919260657       0.55258929849311011       0.55267633680579686       0.55023042196155869       0.55745770926002802       0.65072286610676600     
  0.54993150563330007       0.55003281383131519       0.55024526702051935       0.55014375977120922       0.54811253966794082       0.55773071927642437       0.65672663649746188     
  0.54812750876996341       0.54809841762787515       0.54810095239876611       0.54778554587381667       0.54608618765758410       0.55800657585593039       0.66268137457353748     
  0.54648048042745978       0.54634715407655199       0.54613366388351670       0.54558429118027962       0.54415747747770671       0.55831715406313032       0.66872508783660134     
  0.54499242924670754       0.54475748610061137       0.54432937491625510       0.54353405783832442       0.54232315820121646       0.55867448278739995       0.67493945115353693     
  0.54364337026126131       0.54330729739404748       0.54268041318425086       0.54163706527093913       0.54059492177547463       0.55908212252196554       0.68129429481415760     
  0.54241356865955159       0.54197999534357721       0.54116768531681525       0.53987973217887641       0.53897054176674297       0.55951951587341908       0.68774090801176524     
  0.54128340875327630       0.54075853058106160       0.53976325913524659       0.53824665585751497       0.53744605129770817       0.56002527044981876       0.69421977530198964     
  0.54023758656610665       0.53962149820741456       0.53846288437750900       0.53672532825661678       0.53602093788719252       0.56060726192484889       0.70088205955497651     
  0.53926567811040660       0.53856460487021218       0.53726180461486173       0.53531405852497471       0.53469861273259656       0.56127559156927642       0.70771768575467797     
  0.53835186014183489       0.53758174598346542       0.53614652953302799       0.53400479607108708       0.53347795682965382       0.56203166338841515       0.71474460395576789     
  0.53748901327205190       0.53665561206583967       0.53510491663845083       0.53278975333397804       0.53235873755911756       0.56287359968394290       0.72196952092213540     
  0.53667918188373176       0.53577878118031952       0.53413111068569763       0.53166544603588295       0.53134338259368863       0.56380679168926595       0.72937522922682918     
  0.53591062323548844       0.53495839680887602       0.53322523712462500       0.53062773265237040       0.53043248871624915       0.56484978142865738       0.73695452900220138     
  0.53516985509109605       0.53418956614938318       0.53238117573884947       0.52967294359691008       0.52962694845155889       0.56601242396517937       0.74470466651439660     
  0.53447166651216504       0.53346804053444441       0.53159601744207463       0.52879760883276128       0.52892986253031660       0.56730471770578317       0.75265971873506876     
  0.53381494335007884       0.53278694185176290       0.53086497017392142       0.52800403946692176       0.52834285160647332       0.56873499125503879       0.76083953247194247     
  0.53319922426751332       0.53215108689918356       0.53019261109715654       0.52729258215200603       0.52787086467982525       0.57031167526003679       0.76920972092874429     
  0.53261951498180959       0.53156035690050485       0.52957862382865539       0.52666188592262120       0.52751770337095505       0.57204526438816261       0.77774066496761640     
  0.53208106879342010       0.53101681474602802       0.52902531073082371       0.52611428510688174       0.52728880634475372       0.57394580590453526       0.78643878674467782     
  0.53158735595751905       0.53052131200333053       0.52853551723570391       0.52565690559038103       0.52719155054883826       0.57602628075134710       0.79529523346007358     
  0.53114435089004375       0.53008307443153302       0.52811496242950406       0.52529606973774567       0.52723491317310156       0.57830337495148010       0.80429140577166258     
  0.53075595260840402       0.52970722847446428       0.52777115440990507       0.52503751580023672       0.52742841648465366       0.58079399491525863       0.81339802935211103     
  0.53042780528967270       0.52940014331934815       0.52750969426149408       0.52488310490509904       0.52778111314750153       0.58351545850712161       0.82259112493276876     
  0.53016877973214360       0.52916833665063401       0.52733699468695816       0.52484645338222236       0.52830359424072548       0.58648738440706061       0.83185446653133521     
  0.52998714819907977       0.52901971919046975       0.52726271660775559       0.52493812379523264       0.52900960682957066       0.58973392229232457       0.84115931653253739     
  0.52989489590774952       0.52896576271187667       0.52729905429258328       0.52517049177828656       0.52991520663527059       0.59328247861421823       0.85047982322373950     
  0.52990003049977064       0.52901634726372249       0.52745522111792909       0.52555184193804716       0.53103469450093965       0.59715932912248604       0.85978546701510772     
  0.53001301368324305       0.52918322126851192       0.52774269005967478       0.52609746638433741       0.53238531430350378       0.60139813889402571       0.86903558555892224     
  0.53024362266793768       0.52947625771090412       0.52817281137293082       0.52681991519856852       0.53398482229839239       0.60603441875339148       0.87821362704864747     
  0.53060262573465078       0.52990655189410685       0.52875745719394751       0.52773349536535108       0.53585332826822341       0.61110217344918139       0.88731011256833925     
  0.53109959500979387       0.53048424761873969       0.52950713625812174       0.52885085454556036       0.53801212577993451       0.61664783293135728       0.89631331144150905     
  0.53174270633484533       0.53121761854480110       0.53043136549952397       0.53018504886394335       0.54048417132486959       0.62270515143106975       0.90516662205507781     
  0.53253434725308435       0.53211018945855670       0.53153511457932423       0.53174464218071049       0.54329337984785508       0.62933651008231595       0.91388922250980431     
  0.53347021380609316       0.53315858204268562       0.53281687207161865       0.53353517817242568       0.54646434875785377       0.63657846442339339       0.92241229181867346     
  0.53453366746661679       0.53434706301315726       0.53426455700066666       0.53555638279053730       0.55001772099000612       0.64447695673002214       0.93058945187045883     
  0.53568667137105896       0.53564017493088822       0.53584853848100333       0.53779795466414171       0.55398751935176982       0.65306966773619524       0.93840906201876806     
  0.53685010253933441       0.53696444387587561       0.53750417204943224       0.54023074579942432       0.55838568806862765       0.66240058843607752       0.94601900851686038     
  0.53787374830677614       0.53817707302489803       0.53911498275382685       0.54280043411964907       0.56325924159803609       0.67243316067606862       0.95332289049170216     
  0.53847366723970769       0.53901746648535154       0.54047447381674940       0.54542490433723489       0.56873983956467056       0.68295997095685124       0.95993597658365226     
  0.53808246665831450       0.53898781417866160       0.54125581314475801       0.54808942869163924       0.57539455992184652       0.69376074009612831       0.96599400258474710     
   1.0000000000000000        1.0000000000000000        1.0000000000000000        1.0000000000000000        1.0000000000000000        1.0000000000000000        1.0000000000000000     
   1.0000000000000000        1.0000000000000000        1.0000000000000000        1.0000000000000000        1.0000000000000000        1.0000000000000000        1.0000000000000000     
   1.0000000000000000        1.0000000000000000        1.0000000000000000        1.0000000000000000        1.0000000000000000        1.0000000000000000        1.0000000000000000     
   1.0000000000000000        1.0000000000000000        1.0000000000000000        1.0000000000000000        1.0000000000000000        1.0000000000000000        1.0000000000000000     
   1.0000000000000000        1.0000000000000000        1.0000000000000000        1.0000000000000000        1.0000000000000000        1.0000000000000000        1.0000000000000000     
   1.0000000000000000        1.0000000000000000        1.0000000000000000        1.0000000000000000        1.0000000000000000        1.0000000000000000        1.0000000000000000     
   1.0000000000000000        1.0000000000000000        1.0000000000000000        1.0000000000000000        1.0000000000000000        1.0000000000000000        1.0000000000000000     
   1.0000000000000000        1.0000000000000000        1.0000000000000000        1.0000000000000000        1.0000000000000000        1.0000000000000000        1.0000000000000000     
   1.0000000000000000        1.0000000000000000        1.0000000000000000        1.0000000000000000        1.0000000000000000        1.0000000000000000        1.0000000000000000     
   1.0000000000000000        1.0000000000000000        1.0000000000000000        1.0000000000000000        1.0000000000000000        1.0000000000000000        1.0000000000000000     
   1.0000000000000000        1.0000000000000000        1.0000000000000000        1.0000000000000000        1.0000000000000000        1.0000000000000000        1.0000000000000000     
   1.0000000000000000        1.0000000000000000        1.0000000000000000        1.0000000000000000        1.0000000000000000        1.0000000000000000        1.0000000000000000     
   1.0000000000000000        1.0000000000000000        1.0000000000000000        1.0000000000000000        1.0000000000000000        1.0000000000000000        1.0000000000000000     
   1.0000000000000000        1.0000000000000000        1.0000000000000000        1.0000000000000000        1.0000000000000000        1.0000000000000000        1.0000000000000000     
   1.0000000000000000        1.0000000000000000        1.0000000000000000        1.0000000000000000        1.0000000000000000        1.0000000000000000        1.0000000000000000     
   1.0000000000000000        1.0000000000000000        1.0000000000000000        1.0000000000000000        1.0000000000000000        1.0000000000000000        1.0000000000000000     
   1.0000000000000000        1.0000000000000000        1.0000000000000000        1.0000000000000000        1.0000000000000000        1.0000000000000000        1.0000000000000000     
   1.0000000000000000        1.0000000000000000        1.0000000000000000        1.0000000000000000        1.0000000000000000        1.0000000000000000        1.0000000000000000     
   1.0000000000000000        1.0000000000000000        1.0000000000000000        1.0000000000000000        1.0000000000000000        1.0000000000000000        1.0000000000000000     
   1.0000000000000000        1.0000000000000000        1.0000000000000000        1.0000000000000000        1.0000000000000000        1.0000000000000000        1.0000000000000000     
   1.0000000000000000        1.0000000000000000        1.0000000000000000        1.0000000000000000        1.0000000000000000        1.0000000000000000        1.0000000000000000     
   1.0000000000000000        1.0000000000000000        1.0000000000000000        1.0000000000000000        1.0000000000000000        1.0000000000000000        1.0000000000000000     
   1.0000000000000000        1.0000000000000000        1.0000000000000000        1.0000000000000000        1.0000000000000000        1.0000000000000000        1.0000000000000000     
   1.0000000000000000        1.0000000000000000        1.0000000000000000        1.0000000000000000        1.0000000000000000        1.0000000000000000        1.0000000000000000     
   1.0000000000000000        1.0000000000000000        1.0000000000000000        1.0000000000000000        1.0000000000000000        1.0000000000000000        1.0000000000000000     
   1.0000000000000000        1.0000000000000000        1.0000000000000000        1.0000000000000000        1.0000000000000000        1.0000000000000000        1.0000000000000000     
   1.0000000000000000        1.0000000000000000        1.0000000000000000        1.0000000000000000        1.0000000000000000        1.0000000000000000        1.0000000000000000     
   1.0000000000000000        1.0000000000000000        1.0000000000000000        1.0000000000000000        1.0000000000000000        1.0000000000000000        1.0000000000000000     
   1.0000000000000000        1.0000000000000000        1.0000000000000000        1.0000000000000000        1.0000000000000000        1.0000000000000000        1.0000000000000000     
   1.0000000000000000        1.0000000000000000        1.0000000000000000        1.0000000000000000        1.0000000000000000        1.0000000000000000        1.0000000000000000     
   1.0000000000000000        1.0000000000000000        1.0000000000000000        1.0000000000000000        1.0000000000000000        1.0000000000000000        1.0000000000000000     
   1.0000000000000000        1.0000000000000000        1.0000000000000000        1.0000000000000000        1.0000000000000000        1.0000000000000000        1.0000000000000000     
   1.0000000000000000        1.0000000000000000        1.0000000000000000        1.0000000000000000        1.0000000000000000        1.0000000000000000        1.0000000000000000     
   1.0000000000000000        1.0000000000000000        1.0000000000000000        1.0000000000000000        1.0000000000000000        1.0000000000000000        1.0000000000000000     
   1.0000000000000000        1.0000000000000000        1.0000000000000000        1.0000000000000000        1.0000000000000000        1.0000000000000000        1.0000000000000000     
   1.0000000000000000        1.0000000000000000        1.0000000000000000        1.0000000000000000        1.0000000000000000        1.0000000000000000        1.0000000000000000     
   1.0000000000000000        1.0000000000000000        1.0000000000000000        1.0000000000000000        1.0000000000000000        1.0000000000000000        1.0000000000000000     
