   1.3749689798077414     
   1.4036786098516325     
   1.4159374893570418     
   1.4152667853149377     
   1.4038019878212979     
   1.3834085342535392     
   1.3560812033023770     
   1.3241356279082266     
   1.2894238418525790     
   1.2532607028058709     
   1.2163603793436706     
   1.1789926441667582     
   1.1412779716955557     
   1.1032997721987512     
   1.0651537325546738     
   1.0269504030968959     
  0.98878282903744041     
  0.95078815787127036     
  0.91315287669714662     
  0.87609199959428596     
  0.83984316026297701     
  0.80465111102136933     
  0.77076241127360590     
  0.73841322259193565     
  0.70782686638040682     
  0.67918356389477275     
  0.65259560403056149     
  0.62814525350973371     
  0.60587379321730572     
  0.58579383396017770     
  0.56792225037136956     
  0.55221721529925749     
  0.53858449426292831     
  0.52688733429498602     
  0.51691221724954861     
  0.50824820844316054     
  0.50046382068973050     
  0.49296815015160234     
  0.48506473409743656     
  0.47651403378129448     
  0.46708882711755101     
  0.45603873360676656     
  0.44196920540683687     
  0.42274500943184062     
  0.39872637721409498     
  0.45120815333413183     
  0.49334095640705256     
  0.52574559678253152     
  0.54923310728934938     
  0.56452396274485794     
  0.57227911328471859     
  0.57347060870179623     
  0.56925437579603988     
  0.55961306465401373     
  0.54467139136729614     
  0.52508526983125459     
  0.50155204288835331     
  0.47480273854630201     
  0.44557720252244643     
  0.41472032371138762     
  0.38339579319977146     
  0.35283328312765250     
  0.32424763681977764     
  0.29890543948151294     
  0.27798701416229038     
  0.26197619889495194     
  0.25084564337712800     
  0.24339998649780500     
  0.23754060945239389     
  0.23048575912798072     
  0.21922683872631427     
  0.20069994375049063     
  0.17407325273385574     
  0.14191249238478965     
  0.10876510544582611     
   7.9089222336406653E-002
   5.5893002160302067E-002
   4.0150497945508790E-002
   3.1013637950797226E-002
   2.6610380398672518E-002
   2.4931563392822428E-002
