  0.58515716189722233       0.59475006782918449       0.60418832107739018       0.59874930720658603       0.55622418415229513       0.51320984613017340       0.51590345304382812     
  0.57817490011709427       0.58701943665150913       0.59685131188883100       0.59593749229346282       0.56371389192380394       0.53448157171907906       0.55317638608748410     
  0.57253434395805569       0.58055160159843189       0.59026562878332811       0.59261105137499248       0.57006035508511876       0.55442745907316771       0.58991675507562047     
  0.56797105507545653       0.57509790693173490       0.58446835219697901       0.58928533382430193       0.57582404601016046       0.57344052117283173       0.62559796162970638     
  0.56428522837118267       0.57050427733058273       0.57941141082556868       0.58614392103252166       0.58124629952778128       0.59145406711157433       0.65975002428737672     
  0.56132772510824891       0.56666619054675671       0.57503093355171397       0.58327121737771570       0.58644527243433009       0.60812640072430002       0.69255011791304855     
  0.55899439629624814       0.56350067052012232       0.57126114431241903       0.58070284131803562       0.59145914798032850       0.62321775998879725       0.72426046305298863     
  0.55720819366858720       0.56093324039887105       0.56804186908257004       0.57845552912475096       0.59624453745058925       0.63689424595189925       0.75478015563457945     
  0.55588497363814804       0.55889310504185463       0.56529096682159063       0.57652383587407885       0.60075868387945863       0.64956281587369324       0.78380308935873777     
  0.55493679856928102       0.55731243192189328       0.56299280906695481       0.57489464400447599       0.60495916501621849       0.66153307035118558       0.81104230371564323     
  0.55428259708082606       0.55612031690546671       0.56112045560528168       0.57354856050503622       0.60883482216185025       0.67300883445613313       0.83624533361002507     
  0.55384612488158469       0.55524201386690264       0.55960974726610835       0.57246029802652454       0.61236947270583197       0.68412025824628886       0.85922613435401085     
  0.55356102720155864       0.55461200316986703       0.55841301132284948       0.57161302480516685       0.61556542647744361       0.69496279805749739       0.87989518469052075     
  0.55337655582072487       0.55416853850241532       0.55747612259337775       0.57097719170537553       0.61843673350360717       0.70558889157172666       0.89824190919156255     
  0.55326081507238678       0.55386319241586857       0.55675411858601875       0.57053096740382492       0.62099490641520805       0.71603729112967962       0.91433582616843390     
  0.55319411168014743       0.55365987994270582       0.55620408263845877       0.57025153142164453       0.62332660648330029       0.72633322799824729       0.92830533237330859     
  0.55316234613063942       0.55353090394542226       0.55579700199404491       0.57011334065982089       0.62549034684287774       0.73648976984578407       0.94031730759454735     
  0.55315650378569414       0.55346468682966654       0.55552617543155358       0.57010081454783834       0.62750097397847815       0.74651179269303525       0.95056189496735322     
  0.55317034602496651       0.55344271622183527       0.55537318004886349       0.57020443793477993       0.62939588947403735       0.75640097858831701       0.95923699402234341     
  0.55319560311701621       0.55344431868725708       0.55531020613683224       0.57041220277251337       0.63120592946399057       0.76615225449044988       0.96653617727963537     
  0.55322881339565078       0.55347299975055486       0.55531436198222417       0.57071694112046667       0.63296471881478145       0.77576498887081347       0.97264435476276923     
  0.55326732199562967       0.55351801700225356       0.55536787471010252       0.57110570595252463       0.63470182643660211       0.78523562292662363       0.97773009843442382     
  0.55330736426452398       0.55357175086342747       0.55546366047090290       0.57156550257481842       0.63643869817562981       0.79455583636651206       0.98194489475935387     
  0.55334769743047874       0.55363419821504523       0.55560766819841734       0.57209048603455892       0.63819830431755020       0.80372273328945287       0.98542286244796251     
  0.55338872640849623       0.55370264881515907       0.55580243696474085       0.57269227026006220       0.64001040966083556       0.81273511247944896       0.98828093300022213     
  0.55342792521856610       0.55377638372515947       0.55604287750591430       0.57338500605922904       0.64189572782325377       0.82158776377369502       0.99061958628082047     
  0.55346384714469210       0.55385125601956875       0.55631766867098131       0.57416351939994659       0.64386440423415559       0.83027506660155070       0.99252469163939450     
  0.55349290818139574       0.55392342181638987       0.55661280337817554       0.57502369990767033       0.64592303586124933       0.83878455861132595       0.99406988707904531     
  0.55351141571894968       0.55399169630064771       0.55692466682401542       0.57596766402439337       0.64808399856584520       0.84711162171026233       0.99531767034231344     
  0.55351153293378474       0.55405183306042938       0.55725436775168879       0.57700230946988895       0.65036375689633985       0.85525543856291641       0.99632083654751480     
  0.55348182750813368       0.55407646814085887       0.55758762205805945       0.57811762321099069       0.65276438799306324       0.86320359622361642       0.99712325816317104     
  0.55341375837944695       0.55408816967404206       0.55791295772284388       0.57930427311646637       0.65530591592766807       0.87095580248989379       0.99776203059851354     
  0.55328735811330820       0.55407054400402123       0.55820604458572665       0.58054321710440748       0.65799388194156250       0.87849414980564977       0.99826793300347205     
  0.55308584226210722       0.55400451340559331       0.55844439029699555       0.58182353854552049       0.66084863620401013       0.88580973219502335       0.99866648984862005     
  0.55278431389933103       0.55386404485864482       0.55859890284757407       0.58312433548969533       0.66387461446870422       0.89289089193740490       0.99897869827229957     
  0.55235839685451638       0.55360668049274409       0.55861697505875141       0.58442279608784831       0.66705118374152483       0.89972465635492793       0.99922190825681023     
  0.55177836420724913       0.55311861628561176       0.55843146806009791       0.58567166515286406       0.67041160416318879       0.90628042895099148       0.99941009792333890     
  0.55099929738098341       0.55222532053258844       0.55804175031242098       0.58684233383663664       0.67390494017430036       0.91254660675355881       0.99955501372372069     
  0.54994002374134443       0.55072600400034333       0.55731163956080776       0.58787981723050498       0.67735734741126219       0.91849271441436897       0.99966594931215436     
  0.54801001641841141       0.54848401753112785       0.55608144129204928       0.58869555685115671       0.68071400732431953       0.92408982346102719       0.99975041872312320     
  0.54416719530501556       0.54537415745619566       0.55436199650641738       0.58925717985014270       0.68396620377688477       0.92931004658894334       0.99981438172373915     
  0.53874468512731177       0.54118841342588719       0.55204019526865056       0.58947560193359616       0.68724116361572296       0.93412603094426339       0.99986254911952799     
  0.53175811977767340       0.53600126418052751       0.54865005151872515       0.58946925058492861       0.69042160336147951       0.93851236685732164       0.99989862886137804     
  0.52325091240521848       0.52916516998536312       0.54421121731251698       0.58864598305255278       0.69352672156374962       0.94243217417052416       0.99992547316927438     
   1.0000000000000000        1.0000000000000000        1.0000000000000000        1.0000000000000000        1.0000000000000000        1.0000000000000000        1.0000000000000000     
   1.0000000000000000        1.0000000000000000        1.0000000000000000        1.0000000000000000        1.0000000000000000        1.0000000000000000        1.0000000000000000     
   1.0000000000000000        1.0000000000000000        1.0000000000000000        1.0000000000000000        1.0000000000000000        1.0000000000000000        1.0000000000000000     
   1.0000000000000000        1.0000000000000000        1.0000000000000000        1.0000000000000000        1.0000000000000000        1.0000000000000000        1.0000000000000000     
   1.0000000000000000        1.0000000000000000        1.0000000000000000        1.0000000000000000        1.0000000000000000        1.0000000000000000        1.0000000000000000     
   1.0000000000000000        1.0000000000000000        1.0000000000000000        1.0000000000000000        1.0000000000000000        1.0000000000000000        1.0000000000000000     
   1.0000000000000000        1.0000000000000000        1.0000000000000000        1.0000000000000000        1.0000000000000000        1.0000000000000000        1.0000000000000000     
   1.0000000000000000        1.0000000000000000        1.0000000000000000        1.0000000000000000        1.0000000000000000        1.0000000000000000        1.0000000000000000     
   1.0000000000000000        1.0000000000000000        1.0000000000000000        1.0000000000000000        1.0000000000000000        1.0000000000000000        1.0000000000000000     
   1.0000000000000000        1.0000000000000000        1.0000000000000000        1.0000000000000000        1.0000000000000000        1.0000000000000000        1.0000000000000000     
   1.0000000000000000        1.0000000000000000        1.0000000000000000        1.0000000000000000        1.0000000000000000        1.0000000000000000        1.0000000000000000     
   1.0000000000000000        1.0000000000000000        1.0000000000000000        1.0000000000000000        1.0000000000000000        1.0000000000000000        1.0000000000000000     
   1.0000000000000000        1.0000000000000000        1.0000000000000000        1.0000000000000000        1.0000000000000000        1.0000000000000000        1.0000000000000000     
   1.0000000000000000        1.0000000000000000        1.0000000000000000        1.0000000000000000        1.0000000000000000        1.0000000000000000        1.0000000000000000     
   1.0000000000000000        1.0000000000000000        1.0000000000000000        1.0000000000000000        1.0000000000000000        1.0000000000000000        1.0000000000000000     
   1.0000000000000000        1.0000000000000000        1.0000000000000000        1.0000000000000000        1.0000000000000000        1.0000000000000000        1.0000000000000000     
   1.0000000000000000        1.0000000000000000        1.0000000000000000        1.0000000000000000        1.0000000000000000        1.0000000000000000        1.0000000000000000     
   1.0000000000000000        1.0000000000000000        1.0000000000000000        1.0000000000000000        1.0000000000000000        1.0000000000000000        1.0000000000000000     
   1.0000000000000000        1.0000000000000000        1.0000000000000000        1.0000000000000000        1.0000000000000000        1.0000000000000000        1.0000000000000000     
   1.0000000000000000        1.0000000000000000        1.0000000000000000        1.0000000000000000        1.0000000000000000        1.0000000000000000        1.0000000000000000     
   1.0000000000000000        1.0000000000000000        1.0000000000000000        1.0000000000000000        1.0000000000000000        1.0000000000000000        1.0000000000000000     
   1.0000000000000000        1.0000000000000000        1.0000000000000000        1.0000000000000000        1.0000000000000000        1.0000000000000000        1.0000000000000000     
   1.0000000000000000        1.0000000000000000        1.0000000000000000        1.0000000000000000        1.0000000000000000        1.0000000000000000        1.0000000000000000     
   1.0000000000000000        1.0000000000000000        1.0000000000000000        1.0000000000000000        1.0000000000000000        1.0000000000000000        1.0000000000000000     
   1.0000000000000000        1.0000000000000000        1.0000000000000000        1.0000000000000000        1.0000000000000000        1.0000000000000000        1.0000000000000000     
   1.0000000000000000        1.0000000000000000        1.0000000000000000        1.0000000000000000        1.0000000000000000        1.0000000000000000        1.0000000000000000     
   1.0000000000000000        1.0000000000000000        1.0000000000000000        1.0000000000000000        1.0000000000000000        1.0000000000000000        1.0000000000000000     
   1.0000000000000000        1.0000000000000000        1.0000000000000000        1.0000000000000000        1.0000000000000000        1.0000000000000000        1.0000000000000000     
   1.0000000000000000        1.0000000000000000        1.0000000000000000        1.0000000000000000        1.0000000000000000        1.0000000000000000        1.0000000000000000     
   1.0000000000000000        1.0000000000000000        1.0000000000000000        1.0000000000000000        1.0000000000000000        1.0000000000000000        1.0000000000000000     
   1.0000000000000000        1.0000000000000000        1.0000000000000000        1.0000000000000000        1.0000000000000000        1.0000000000000000        1.0000000000000000     
   1.0000000000000000        1.0000000000000000        1.0000000000000000        1.0000000000000000        1.0000000000000000        1.0000000000000000        1.0000000000000000     
   1.0000000000000000        1.0000000000000000        1.0000000000000000        1.0000000000000000        1.0000000000000000        1.0000000000000000        1.0000000000000000     
   1.0000000000000000        1.0000000000000000        1.0000000000000000        1.0000000000000000        1.0000000000000000        1.0000000000000000        1.0000000000000000     
   1.0000000000000000        1.0000000000000000        1.0000000000000000        1.0000000000000000        1.0000000000000000        1.0000000000000000        1.0000000000000000     
   1.0000000000000000        1.0000000000000000        1.0000000000000000        1.0000000000000000        1.0000000000000000        1.0000000000000000        1.0000000000000000     
   1.0000000000000000        1.0000000000000000        1.0000000000000000        1.0000000000000000        1.0000000000000000        1.0000000000000000        1.0000000000000000     
