  0.65421307206584922       0.67354807524881166       0.70131964099256183       0.73093058624774132       0.76784024790972838       0.95236217187053529        1.6128734675207375     
  0.66771986817079576       0.68505956848215477       0.71132754472302573       0.74371951426420491       0.79049109765907832       0.99943769618555822        1.7561546367819618     
  0.68279273935835771       0.69814539913912688       0.72247857541336247       0.75608082446331659       0.81254002056239438        1.0468447664103273        1.9084816355974559     
  0.69897965297474829       0.71233999846691276       0.73458554583513513       0.76855218876260223       0.83454044006218897        1.0948271282863664        2.0701747638247339     
  0.71593517902781789       0.72734570910897056       0.74746619577052376       0.78129175325009759       0.85670649011101752        1.1431255843393420        2.2413075175363320     
  0.73338215250116590       0.74294571147506538       0.76096103469785414       0.79434388005150680       0.87904502323902023        1.1909605112992760        2.4231468249112806     
  0.75109893415823603       0.75896718461394652       0.77492385449740475       0.80769120312382992       0.90144089762683555        1.2380164384582160        2.6168010511579745     
  0.76894175156251532       0.77525827494527033       0.78922509671649688       0.82129397906094637       0.92369021665954831        1.2844818602438690        2.8231767012082094     
  0.78675896565899084       0.79167373456964352       0.80373309098079171       0.83508214769528299       0.94561507427843949        1.3309477782172356        3.0431562505037988     
  0.80438615504658084       0.80808001263703577       0.81830060743649136       0.84898632545692831       0.96691362726644248        1.3777240908397606        3.2774868867457010     
  0.82168799254155145       0.82434211247048261       0.83282949784174665       0.86294845976386969       0.98748930352795272        1.4249506540423795        3.5269497386870037     
  0.83853889224411216       0.84032405448623526       0.84726879999695792       0.87685613408008523        1.0072064743284974        1.4726913860168112        3.7923032890643813     
  0.85483796037965054       0.85591621370018156       0.86149839839295295       0.89063857219165998        1.0260881666087829        1.5210383744581921        4.0744417795988648     
  0.87049685183178949       0.87101827495429907       0.87539926308857152       0.90418925666032934        1.0440953335001968        1.5700038120300468        4.3741933446102257     
  0.88545606341538330       0.88554865727140486       0.88888522628481437       0.91743299706287262        1.0612080256518339        1.6196227225799869        4.6924753944996747     
  0.89967424673255680       0.89943945567794215       0.90188833168116933       0.93026728835347505        1.0774661469462437        1.6699256474397406        5.0302460165736349     
  0.91311967449057341       0.91262115264610921       0.91430802417359380       0.94261358523539396        1.0928933450512794        1.7209161199965846        5.3884379678947756     
  0.92576437845561321       0.92504563428413056       0.92608564505727575       0.95444289229862445        1.1075241082178955        1.7725876037758785        5.7680048377887445     
  0.93759275239539408       0.93668206549968536       0.93721570168835833       0.96570258392896002        1.1213355213792153        1.8249277987502976        6.1699173178245568     
  0.94856048136488580       0.94749353334128250       0.94765951834754925       0.97631001664987893        1.1343418541249219        1.8779017657121395        6.5950954981882690     
  0.95863413373854967       0.95744706907445487       0.95738685902458076       0.98622476728098551        1.1465935564497833        1.9314977646588365        7.0445857790391324     
  0.96781926971202137       0.96653341993663144       0.96635112938259449       0.99541168517161926        1.1581240201904324        1.9856866281361787        7.5193539082113725     
  0.97607733097225413       0.97473306267384141       0.97449363668267031        1.0039125941087859        1.1689492879991710        2.0404334625184712        8.0203640911010936     
  0.98343469965274544       0.98202666339679823       0.98179303590514932        1.0116823260344199        1.1791012815431157        2.0957233178470238        8.5486684676520532     
  0.98981729467330692       0.98838717919649366       0.98826039008251543        1.0186963031602729        1.1886221358094793        2.1515522127648463        9.1053843487198716     
  0.99526233677823872       0.99380270081960453       0.99391272323307023        1.0249432486237395        1.1975162595938196        2.2078931195252989        9.6916346810375078     
  0.99972043510698116       0.99824687116381972       0.99870102909557090        1.0304198052200297        1.2057888291908250        2.2646918812577850        10.308295473351832     
   1.0031388284548379        1.0017090605987022        1.0025845546561947        1.0351139440068797        1.2134365571385095        2.3218950454788887        10.956249643223240     
   1.0055202710820501        1.0041572329811483        1.0055514217700399        1.0390149735964884        1.2204636269052813        2.3794720466874519        11.636486933384184     
   1.0068714884276178        1.0055985803984138        1.0075960192541842        1.0421153637371607        1.2268851870309392        2.4374177615996580        12.350120067723365     
   1.0071231149133353        1.0059826972126107        1.0086681594250912        1.0444025638781880        1.2326626326372163        2.4956345830647995        13.097949834811761     
   1.0062776705499141        1.0052624774687555        1.0087367013422910        1.0458593014527493        1.2377427365037224        2.5540708260716696        13.880740198610193     
   1.0042230311212581        1.0034287606175878        1.0077352765823715        1.0464193782448103        1.2421374156952889        2.6126046084875894        14.698838856095600     
   1.0009294811705540        1.0004620442783623        1.0055948626676754        1.0460319144242252        1.2459002030048039        2.6711347634015095        15.552653557835612     
  0.99625837246045590       0.99630933288692036        1.0021579204536959        1.0446189544650386        1.2490068060147981        2.7295228863985281        16.442286952183327     
  0.99020373934228756       0.99084875526905802       0.99742138011056747        1.0420876533157752        1.2512719503163161        2.7875070999552594        17.367621151589848     
  0.98263395656817232       0.98383434489272004       0.99122486453576064        1.0383172003625265        1.2525023114274401        2.8449701550127333        18.327834340239185     
  0.97347078889527894       0.97472340584262929       0.98339048973077625        1.0331529051638000        1.2526206418129686        2.9016976572231186        19.322101089969426     
  0.96243016646999624       0.96309770672199024       0.97310865860872187        1.0264245837784240        1.2514186218420349        2.9574545109505568        20.349186299230031     
  0.94798701272130315       0.94849414163591195       0.96084595143423479        1.0179259134583103        1.2486766210394380        3.0120529033744368        21.407957454613666     
  0.92809063359236466       0.93095155200847035       0.94627216819722659        1.0074175782573138        1.2441251047937589        3.0652376717962175        22.496656064149946     
  0.90389957222791228       0.90972971986531881       0.92874079940455923       0.99437307634258298        1.2385379231202196        3.1167011551391193        23.612943603616522     
  0.87536699027919807       0.88432078795093116       0.90683916645810325       0.97849344844956709        1.2310480894560154        3.1661628756170224        24.754217232642048     
  0.84174834786508923       0.85424011965050894       0.88092895049350173       0.95946848152068365        1.2211853983239749        3.2130138218780782        25.914729755424446     
  0.81479128537115031       0.83079879429094594       0.86097230933863156       0.94104657057229402        1.2089049441327024        3.2567481611695248        27.087982885357679     
  0.77611809026926692       0.79539561624959876       0.83058263489431372       0.91846075508634695        1.1971101276163825        3.2963673407222731        28.266294581423661     
  0.73993387546588008       0.76226575601711122       0.80205144300957387       0.89677888739233047        1.1846608678994817        3.3313385530839543        29.441028239744192     
  0.70678252886370063       0.73120253818219283       0.77505270108066149       0.87587302669147094        1.1715969562959345        3.3613427949413310        30.606294335495093     
  0.67742156766268735       0.70246359670141434       0.74939068889639870       0.85566323126933541        1.1578778411584350        3.3863933405698763        31.758799610354412     
  0.65356828344036788       0.67668136225409925       0.72509403895945745       0.83611688236740300        1.1422796696118065        3.4067716253932856        32.897702838705598     
  0.63468970676920089       0.65506355383728965       0.70227926549945119       0.81713899268156565        1.1270438968923204        3.4225511683815624        34.020314385908932     
  0.61885050748815584       0.63732121121802943       0.68105199457496757       0.79847391402048928        1.1144135789014245        3.4330001368674381        35.115626179337134     
  0.60562501717798867       0.62223493653235651       0.66162969546181993       0.77987710897239848        1.1019654552468165        3.4372175728818908        36.169839037505845     
  0.59540594708241823       0.60938544293040686       0.64429135358135103       0.76125587733459021        1.0890593662980552        3.4346632635563079        37.171779776649437     
  0.58855657194409172       0.59894957871407173       0.62912760211128627       0.74259761643740774        1.0755453171763258        3.4249119213628916        38.110628727147642     
  0.58453023868622789       0.59124556987931520       0.61603657629064612       0.72385617602920271        1.0611691826967788        3.4072029788602225        38.971014395001077     
  0.58231593729686115       0.58621062833166004       0.60499422686307691       0.70497705345172801        1.0455199372901851        3.3804821003119265        39.732788477902886     
  0.58122046594239052       0.58325494861746685       0.59615210734124369       0.68602764103133018        1.0281953739775276        3.3435770298803638        40.372701354418524     
  0.58080280596450795       0.58169414809621223       0.58963136280258077       0.66718888617618499        1.0088945987242743        3.2953568657376957        40.866017124798987     
  0.58068844598368885       0.58099548137133050       0.58531001719488029       0.64876357041712385       0.98724502740625797        3.2346753599221372        41.186393737935553     
  0.58066392465016003       0.58074863138039479       0.58277023969909947       0.63129615779038051       0.96283388429870254        3.1607581654786894        41.307473366010107     
  0.58065956891001225       0.58068055332802082       0.58147455980780183       0.61572119207916176       0.93529962739795347        3.0729053465601455        41.202845101195201     
  0.58065888255598153       0.58066511146598410       0.58092623662589904       0.60290388867833544       0.90442479374637585        2.9705921213697604        40.849336339177242     
  0.58065877094757556       0.58066193620582651       0.58073852478509302       0.59320615625868889       0.87018635512400266        2.8538297727518311        40.228740267232361     
  0.58065874811048546       0.58066124869751712       0.58068536085728018       0.58688492396041114       0.83279511979421394        2.7220931341887473        39.329266811529962     
  0.58065874032046227       0.58066105365892851       0.58067174742975958       0.58335636205631691       0.79267677922110735        2.5802629471474292        38.144761640383820     
  0.58065873651704591       0.58066097000877781       0.58066784266252591       0.58168028357677026       0.75057678920294391        2.4293605255472053        36.673236009050058     
  0.58065873460298989       0.58066092602060659       0.58066624694799240       0.58101990957415328       0.70793253948340829        2.2702397995475603        34.920719145988478     
  0.58065873371739285       0.58066090313103491       0.58066538123582723       0.58079757567455537       0.66724865708784864        2.1048398729228395        32.900733358881460     
  0.58065873335592311       0.58066089231504858       0.58066489099861429       0.58072560976912369       0.63237012546172811        1.9353029410778679        30.638381021893004     
  0.58065873323014672       0.58066088784283421       0.58066463533872070       0.58069791489256795       0.60684547055274485        1.7647073326793348        28.171476748132207     
  0.58065873319307981       0.58066088627567813       0.58066451825665921       0.58068412907521516       0.59180642052004262        1.5949049909594799        25.547293994258094     
  0.58065873318364825       0.58066088582329567       0.58066447270892330       0.58067662499169992       0.58484300418697788        1.4266926596936620        22.823770973618011     
  0.58065873318164396       0.58066088571396091       0.58066445812392198       0.58067281967006301       0.58223710656948480        1.2609258296362769        20.064340973018822     
  0.58065873318131167       0.58066088569198604       0.58066445439462222       0.58067116016005016       0.58132919729123511        1.1000650633862303        17.336969836749525     
  0.58065873318126893       0.58066088568853236       0.58066445364344010       0.58067057037631997       0.58096353040796955       0.94844832207080632        14.707540105623492     
  0.58065873318126515       0.58066088568812169       0.58066445352584473       0.58067040671805314       0.58079525687004196       0.81378665012712792        12.247226078782651     
  0.58065873318126526       0.58066088568808694       0.58066445351171181       0.58067037282368639       0.58072073059622187       0.70703766625692754        10.014016821201727     
  0.58065873318126460       0.58066088568808460       0.58066445351048868       0.58067036780352821       0.58069185713973825       0.63758172181286810        8.0446429909185984     
  0.58065873318126482       0.58066088568808427       0.58066445351041551       0.58067036728492516       0.58068273656937963       0.60300059258024907        6.3711857524523525     
  0.58075175643845134       0.58075390894532741       0.58075747676771261       0.58076339050517456       0.58077359208985413       0.58931517333890338        5.0456168055750164     
