   1.1277234346659457E-004   1.0655666542114205E-003   4.1687228104966270E-003   6.5604178601867983E-003   4.1687228104966044E-003   1.0655666542114168E-003   1.1277234346659375E-004
   1.1267232542392868E-004   1.0646216007718255E-003   4.1650255609484666E-003   6.5545994109706563E-003   4.1650255609484996E-003   1.0646216007718233E-003   1.1267232542392753E-004
   1.1256830665955647E-004   1.0636387451946430E-003   4.1611804214184527E-003   6.5485482237858886E-003   4.1611804214184440E-003   1.0636387451946441E-003   1.1256830665955505E-004
   1.1246028717347669E-004   1.0626180874798838E-003   4.1571873919064566E-003   6.5422642986324190E-003   4.1571873919064905E-003   1.0626180874798838E-003   1.1246028717347631E-004
   1.1235169615572520E-004   1.0615920294597498E-003   4.1531732352542471E-003   6.5359471251977865E-003   4.1531732352542185E-003   1.0615920294597516E-003   1.1235169615572433E-004
   1.1224424820131815E-004   1.0605767720503587E-003   4.1492013328825279E-003   6.5296964483255769E-003   4.1492013328825340E-003   1.0605767720503628E-003   1.1224424820131790E-004
   1.1213737177858432E-004   1.0595669149463340E-003   4.1452505576511072E-003   6.5234790197345920E-003   4.1452505576511254E-003   1.0595669149463392E-003   1.1213737177858338E-004
   1.1203106688752171E-004   1.0585624581476803E-003   4.1413209095599850E-003   6.5172948394248637E-003   4.1413209095599720E-003   1.0585624581476818E-003   1.1203106688752156E-004
   1.1192304740144301E-004   1.0575418004329263E-003   4.1373278800480211E-003   6.5110109142714288E-003   4.1373278800480029E-003   1.0575418004329169E-003   1.1192304740144221E-004
   1.1181102719365700E-004   1.0564833405805754E-003   4.1331869605540994E-003   6.5044942511493656E-003   4.1331869605541202E-003   1.0564833405805735E-003   1.1181102719365665E-004
   1.1169386320082021E-004   1.0553762779799071E-003   4.1288558967977366E-003   6.4976783534961627E-003   4.1288558967977444E-003   1.0553762779799071E-003   1.1169386320081973E-004
   1.1156926929624243E-004   1.0541990114094455E-003   4.1242501802177733E-003   6.4904302281868905E-003   4.1242501802177993E-003   1.0541990114094422E-003   1.1156926929624148E-004
   1.1143838854326805E-004   1.0529623414799185E-003   4.1194120650948299E-003   6.4828163717840937E-003   4.1194120650948299E-003   1.0529623414799168E-003   1.1143838854326760E-004
   1.1129950634688153E-004   1.0516500672752272E-003   4.1142781700080257E-003   6.4747370394439320E-003   4.1142781700080145E-003   1.0516500672752235E-003   1.1129950634687985E-004
   1.1115262270708053E-004   1.0502621887953634E-003   4.1088484949573494E-003   6.4661922311665494E-003   4.1088484949573529E-003   1.0502621887953591E-003   1.1115262270707913E-004
   1.1099773762386644E-004   1.0487987060403363E-003   4.1031230399428444E-003   6.4571819469518062E-003   4.1031230399428444E-003   1.0487987060403326E-003   1.1099773762386568E-004
   1.1083370803389485E-004   1.0472488183993960E-003   4.0970595506839196E-003   6.4476396902373384E-003   4.0970595506839205E-003   1.0472488183993979E-003   1.1083370803389365E-004
   1.1065939087381967E-004   1.0456017252618215E-003   4.0906157729000570E-003   6.4374989644606119E-003   4.0906157729000484E-003   1.0456017252618169E-003   1.1065939087381884E-004
   1.1047364308029753E-004   1.0438466260168598E-003   4.0837494523106865E-003   6.4266932730592165E-003   4.0837494523106709E-003   1.0438466260168583E-003   1.1047364308029657E-004
   1.1027417852663826E-004   1.0419619194430387E-003   4.0763760803547129E-003   6.4150896229081518E-003   4.0763760803547086E-003   1.0419619194430396E-003   1.1027417852663721E-004
   1.1006042568116904E-004   1.0399422052349947E-003   4.0684745298918551E-003   6.4026547657262322E-003   4.0684745298918785E-003   1.0399422052349925E-003   1.1006042568116866E-004
   1.0983066994887324E-004   1.0377712824766120E-003   4.0599814195013207E-003   6.3892889566697173E-003   4.0599814195013424E-003   1.0377712824766096E-003   1.0983066994887342E-004
   1.0958319673473482E-004   1.0354329502517887E-003   4.0508333677622696E-003   6.3748924508949196E-003   4.0508333677622740E-003   1.0354329502517815E-003   1.0958319673473421E-004
   1.0931743450708049E-004   1.0329218082551518E-003   4.0410092475344208E-003   6.3594320001205884E-003   4.0410092475344208E-003   1.0329218082551514E-003   1.0931743450707921E-004
   1.0903338326590938E-004   1.0302378564867010E-003   4.0305090588177691E-003   6.3429076043467533E-003   4.0305090588177482E-003   1.0302378564866987E-003   1.0903338326590841E-004
   1.0872989994787746E-004   1.0273702943357009E-003   4.0192905473317372E-003   6.3252527670108905E-003   4.0192905473317607E-003   1.0273702943357013E-003   1.0872989994787688E-004
   1.0840412689462301E-004   1.0242921202753086E-003   4.0072480773750080E-003   6.3063012467068757E-003   4.0072480773750046E-003   1.0242921202753114E-003   1.0840412689462220E-004
   1.0805377797945626E-004   1.0209817330840453E-003   3.9942971403864524E-003   6.2859200503097845E-003   3.9942971403864533E-003   1.0209817330840427E-003   1.0805377797945551E-004
   1.0767771013903356E-004   1.0174283321511724E-003   3.9803954820855306E-003   6.2640426812570682E-003   3.9803954820855263E-003   1.0174283321511700E-003   1.0767771013903203E-004
   1.0727592337335246E-004   1.0136319174766872E-003   3.9655431024722071E-003   6.2406691395487743E-003   3.9655431024722097E-003   1.0136319174766828E-003   1.0727592337335139E-004
   1.0684441696070820E-004   1.0095546869230104E-003   3.9495921115646091E-003   6.2155666872162930E-003   3.9495921115646152E-003   1.0095546869230050E-003   1.0684441696070724E-004
   1.0638090477441123E-004   1.0051750392686644E-003   3.9324580008016068E-003   6.1886023311346280E-003   3.9324580008016042E-003   1.0051750392686609E-003   1.0638090477441013E-004
   1.0588081456108174E-004   1.0004497720706885E-003   3.9139717530610151E-003   6.1595100850538936E-003   3.9139717530610081E-003   1.0004497720706863E-003   1.0588081456108098E-004
   1.0534071713068616E-004   9.9534648349687625E-004   3.8940066055011711E-003   6.1280904592867121E-003   3.8940066055011559E-003   9.9534648349687842E-004   1.0534071713068568E-004
   1.0475604022984525E-004   9.8982197110428064E-004   3.8723935409998760E-003   6.0940774675831968E-003   3.8723935409998617E-003   9.8982197110427674E-004   1.0475604022984434E-004
   1.0412221160518001E-004   9.8383303244993026E-004   3.8489635424349168E-003   6.0572051236934777E-003   3.8489635424349099E-003   9.8383303244993525E-004   1.0412221160517947E-004
   1.0343351593996650E-004   9.7732566448015972E-004   3.8235053384035791E-003   6.0171409448051471E-003   3.8235053384035743E-003   9.7732566448015886E-004   1.0343351593996615E-004
   1.0268423791748179E-004   9.7024586414125151E-004   3.7958076575030815E-003   5.9735524481059257E-003   3.7958076575030837E-003   9.7024586414125313E-004   1.0268423791748073E-004
   1.0186866222100040E-004   9.6253962837953308E-004   3.7656592283306940E-003   5.9261071507834247E-003   3.7656592283306914E-003   9.6253962837953351E-004   1.0186866222099981E-004
   1.0098335966048951E-004   9.5417455536278637E-004   3.7329332880447685E-003   5.8746055631502554E-003   3.7329332880447637E-003   9.5417455536277662E-004   1.0098335966048930E-004
   1.0002318645089745E-004   9.4510204234267349E-004   3.6974396923828085E-003   5.8187484506752769E-003   3.6974396923828041E-003   9.4510204234267545E-004   1.0002318645089662E-004
   9.8981855743828290E-005   9.3526268596015876E-004   3.6589460428018113E-003   5.7581700822649049E-003   3.6589460428018074E-003   9.3526268596015355E-004   9.8981855743827165E-005
   9.7854223754230193E-005   9.2460788346689776E-004   3.6172621950392868E-003   5.6925712233880082E-003   3.6172621950392890E-003   9.2460788346690069E-004   9.7854223754228974E-005
   9.6625430658620789E-005   9.1299722692331274E-004   3.5718388434481069E-003   5.6210874187325515E-003   3.5718388434480925E-003   9.1299722692331296E-004   9.6625430658619976E-005
   9.5282331228536298E-005   9.0030650930590281E-004   3.5221900638019101E-003   5.5429539578300486E-003   3.5221900638019083E-003   9.0030650930590379E-004   9.5282331228536014E-005
   9.3815209425546494E-005   8.8644392542339405E-004   3.4679566947160498E-003   5.4576056198995136E-003   3.4679566947160476E-003   8.8644392542339481E-004   9.3815209425545911E-005
   9.2212634616203613E-005   8.7130146916840898E-004   3.4087161933850220E-003   5.3643774393162579E-003   3.4087161933850233E-003   8.7130146916841018E-004   9.2212634616203003E-005
   9.0475749863852141E-005   8.5488994115168139E-004   3.3445108140893898E-003   5.2633359126427609E-003   3.3445108140893803E-003   8.5488994115168291E-004   9.0475749863851382E-005
   8.8614842738595070E-005   8.3730654686985713E-004   3.2757208453540639E-003   5.1550795089412389E-003   3.2757208453540665E-003   8.3730654686985540E-004   8.8614842738594148E-005
   8.6646487658930649E-005   8.1870789517864237E-004   3.2029589742470542E-003   5.0405724283675256E-003   3.2029589742470651E-003   8.1870789517864010E-004   8.6646487658930554E-005
   8.4580972194963253E-005   7.9919119157467679E-004   3.1266054892933109E-003   4.9204131399838381E-003   3.1266054892933131E-003   7.9919119157467581E-004   8.4580972194962792E-005
   8.2408580308261244E-005   7.7866463086668873E-004   3.0463012291081369E-003   4.7940364230091952E-003   3.0463012291081387E-003   7.7866463086668624E-004   8.2408580308260715E-005
   8.0117309833704583E-005   7.5701480664192250E-004   2.9616025237457636E-003   4.6607440635376435E-003   2.9616025237457671E-003   7.5701480664192120E-004   8.0117309833704448E-005
   7.7705446176276673E-005   7.3422551798427659E-004   2.8724459917853756E-003   4.5204363167254923E-003   2.8724459917853769E-003   7.3422551798427475E-004   7.7705446176276280E-005
   7.5174703930994883E-005   7.1031296580985543E-004   2.7788950146477994E-003   4.3732129274164219E-003   2.7788950146477895E-003   7.1031296580985456E-004   7.5174703930994206E-005
   7.2520510844479704E-005   6.8523394767570705E-004   2.6807805752108210E-003   4.2188079093605710E-003   2.6807805752108249E-003   6.8523394767570401E-004   7.2520510844478986E-005
   6.9733722409972505E-005   6.5890205869592188E-004   2.5777646392300549E-003   4.0566892900581715E-003   2.5777646392300523E-003   6.5890205869592101E-004   6.9733722409972220E-005
   6.6805194120716932E-005   6.3123089398459695E-004   2.4695091724610888E-003   3.8863250970094651E-003   2.4695091724610922E-003   6.3123089398460107E-004   6.6805194120716417E-005
   6.3729210659987730E-005   6.0216645048804770E-004   2.3558029035011798E-003   3.7073828474021120E-003   2.3558029035011794E-003   6.0216645048804499E-004   6.3729210659987378E-005
   6.0502914369423613E-005   5.7168172667941726E-004   2.2365401966489579E-003   3.5196962998299323E-003   2.2365401966489553E-003   5.7168172667941553E-004   6.0502914369423281E-005
   5.7128591375714219E-005   5.3979832378018905E-004   2.1118055604655130E-003   3.3233984474178428E-003   2.1118055604655087E-003   5.3979832378018742E-004   5.7128591375713928E-005
   5.3613100058928031E-005   5.0658104545479182E-004   1.9818525206341479E-003   3.1188882695406791E-003   1.9818525206341522E-003   5.0658104545478824E-004   5.3613100058927591E-005
   4.9971300242546381E-005   4.7217029964281490E-004   1.8472303828020254E-003   2.9070302215105574E-003   1.8472303828020232E-003   4.7217029964281658E-004   4.9971300242546177E-005
   4.6226624725137033E-005   4.3678749886440189E-004   1.7088053597203966E-003   2.6891874828581233E-003   1.7088053597203966E-003   4.3678749886440259E-004   4.6226624725136688E-005
   4.2409936217008527E-005   4.0072425960948146E-004   1.5677183169641275E-003   2.4671554607700592E-003   1.5677183169641269E-003   4.0072425960948331E-004   4.2409936217008100E-005
   3.8556669681847738E-005   3.6431540081093830E-004   1.4252791372302545E-003   2.2429955486829504E-003   1.4252791372302532E-003   3.6431540081094047E-004   3.8556669681847291E-005
   3.4703974678359415E-005   3.2791194231776409E-004   1.2828610846366583E-003   2.0188688848770836E-003   1.2828610846366594E-003   3.2791194231776436E-004   3.4703974678358954E-005
   3.0893001486954369E-005   2.9190270611653517E-004   1.1419853132831356E-003   1.7971693456013702E-003   1.1419853132831365E-003   2.9190270611653490E-004   3.0893001486954030E-005
   2.7166614983061119E-005   2.5669271510993371E-004   1.0042363586903109E-003   1.5803905519484612E-003   1.0042363586903120E-003   2.5669271510993404E-004   2.7166614983060855E-005
   2.3570537700469527E-005   2.2271399372749019E-004   8.7130439208018033E-004   1.3711923664171553E-003   8.7130439208017740E-004   2.2271399372748984E-004   2.3570537700469375E-005
   2.0151635236314817E-005   1.9040936700947107E-004   7.4492183895528887E-004   1.1723011480687237E-003   7.4492183895528735E-004   1.9040936700947020E-004   2.0151635236314543E-005
   1.6953343997697239E-005   1.6018925816392715E-004   6.2669436197653459E-004   9.8624376627705411E-004   6.2669436197653405E-004   1.6018925816392739E-004   1.6953343997697059E-005
   1.4015099670010791E-005   1.3242628826132965E-004   5.1807973382289878E-004   8.1531435244735595E-004   5.1807973382289878E-004   1.3242628826132998E-004   1.4015099670010679E-005
   1.1367764963563969E-005   1.0741207379160959E-004   4.2021882006922112E-004   6.6130831376632715E-004   4.2021882006922084E-004   1.0741207379161015E-004   1.1367764963563827E-005
   9.0330580819069206E-006   8.5351826358793300E-005   3.3391445204595534E-004   5.2548908492090502E-004   3.3391445204595383E-004   8.5351826358792839E-005   9.0330580819068071E-006
   7.0206950634700634E-006   6.6337351154154608E-005   2.5952579113777392E-004   4.0842188669208468E-004   2.5952579113777360E-004   6.6337351154154513E-005   7.0206950634700033E-006
   5.3329620349429439E-006   5.0390249399171146E-005   1.9713734590577687E-004   3.1023971220480801E-004   1.9713734590577682E-004   5.0390249399170990E-005   5.3329620349428990E-006
   3.9572852995332830E-006   3.7391714375721970E-005   1.4628431926391578E-004   2.3021109927189831E-004   1.4628431926391603E-004   3.7391714375721814E-005   3.9572852995332305E-006
   2.8668028686393507E-006   2.7087931731458819E-005   1.0597373561926672E-004   1.6677337867530902E-004   1.0597373561926632E-004   2.7087931731458805E-005   2.8668028686393291E-006
   2.0289374369357521E-006   1.9171084060342640E-005   7.5001347976155522E-005   1.1803139838463903E-004   7.5001347976155576E-005   1.9171084060342623E-005   2.0289374369357283E-006
   1.4025387240113623E-006   1.3252349375797432E-005   5.1846002234784824E-005   8.1591282150958859E-005   5.1846002234784709E-005   1.3252349375797415E-005   1.4025387240113496E-006
