  0.99196314960509868       0.98426557682657201       0.96388250869375713       0.92994579686712875       0.84279372303442357       0.88178270579837836       0.99990921993086079     
  0.99385512553352540       0.98724883260465268       0.96886817023597371       0.93481366745983774       0.84300389055687985       0.87756925002146857       0.99990024913596975     
  0.99526392545172204       0.98958127825061171       0.97301300354364950       0.93922339155210632       0.84119618488695203       0.87266444194484460       0.99990596163489820     
  0.99633160168847035       0.99162232389507277       0.97651443070729127       0.94309531097721211       0.82736996910031035       0.86730681137575272       0.99989657381103225     
  0.99719914943163623       0.99311565039766803       0.97949187102929580       0.94619490794225980       0.82147248299184994       0.86143385895084312       0.99988593645999979     
  0.99780375660171938       0.99430387056661385       0.98359540174007809       0.94876218367116882       0.81229871012804278       0.85557283529724781       0.99987383247819039     
  0.99826023601612568       0.99525804334846524       0.98493427115445387       0.95061820924718010       0.79774692561673510       0.84838739437460320       0.99986002394983364     
  0.99860661741996637       0.99602682467572801       0.98654777456922293       0.95125770956739364       0.78401497282157051       0.84399202703371046       0.99984424891790780     
  0.99887159612543408       0.99664960195752794       0.98767465098248075       0.95147276658297730       0.74124739889054547       0.83406791577265316       0.99985481440803881     
  0.99907466048651372       0.99715238064202150       0.98854917284002475       0.95199829994873053       0.72293122355438155       0.82204598304621945       0.99983837992588476     
  0.99923383387683873       0.99756715197045354       0.98850285319246889       0.95083674366134141       0.70489091860788933       0.80913334816864779       0.99981965105878834     
  0.99934258511827079       0.99785152269350696       0.98872806961268500       0.95061070844081486       0.68510736896079094       0.80189872702762754       0.99979834265443834     
  0.99944484177870241       0.99812767305151728       0.98836803773143045       0.94957124341533328       0.66754830346102068       0.78281153170943407       0.99977415932662805     
  0.99952681890091388       0.99836346039658419       0.98798300746029788       0.94884826504097175       0.65009029960468234       0.76491488369778926       0.99974679848467085     
  0.99959308058928620       0.99855195261888108       0.98577825725443569       0.94765422631863105       0.63270108987352414       0.76307271807169796       0.99976702674735762     
  0.99963975716213338       0.99863093878823050       0.98463334407979131       0.94476344530570122       0.61536985133427591       0.74400713629774995       0.99973909399526240     
  0.99968233839246823       0.99843992925731340       0.98382805981226495       0.93511553739604136       0.59795854343944743       0.71918422687010974       0.99970766349174944     
  0.99971409880867268       0.99835852932535651       0.98124510578477342       0.93138316833809254       0.58059801835449898       0.70091572210599828       0.99967235778906838     
  0.99972980233355579       0.99815700401429053       0.97861550177220280       0.92642934317146231       0.56350462299390736       0.67389681964223092       0.99970074925518149     
  0.99969308965798909       0.99790356883518105       0.97718255256437081       0.92084615113535184       0.54616699619438935       0.66423126985973502       0.99966467446401386     
  0.99935786899839307       0.99584122323857593       0.97582430971978329       0.91505546551620476       0.52899103742918119       0.63641955920316329       0.99962363771093998     
  0.99913846850951571       0.99526219568337659       0.97239475882343818       0.90920953476673694       0.51219868391004553       0.60853168373948463       0.99957644133735524     
  0.99889204298970358       0.99459407800516764       0.97110978265328252       0.90318199838987445       0.51266006015197718       0.62017204798860104       0.99952157990873047     
  0.99865997853729638       0.99395419225210657       0.96988270656123954       0.89679170179584311       0.50121161323819463       0.59474514858162109       0.99956258613722937     
  0.99749472624420776       0.99324920632554359       0.96672848345352613       0.89055294436047971       0.48594253858018072       0.59585042095529495       0.99950254619477830     
  0.99714798351631528       0.99256196140239283       0.96318324008260225       0.88425083951142169       0.47157911620842846       0.58132682375727240       0.99943285587478314     
  0.99554907795752601       0.99107831514242817       0.96176126213345092       0.87162871673934028       0.45830520684525855       0.56111273008450335       0.99938562968367350     
  0.99491676100819104       0.98999501630344611       0.95956716708104994       0.85959859638636915       0.45549844805415418       0.53905844850476259       0.99940711588473052     
  0.99406061940607182       0.98923699668269038       0.95783410788376244       0.85371701208060269       0.44471400880248735       0.51784488967122499       0.99932616906483585     
  0.99244236575445344       0.98790178267388229       0.95624157245462349       0.84807513637264631       0.47246339009412769       0.49783523478143937       0.99923959724095557     
  0.99175442822524151       0.98600394290056781       0.95419601352661942       0.84266706183909457       0.46413014784038542       0.49585855847420057       0.99930663609388970     
  0.99048512960691704       0.98296265496094037       0.95171529358020790       0.83761697915502797       0.45774353460841916       0.47772094635789503       0.99922548445075554     
  0.98948176206633154       0.98123810740450412       0.94910666427491630       0.83296439432168012       0.45104214568688583       0.46760429199395337       0.99914389852701302     
  0.98816829024698905       0.97986144528511843       0.94662568722352525       0.82850884286734705       0.44973108205495993       0.45262503354834738       0.99906390695197012     
  0.98451048090179694       0.97884735555433589       0.94405291679441028       0.82432965220358068       0.45589602545283542       0.45793142890111049       0.99915767569751668     
  0.98294833491131761       0.97784574130547752       0.94123101257077180       0.82124252280942422       0.45284802062150703       0.48082732617131851       0.99909102062094723     
  0.98210716715183799       0.97494613719263701       0.93770505469156962       0.81815477355951960       0.45108957552799339       0.48613500830919498       0.99902933724157039     
  0.97904585657596432       0.97186361722977377       0.92422296460297959       0.82032107736968873       0.45304776779300920       0.49688953671788988       0.99914101121654109     
  0.97527100572821612       0.97022114673589976       0.92025883519201457       0.81736087123543000       0.47806908385603653       0.49628987717478673       0.99909528314917251     
  0.97224025798389069       0.96896044313928864       0.91604796383523612       0.81518798674230342       0.51057192173933630       0.49369843968651067       0.99905651642649540     
  0.97056679088205200       0.96491764017596893       0.91127386359743212       0.81208074711265510       0.51147525798303584       0.49335416911418711       0.99918430035990335     
  0.96818634223013089       0.96238807046814512       0.90526491354609506       0.80958557929762776       0.51567820124108721       0.49563390088992049       0.99916246705671519     
  0.96770472810556396       0.96000852023508809       0.89796035281588793       0.80894988470542550       0.52942203526191667       0.50048467111629635       0.99914868273413027     
  0.96412274265486197       0.95462650082584666       0.89688278165504498       0.82626550998734205       0.56182873719734172       0.50871448006191144       0.99928890413659155     
  0.96048169501469305       0.94710545495870513       0.91713538989609522       0.82431252699179236       0.58730252035933794       0.52035044202460667       0.99929255690703778     
  0.97136120100711898       0.96244053389859185       0.93680761101635368       0.85004175829578754       0.60942365156764966       0.52308701142814029       0.99930355480514077     
  0.97985668040173846       0.97300875332274206       0.95279737428985056       0.87452996449681875       0.63255363292727884       0.52785460746315938       0.99944804676605148     
  0.98715018086958706       0.98118875021975016       0.96514717743253742       0.89672917142096720       0.65674466671310106       0.53475886962723296       0.99947140214006058     
  0.99214881057165771       0.98753371466656459       0.97464880956305211       0.91643112378986835       0.68197873365279038       0.54471407374563185       0.99950134424434978     
  0.99555450454853245       0.99220448082658907       0.98203836578389181       0.93356447742769477       0.70816190054534423       0.66436113007584296       0.99963583027908365     
  0.99773375310202017       0.99543737027581236       0.98712821363495928       0.94814743405907342       0.73512864026802205       0.67733177246502374       0.99967142865894698     
  0.99895996405334808       0.99753484598992459       0.99154586817955259       0.96031073713694559       0.76263728265083264       0.69231528596163339       0.99971069953577674     
  0.99954368861758902       0.99877218810281354       0.99470159337315966       0.97026809608278475       0.79035606690137328       0.70927705126808471       0.99981591904855160     
  0.99981152053071431       0.99943461145279666       0.99600423676697192       0.97826760105148558       0.81787163728189127       0.72812139416246768       0.99985069815310812     
  0.99993164780126020       0.99975667504754806       0.99738878787405483       0.98455813580444174       0.84471273925807444       0.74868531509393954       0.99988450356516989     
  0.99997973324030442       0.99990191081935087       0.99856169274450968       0.98937522329550720       0.87078308328484122       0.77110079832400125       0.99994333715155403     
  0.99999492781813870       0.99996266722610250       0.99919214728424344       0.99294150377924417       0.93399395054179390       0.85858175478154952       0.99996319260828026     
  0.99999847131549724       0.99998501487578417       0.99961428165728905       0.99547162591430538       0.94860368154020958       0.87598529081322740       0.99997857647131672     
  0.99999919752414657       0.99999232478832090       0.99981267510195659       0.99717682937341912       0.96094040492401067       0.89304349308906839       0.99999374361699511     
  0.99999945397321377       0.99999497946003857       0.99990065751587021       0.99826204700295318       0.97103827028117418       0.90931637697970746       0.99999733961380188     
  0.99999962390986485       0.99999642427053703       0.99993972788436214       0.99891496445088268       0.97899421161348266       0.92437903222628504       0.99999906038296182     
  0.99999975330132673       0.99999747508485315       0.99995732406419136       0.99929315914403793       0.98501472849587124       0.93786815855681371       0.99999988169614784     
  0.99999984998658697       0.99999829085913428       0.99996920137739864       0.99951726814914321       0.98939195840202887       0.94953227911825577       0.99999997792225537     
  0.99999991800716703       0.99999891805706098       0.99997835621392428       0.99966149060010645       0.99247080159046008       0.96941591690984397       0.99999999730153832     
  0.99999996127448143       0.99999937850471399       0.99998525457473497       0.99976364795898154       0.99460366076096229       0.97469702055868612       0.99999999992527344     
  0.99999998501241150       0.99999968903752567       0.99999044407217530       0.99983955570488459       0.99610220078246059       0.97926897678086855       0.99999999999708244     
  0.99999999551456986       0.99999987144676428       0.99999425065014769       0.99989531722061087       0.99721629346413221       0.98341131062223786       0.99999999999996092     
  0.99999999903036441       0.99999995859205237       0.99999690939883801       0.99993487921154500       0.99809481555582225       0.98744599844034220        1.0000000000000000     
  0.99999999985892984       0.99999999028145792       0.99999859132877389       0.99996199398339036       0.99878352090101175       0.99125982908298338       0.99999999999999989     
  0.99999999998713873       0.99999999845263221       0.99999948975613173       0.99997989400249510       0.99928067728541070       0.99451798233681743        1.0000000000000000     
  0.99999999999931355       0.99999999984509724       0.99999986336291102       0.99999088820686044       0.99960304812534884       0.99693863104571601       0.99999999999999944     
  0.99999999999997924       0.99999999999107014       0.99999997506646254       0.99999670754489933       0.99979302204829168       0.99846034421514374        1.0000000000000036     
   1.0000000000000002       0.99999999999972999       0.99999999716271626       0.99999907180268988       0.99989853541526497       0.99928911607815774        1.0000000000000024     
   1.0000000000000000       0.99999999999999578       0.99999999981967269       0.99999982495468798       0.99995539565948921       0.99973585349898408       0.99999999999999956     
  0.99999999999999922       0.99999999999999967       0.99999999999449396       0.99999996840247196       0.99998357833878826       0.99991165188574871       0.99999999999999833     
   1.0000000000000002        1.0000000000000002       0.99999999999993672       0.99999999744829027       0.99999520411658360       0.99998898663194613       0.99999999999999922     
  0.99999999999999933       0.99999999999999989       0.99999999999999989       0.99999999992460009       0.99999946808330320       0.99999955670182783       0.99999999999999989     
  0.99999999999999956        1.0000000000000004       0.99999999999999867       0.99999999999970013       0.99999998929861411       0.99999980122282717        1.0000000000000004     
  0.99999999999999944       0.99999999999999933       0.99999999999999978       0.99999999999999800       0.99999999999974543       0.99999999976396803       0.99999999999999867     
  0.99999999999999911       0.99999999999999933        1.0000000000000004       0.99999999999999989       0.99999999999994738       0.99999999999997369       0.99999999999999745     
   1.0000000000000000        1.0000000000000000       0.99999999999999978        1.0000000000000002        1.0000000000000004       0.99999999999999978        1.0000000000000002     
