   2.3570418131404205     
   2.3738311128874572     
   2.3756096835818248     
   2.3653980356216269     
   2.3457388184599250     
   2.3193095262606653     
   2.2886514408053089     
   2.2551720471676062     
   2.2187647290652501     
   2.1795279316787677     
   2.1376403212697292     
   2.0934082865627066     
   2.0472150184005358     
   1.9995399609387956     
   1.9508614669217987     
   1.9015280124033414     
   1.8518172808514393     
   1.8019376550071924     
   1.7519987716250232     
   1.7020983626014805     
   1.6522882761020969     
   1.6025730545221075     
   1.5529312126817902     
   1.5033036207912440     
   1.4535876502661440     
   1.4036665229548477     
   1.3534309096442034     
   1.3027614360038049     
   1.2515235781850207     
   1.1995466117453355     
   1.1466300624633605     
   1.0925786047230950     
   1.0371224981171943     
  0.97992853024018356     
  0.92062679523573054     
  0.85879541989445818     
  0.79388486286526749     
  0.72525250293588528     
  0.65212355623420315     
  0.57354603919493430     
  0.48847063438132005     
  0.39543125381863281     
  0.29216041967465406     
  0.17623827945385670     
   4.6226118834676817E-002
  0.10917260873611580     
  0.16448905735714928     
  0.21245286597277588     
  0.25325054617249726     
  0.28716510744290635     
  0.31452985086337004     
  0.33567838467611988     
  0.35113008577631238     
  0.36143664808648113     
  0.36644500417427817     
  0.36640787212334225     
  0.36174307748757550     
  0.35289215392721701     
  0.34021860789162217     
  0.32412190188959428     
  0.30526484466726056     
  0.28437506034362392     
  0.26220762759113198     
  0.23983136788904641     
  0.21855044430321352     
  0.19975380083054164     
  0.18451846012812623     
  0.17318823624635649     
  0.16552731600948595     
  0.16032457840991310     
  0.15549177778118917     
  0.14799517357278513     
  0.13509735120336627     
  0.11597286161732177     
   9.2705978611602985E-002
   6.9315546319707044E-002
   4.9687738740692648E-002
   3.5687964334079975E-002
   2.6772921722620354E-002
   2.1075525571537825E-002
   1.7118308720282409E-002
