   1.1277234346659450E-004   1.0655666542114192E-003   4.1687228104966088E-003   6.5604178601867983E-003   4.1687228104966157E-003   1.0655666542114162E-003   1.1277234346659352E-004
   1.1267232542392729E-004   1.0646216007718209E-003   4.1650255609484779E-003   6.5545994109706372E-003   4.1650255609484909E-003   1.0646216007718203E-003   1.1267232542392755E-004
   1.1256830665955578E-004   1.0636387451946443E-003   4.1611804214184327E-003   6.5485482237858704E-003   4.1611804214184440E-003   1.0636387451946456E-003   1.1256830665955518E-004
   1.1246028717347667E-004   1.0626180874798849E-003   4.1571873919064740E-003   6.5422642986324398E-003   4.1571873919064696E-003   1.0626180874798781E-003   1.1246028717347621E-004
   1.1235169615572546E-004   1.0615920294597461E-003   4.1531732352542315E-003   6.5359471251977596E-003   4.1531732352542367E-003   1.0615920294597503E-003   1.1235169615572453E-004
   1.1224424820131854E-004   1.0605767720503585E-003   4.1492013328825218E-003   6.5296964483255475E-003   4.1492013328825253E-003   1.0605767720503615E-003   1.1224424820131781E-004
   1.1213737177858384E-004   1.0595669149463386E-003   4.1452505576511133E-003   6.5234790197346171E-003   4.1452505576511159E-003   1.0595669149463392E-003   1.1213737177858384E-004
   1.1203106688752210E-004   1.0585624581476820E-003   4.1413209095599894E-003   6.5172948394248325E-003   4.1413209095599772E-003   1.0585624581476835E-003   1.1203106688752187E-004
   1.1192304740144286E-004   1.0575418004329208E-003   4.1373278800479717E-003   6.5110109142714409E-003   4.1373278800479977E-003   1.0575418004329167E-003   1.1192304740144234E-004
   1.1181102719365791E-004   1.0564833405805741E-003   4.1331869605541055E-003   6.5044942511493630E-003   4.1331869605541055E-003   1.0564833405805748E-003   1.1181102719365644E-004
   1.1169386320081995E-004   1.0553762779799036E-003   4.1288558967977375E-003   6.4976783534961427E-003   4.1288558967977531E-003   1.0553762779799091E-003   1.1169386320081979E-004
   1.1156926929624286E-004   1.0541990114094368E-003   4.1242501802178037E-003   6.4904302281869079E-003   4.1242501802177959E-003   1.0541990114094387E-003   1.1156926929624126E-004
   1.1143838854326828E-004   1.0529623414799092E-003   4.1194120650948178E-003   6.4828163717840911E-003   4.1194120650948325E-003   1.0529623414799146E-003   1.1143838854326738E-004
   1.1129950634688080E-004   1.0516500672752196E-003   4.1142781700080301E-003   6.4747370394439225E-003   4.1142781700080136E-003   1.0516500672752237E-003   1.1129950634687996E-004
   1.1115262270708011E-004   1.0502621887953578E-003   4.1088484949573564E-003   6.4661922311665104E-003   4.1088484949573477E-003   1.0502621887953580E-003   1.1115262270707955E-004
   1.1099773762386628E-004   1.0487987060403261E-003   4.1031230399428166E-003   6.4571819469517898E-003   4.1031230399428339E-003   1.0487987060403255E-003   1.1099773762386510E-004
   1.1083370803389421E-004   1.0472488183993938E-003   4.0970595506839274E-003   6.4476396902373185E-003   4.0970595506839153E-003   1.0472488183993927E-003   1.1083370803389319E-004
   1.1065939087381925E-004   1.0456017252618100E-003   4.0906157729000553E-003   6.4374989644605980E-003   4.0906157729000336E-003   1.0456017252618145E-003   1.1065939087381861E-004
   1.1047364308029734E-004   1.0438466260168557E-003   4.0837494523106822E-003   6.4266932730592157E-003   4.0837494523106883E-003   1.0438466260168568E-003   1.1047364308029656E-004
   1.1027417852663799E-004   1.0419619194430322E-003   4.0763760803547103E-003   6.4150896229081388E-003   4.0763760803547251E-003   1.0419619194430363E-003   1.1027417852663707E-004
   1.1006042568116915E-004   1.0399422052349879E-003   4.0684745298918811E-003   6.4026547657262088E-003   4.0684745298918646E-003   1.0399422052349897E-003   1.1006042568116869E-004
   1.0983066994887452E-004   1.0377712824766092E-003   4.0599814195013363E-003   6.3892889566697217E-003   4.0599814195013424E-003   1.0377712824766066E-003   1.0983066994887318E-004
   1.0958319673473489E-004   1.0354329502517794E-003   4.0508333677622653E-003   6.3748924508949213E-003   4.0508333677622852E-003   1.0354329502517807E-003   1.0958319673473425E-004
   1.0931743450707984E-004   1.0329218082551425E-003   4.0410092475344200E-003   6.3594320001205814E-003   4.0410092475344078E-003   1.0329218082551440E-003   1.0931743450707921E-004
   1.0903338326590893E-004   1.0302378564867004E-003   4.0305090588177604E-003   6.3429076043467437E-003   4.0305090588177508E-003   1.0302378564866980E-003   1.0903338326590818E-004
   1.0872989994787689E-004   1.0273702943357020E-003   4.0192905473317260E-003   6.3252527670109027E-003   4.0192905473317407E-003   1.0273702943357015E-003   1.0872989994787642E-004
   1.0840412689462376E-004   1.0242921202753099E-003   4.0072480773750132E-003   6.3063012467068575E-003   4.0072480773749898E-003   1.0242921202753084E-003   1.0840412689462212E-004
   1.0805377797945633E-004   1.0209817330840466E-003   3.9942971403864585E-003   6.2859200503097724E-003   3.9942971403864403E-003   1.0209817330840453E-003   1.0805377797945555E-004
   1.0767771013903272E-004   1.0174283321511711E-003   3.9803954820855280E-003   6.2640426812570517E-003   3.9803954820855124E-003   1.0174283321511672E-003   1.0767771013903203E-004
   1.0727592337335183E-004   1.0136319174766874E-003   3.9655431024722132E-003   6.2406691395487839E-003   3.9655431024722115E-003   1.0136319174766832E-003   1.0727592337335134E-004
   1.0684441696070810E-004   1.0095546869230115E-003   3.9495921115646222E-003   6.2155666872162722E-003   3.9495921115646022E-003   1.0095546869230048E-003   1.0684441696070729E-004
   1.0638090477441097E-004   1.0051750392686591E-003   3.9324580008016181E-003   6.1886023311346246E-003   3.9324580008016129E-003   1.0051750392686598E-003   1.0638090477441000E-004
   1.0588081456108178E-004   1.0004497720706874E-003   3.9139717530610072E-003   6.1595100850538797E-003   3.9139717530609986E-003   1.0004497720706872E-003   1.0588081456108095E-004
   1.0534071713068610E-004   9.9534648349687907E-004   3.8940066055011603E-003   6.1280904592867147E-003   3.8940066055011455E-003   9.9534648349687625E-004   1.0534071713068522E-004
   1.0475604022984568E-004   9.8982197110427522E-004   3.8723935409998543E-003   6.0940774675831968E-003   3.8723935409998595E-003   9.8982197110427739E-004   1.0475604022984455E-004
   1.0412221160518020E-004   9.8383303244993503E-004   3.8489635424349064E-003   6.0572051236934508E-003   3.8489635424349047E-003   9.8383303244993243E-004   1.0412221160517909E-004
   1.0343351593996676E-004   9.7732566448015690E-004   3.8235053384035773E-003   6.0171409448051471E-003   3.8235053384035704E-003   9.7732566448015474E-004   1.0343351593996592E-004
   1.0268423791748139E-004   9.7024586414124999E-004   3.7958076575030650E-003   5.9735524481059239E-003   3.7958076575030772E-003   9.7024586414125346E-004   1.0268423791748069E-004
   1.0186866222100047E-004   9.6253962837953200E-004   3.7656592283306762E-003   5.9261071507834299E-003   3.7656592283306840E-003   9.6253962837953048E-004   1.0186866222099971E-004
   1.0098335966049006E-004   9.5417455536278041E-004   3.7329332880447702E-003   5.8746055631502710E-003   3.7329332880447572E-003   9.5417455536277737E-004   1.0098335966048886E-004
   1.0002318645089776E-004   9.4510204234267230E-004   3.6974396923828111E-003   5.8187484506752483E-003   3.6974396923828167E-003   9.4510204234267512E-004   1.0002318645089684E-004
   9.8981855743827775E-005   9.3526268596015290E-004   3.6589460428018152E-003   5.7581700822648910E-003   3.6589460428018052E-003   9.3526268596015507E-004   9.8981855743826908E-005
   9.7854223754230193E-005   9.2460788346690221E-004   3.6172621950392781E-003   5.6925712233880420E-003   3.6172621950392890E-003   9.2460788346690080E-004   9.7854223754228974E-005
   9.6625430658621277E-005   9.1299722692331524E-004   3.5718388434480930E-003   5.6210874187325377E-003   3.5718388434480839E-003   9.1299722692331285E-004   9.6625430658619976E-005
   9.5282331228536745E-005   9.0030650930590227E-004   3.5221900638019101E-003   5.5429539578300277E-003   3.5221900638019014E-003   9.0030650930590238E-004   9.5282331228535594E-005
   9.3815209425547144E-005   8.8644392542339579E-004   3.4679566947160580E-003   5.4576056198995223E-003   3.4679566947160467E-003   8.8644392542339807E-004   9.3815209425545884E-005
   9.2212634616203776E-005   8.7130146916841213E-004   3.4087161933850181E-003   5.3643774393162449E-003   3.4087161933850207E-003   8.7130146916840768E-004   9.2212634616203017E-005
   9.0475749863852073E-005   8.5488994115168475E-004   3.3445108140893994E-003   5.2633359126427557E-003   3.3445108140893816E-003   8.5488994115168117E-004   9.0475749863851328E-005
   8.8614842738595165E-005   8.3730654686986028E-004   3.2757208453540691E-003   5.1550795089412398E-003   3.2757208453540630E-003   8.3730654686985952E-004   8.8614842738594392E-005
   8.6646487658930947E-005   8.1870789517864151E-004   3.2029589742470625E-003   5.0405724283675317E-003   3.2029589742470534E-003   8.1870789517863912E-004   8.6646487658930405E-005
   8.4580972194963578E-005   7.9919119157467711E-004   3.1266054892933179E-003   4.9204131399838416E-003   3.1266054892933001E-003   7.9919119157467386E-004   8.4580972194962751E-005
   8.2408580308260783E-005   7.7866463086668776E-004   3.0463012291081278E-003   4.7940364230091926E-003   3.0463012291081270E-003   7.7866463086668787E-004   8.2408580308260363E-005
   8.0117309833704448E-005   7.5701480664192380E-004   2.9616025237457618E-003   4.6607440635376331E-003   2.9616025237457623E-003   7.5701480664192315E-004   8.0117309833704163E-005
   7.7705446176276890E-005   7.3422551798427561E-004   2.8724459917853847E-003   4.5204363167254636E-003   2.8724459917853756E-003   7.3422551798427616E-004   7.7705446176276334E-005
   7.5174703930994409E-005   7.1031296580985586E-004   2.7788950146477908E-003   4.3732129274164158E-003   2.7788950146477951E-003   7.1031296580985272E-004   7.5174703930994382E-005
   7.2520510844479514E-005   6.8523394767570651E-004   2.6807805752108193E-003   4.2188079093605710E-003   2.6807805752108150E-003   6.8523394767570727E-004   7.2520510844479230E-005
   6.9733722409972491E-005   6.5890205869592242E-004   2.5777646392300567E-003   4.0566892900581733E-003   2.5777646392300493E-003   6.5890205869592101E-004   6.9733722409972206E-005
   6.6805194120717149E-005   6.3123089398459738E-004   2.4695091724610961E-003   3.8863250970094711E-003   2.4695091724610862E-003   6.3123089398459868E-004   6.6805194120716282E-005
   6.3729210659987839E-005   6.0216645048804455E-004   2.3558029035011855E-003   3.7073828474021068E-003   2.3558029035011768E-003   6.0216645048804564E-004   6.3729210659987188E-005
   6.0502914369424046E-005   5.7168172667941661E-004   2.2365401966489644E-003   3.5196962998299219E-003   2.2365401966489519E-003   5.7168172667941813E-004   6.0502914369423315E-005
   5.7128591375714653E-005   5.3979832378018720E-004   2.1118055604655195E-003   3.3233984474178337E-003   2.1118055604655117E-003   5.3979832378018742E-004   5.7128591375713853E-005
   5.3613100058928086E-005   5.0658104545478781E-004   1.9818525206341604E-003   3.1188882695406725E-003   1.9818525206341539E-003   5.0658104545478748E-004   5.3613100058927530E-005
   4.9971300242546550E-005   4.7217029964281685E-004   1.8472303828020243E-003   2.9070302215105622E-003   1.8472303828020197E-003   4.7217029964281463E-004   4.9971300242546021E-005
   4.6226624725137189E-005   4.3678749886440243E-004   1.7088053597204044E-003   2.6891874828581280E-003   1.7088053597203990E-003   4.3678749886440400E-004   4.6226624725136796E-005
   4.2409936217008608E-005   4.0072425960948271E-004   1.5677183169641210E-003   2.4671554607700570E-003   1.5677183169641256E-003   4.0072425960948238E-004   4.2409936217007992E-005
   3.8556669681847494E-005   3.6431540081093851E-004   1.4252791372302582E-003   2.2429955486829509E-003   1.4252791372302543E-003   3.6431540081093868E-004   3.8556669681847304E-005
   3.4703974678359211E-005   3.2791194231776588E-004   1.2828610846366531E-003   2.0188688848770822E-003   1.2828610846366568E-003   3.2791194231776436E-004   3.4703974678358974E-005
   3.0893001486954315E-005   2.9190270611653587E-004   1.1419853132831359E-003   1.7971693456013702E-003   1.1419853132831382E-003   2.9190270611653468E-004   3.0893001486954024E-005
   2.7166614983061014E-005   2.5669271510993447E-004   1.0042363586903079E-003   1.5803905519484599E-003   1.0042363586903092E-003   2.5669271510993355E-004   2.7166614983060801E-005
   2.3570537700469547E-005   2.2271399372749028E-004   8.7130439208017751E-004   1.3711923664171447E-003   8.7130439208017642E-004   2.2271399372749033E-004   2.3570537700469375E-005
   2.0151635236314753E-005   1.9040936700947004E-004   7.4492183895528453E-004   1.1723011480687256E-003   7.4492183895528540E-004   1.9040936700947064E-004   2.0151635236314584E-005
   1.6953343997697127E-005   1.6018925816392810E-004   6.2669436197653557E-004   9.8624376627705367E-004   6.2669436197653535E-004   1.6018925816392761E-004   1.6953343997697015E-005
   1.4015099670010806E-005   1.3242628826133017E-004   5.1807973382289770E-004   8.1531435244735476E-004   5.1807973382289715E-004   1.3242628826133008E-004   1.4015099670010683E-005
   1.1367764963563926E-005   1.0741207379161006E-004   4.2021882006922090E-004   6.6130831376632942E-004   4.2021882006922057E-004   1.0741207379160970E-004   1.1367764963563849E-005
   9.0330580819069189E-006   8.5351826358792947E-005   3.3391445204595345E-004   5.2548908492090459E-004   3.3391445204595372E-004   8.5351826358793002E-005   9.0330580819068054E-006
   7.0206950634700711E-006   6.6337351154154486E-005   2.5952579113777392E-004   4.0842188669208538E-004   2.5952579113777344E-004   6.6337351154154567E-005   7.0206950634699847E-006
   5.3329620349429193E-006   5.0390249399170949E-005   1.9713734590577641E-004   3.1023971220480644E-004   1.9713734590577628E-004   5.0390249399171010E-005   5.3329620349428905E-006
   3.9572852995332593E-006   3.7391714375721740E-005   1.4628431926391600E-004   2.3021109927189850E-004   1.4628431926391549E-004   3.7391714375721767E-005   3.9572852995332254E-006
   2.8668028686393359E-006   2.7087931731458741E-005   1.0597373561926643E-004   1.6677337867530921E-004   1.0597373561926621E-004   2.7087931731458788E-005   2.8668028686393291E-006
   2.0289374369357436E-006   1.9171084060342610E-005   7.5001347976155685E-005   1.1803139838463859E-004   7.5001347976155427E-005   1.9171084060342556E-005   2.0289374369357241E-006
   1.4025387240113559E-006   1.3252349375797381E-005   5.1846002234784736E-005   8.1591282150958615E-005   5.1846002234784682E-005   1.3252349375797410E-005   1.4025387240113477E-006
