  0.98903966517976383       0.97958267702413016       0.96167990800194270       0.92920152638978226       0.82873759895878185       0.95947905833233671       0.99999978715286231     
  0.99159364051978449       0.98335569296043146       0.96668724548184037       0.93395531515643704       0.82915712963777777       0.95849875013211394       0.99999973366814421     
  0.99351459219233784       0.98635624038237124       0.97094216771830100       0.93827144146006447       0.82841035615766312       0.95997683666767109       0.99999966135082663     
  0.99497744810922140       0.98877583278940540       0.97498529476543561       0.94217924215505788       0.82640815239477905       0.95925511243652972       0.99999956520401145     
  0.99609092464596383       0.99072394357951987       0.97776871765806084       0.94559484034724550       0.82128379294080900       0.95908161687192439       0.99999944013350728     
  0.99694308688856470       0.99230399068091946       0.98045196263412249       0.94704818076417718       0.81079234667018629       0.95801611943800757       0.99999951093331974     
  0.99758754957420814       0.99358458887654411       0.98275643416954650       0.94904299227180922       0.79174281402972890       0.95691049471878231       0.99999937309398579     
  0.99807954906475105       0.99462530965313278       0.98474537343592239       0.95053178410847949       0.76992842392189487       0.95562181100532273       0.99999920265981057     
  0.99845697705469438       0.99547415750389545       0.98643611626083449       0.94986415816710001       0.74455635482909888       0.95427610883922998       0.99999899683387838     
  0.99874803989047056       0.99616895352420243       0.98772131720906153       0.95014216864179979       0.72384728255335462       0.95280660410515161       0.99999875380403458     
  0.99897423653150630       0.99673062447312422       0.98867329633754386       0.95004933137898051       0.70398125064614203       0.95123132796206811       0.99999892798123780     
  0.99915052040079255       0.99720039821376283       0.98926558979325174       0.94916976905707351       0.68466250250897209       0.94961381234524955       0.99999868865513986     
  0.99928691773856992       0.99758141292098812       0.98900045132279935       0.94761944150783695       0.66588085211212666       0.94845464380222377       0.99999841769358599     
  0.99939825660700721       0.99789951726908899       0.98882933943810758       0.94342343507216164       0.64741042091216938       0.94788742019953554       0.99999811630783353     
  0.99948574645187604       0.99809070533111865       0.98836384738929906       0.94150609153977582       0.62952152347936918       0.94596264149254061       0.99999840257729855     
  0.99955825010489519       0.99822910834381084       0.98498910614060853       0.93574623138629154       0.61203807213023842       0.94459756141521378       0.99999812597413251     
  0.99961543669880626       0.99821629611727780       0.98317982125991565       0.93338370283292083       0.59487946652573842       0.94380985113661098       0.99999782851878871     
  0.99965798425870778       0.99775831042249963       0.98223774538545672       0.92998445543834540       0.57785273166968454       0.94434484974523569       0.99999751320628627     
  0.99968943706290914       0.99738461218815755       0.97925327020860053       0.92640414004770943       0.56089891742040832       0.94500633257108324       0.99999792396387222     
  0.99959004888534564       0.99487807456642230       0.97717714620747453       0.92225855095623743       0.54410147984417057       0.94273302989816676       0.99999765339320601     
  0.99948618535342626       0.99315010095344469       0.97551394545988401       0.91663730874297045       0.53888856810997865       0.94039053419360830       0.99999737542854272     
  0.99885063161908416       0.99223311875031872       0.97430245293872353       0.90184504703334900       0.52272147422979931       0.93818448890506656       0.99999709376316703     
  0.99847898522493395       0.99034282056999989       0.97226491953855188       0.89507434772487415       0.51050626884587180       0.93524163479325906       0.99999762026554462     
  0.99507246391245296       0.98707474321342792       0.96951733416439723       0.86792514930696463       0.49415972807699715       0.93433851380532940       0.99999739745946836     
  0.99420289135479689       0.98598561463772794       0.96750739674722730       0.85978223954845578       0.47829964620113602       0.93124989025898275       0.99999718020369710     
  0.99323229747364250       0.98360513182372267       0.96600548277782528       0.85249560211076036       0.46814234876862487       0.92803366051259373       0.99999774048928425     
  0.98911211593272952       0.97952212235364111       0.96132325781175809       0.84560299516307957       0.45365802078761086       0.92808807465534260       0.99999758425329166     
  0.98724111169131201       0.97791348383736176       0.95824375692689967       0.83286809538791484       0.43987588467603994       0.92625934554649070       0.99999744088658227     
  0.98284532099338229       0.97638651118679454       0.95653927465097643       0.82392772613670207       0.43093224399237523       0.92595088953821902       0.99999731349521370     
  0.98141843170300214       0.97407809897186548       0.95335971240624895       0.81092863584315655       0.41938299926728129       0.92844346054951143       0.99999791991784637     
  0.98005788431294638       0.97033431993653241       0.94979189073937909       0.80509580308216233       0.40968157648136722       0.92796657286392026       0.99999785136482655     
  0.97706880843546351       0.96873370621333355       0.94406274990101213       0.78345081260948957       0.43825048078263756       0.92633831375214137       0.99999780240935698     
  0.97462954815670599       0.96635412471203141       0.93954810562146773       0.77338094464662632       0.43494953565299083       0.92406095464466742       0.99999836555428578     
  0.97272216827804980       0.96159572738846111       0.92848736117438091       0.76904117476425282       0.42816972570589013       0.92255290571182480       0.99999836273883214     
  0.96894786008384137       0.95749521600399046       0.92392142521322607       0.76040159395629769       0.42752100272019666       0.92083260188039906       0.99999837911076916     
  0.96421656445974768       0.95310162628923045       0.90939761093352622       0.75614601055604747       0.43819059395224452       0.92311449184310279       0.99999885982163406     
  0.96115518768946195       0.95037620516266319       0.88295261774805545       0.75239506637390896       0.43588657822769206       0.92237534670936583       0.99999890317274576     
  0.95661150027212216       0.93869977221924117       0.87568008085470683       0.74906838133033071       0.43535869830915641       0.92267480736813612       0.99999927189486393     
  0.94955544669442027       0.93122189020105717       0.86410538996679087       0.74488207598327438       0.43112448900242589       0.92646887046337678       0.99999932573292871     
  0.94587179462950755       0.92227145449232384       0.85225102294405641       0.73485785039636098       0.38996227871150096       0.93080450582915764       0.99999938807208011     
  0.93611800440071480       0.90776651234715633       0.83655646765902825       0.73065282456142666       0.38023344687407962       0.93838237764759935       0.99999963518426627     
  0.90767214317296308       0.88745931837753056       0.82570597057468076       0.71129176406697303       0.37553759349375981       0.93948642976040320       0.99999968567433106     
  0.89411801840311422       0.87184383836654933       0.81580704724256958       0.70533126441352090       0.38309383132356134       0.94079066644568976       0.99999973547695331     
  0.87951195638575186       0.84460480138053218       0.79978447281214982       0.71233085311087485       0.37764755257254073       0.94246697803903112       0.99999986244953754     
  0.84141886245362496       0.80994477504412121       0.81899732362000488       0.69641955832904345       0.38356974581188974       0.94445558984481226       0.99999989210358575     
  0.88846618363130458       0.85861108124582319       0.85398742271499795       0.72855022275230064       0.40449784395694860       0.94578565127919756       0.99999995087598470     
  0.92055417304439247       0.89418120799485912       0.88588474846441900       0.75963608185553966       0.42759302538204913       0.94733302589224089       0.99999996490018339     
  0.94999852408724950       0.92643119446397348       0.91343792698305093       0.79036528626176639       0.45467429831994399       0.94908312162130770       0.99999997610303260     
  0.96587089288410088       0.94966470570840034       0.93590939244565685       0.82061054283486690       0.51666156038965250       0.95101643909895373       0.99999999157554820     
  0.97651199047646164       0.96514594168366841       0.95335840092633328       0.84971879477167411       0.61288227007109353       0.95311050508826078       0.99999999506953563     
  0.98514451883273624       0.97624367169365089       0.96609906100017551       0.87694911984442969       0.64389236907571246       0.96443727772028132       0.99999999867980549     
  0.99115729980195921       0.98449002849474998       0.97602901886884819       0.90165274909428683       0.67518537585984484       0.96608349048772169       0.99999999938628015     
  0.99525702241950154       0.99050146780574055       0.98264249082423560       0.92335032867463107       0.70746598676646122       0.96780251785009719       0.99999999975272491     
  0.99774743875476712       0.99464327171037392       0.98702909469682221       0.94179447082152512       0.74039728498618695       0.96958314257958200       0.99999999996599653     
  0.99905074204865163       0.99726744575852677       0.99174975504197993       0.95699090193982539       0.77353582073434646       0.97141719001812765       0.99999999999088374     
  0.99962973255412779       0.99875456193254375       0.99501692461524094       0.96915049919753848       0.80633406066727709       0.97330095149513385       0.99999999999932576     
  0.99986797917312997       0.99948116568659406       0.99671516049822773       0.97860353512559917       0.83814626498574685       0.97523523587550143       0.99999999999989331     
  0.99995933302598494       0.99980258859231885       0.99831777599412563       0.98572334123199434       0.86825192919146266       0.97722561849466449       0.99999999999998535     
  0.99998954289069575       0.99992909639120042       0.99917247820004995       0.99088312761757402       0.89591410718490283       0.98277305475311083       0.99999999999999889     
  0.99999730297965050       0.99997431109842039       0.99962296684122065       0.99443782859499119       0.92046048937203651       0.98472279047209865       0.99999999999999756     
  0.99999889442699663       0.99998870224558567       0.99982425261986918       0.99673248974858364       0.94137470401920031       0.98675565101106288        1.0000000000000022     
  0.99999931181090673       0.99999337184329595       0.99990698136130085       0.99811233900911922       0.95838329148484358       0.98884424020442818       0.99999999999999900     
  0.99999953808678521       0.99999550521783176       0.99994105330744887       0.99887952737757557       0.97150468673474155       0.99093788445828612        1.0000000000000009     
  0.99999970124173598       0.99999691339488284       0.99995911849003438       0.99929255388359384       0.98105535202265726       0.99296351454055887       0.99999999999999711     
  0.99999982001190746       0.99999795822265958       0.99997176393403442       0.99952621666097285       0.98759157507356066       0.99483477236975915        1.0000000000000016     
  0.99999990213246293       0.99999873276858564       0.99998102418977719       0.99967592693133067       0.99180399570519318       0.99649175463919848       0.99999999999999845     
  0.99999995393266372       0.99999928522149650       0.99998775474261148       0.99978237480898757       0.99443803542978093       0.99774555319117653        1.0000000000000016     
  0.99999998217955066       0.99999964869799018       0.99999262401070843       0.99985983347245055       0.99615272592049653       0.99861874153198127        1.0000000000000000     
  0.99999999468196066       0.99999985771273969       0.99999598129416722       0.99991420661736241       0.99744753601579983       0.99924708805692342       0.99999999999999989     
  0.99999999885835533       0.99999995549965126       0.99999811779874337       0.99995072441127009       0.99887807943561879       0.99959767754347917        1.0000000000000000     
  0.99999999983685206       0.99999999001357287       0.99999929052433689       0.99997410634302208       0.99936951620292247       0.99985826852693105       0.99999999999999944     
  0.99999999998572264       0.99999999851864063       0.99999980102025254       0.99998813746055082       0.99967119198081023       0.99994668324635805        1.0000000000000036     
  0.99999999999929834       0.99999999986690025       0.99999996188448304       0.99999553048868239       0.99984201021151986       0.99997977515623293        1.0000000000000024     
  0.99999999999998257       0.99999999999345945       0.99999999547950291       0.99999868707876849       0.99993316346745909       0.99999817235945210       0.99999999999999956     
  0.99999999999999922       0.99999999999984412       0.99999999970515052       0.99999975475343372       0.99997767868340925       0.99999994082362020       0.99999999999999833     
   1.0000000000000002       0.99999999999999878       0.99999999999088796       0.99999997612879443       0.99999504560800923       0.99999999949014762       0.99999999999999922     
  0.99999999999999933       0.99999999999999989       0.99999999999988864       0.99999999772111736       0.99999945415633185       0.99999999999967859       0.99999999999999989     
  0.99999999999999956        1.0000000000000004       0.99999999999999856       0.99999999991829425       0.99999993785997943       0.99999999999999978        1.0000000000000004     
  0.99999999999999944       0.99999999999999933       0.99999999999999978       0.99999999999970923       0.99999999964001229       0.99999999999999989       0.99999999999999867     
  0.99999999999999911       0.99999999999999933        1.0000000000000004       0.99999999999999989       0.99999999999994615        1.0000000000000004       0.99999999999999745     
   1.0000000000000000        1.0000000000000000       0.99999999999999978        1.0000000000000002       0.99999999999997791       0.99999999999999978        1.0000000000000002     
