   2.3382845311981919        2.2741399844496635        2.1698511434860128        2.0600747678023783        1.8853086238202168        5.0905359748908712        18.964228207119117     
   2.3523787611023819        2.2961590387078377        2.2009748918287295        2.0918591146212284        1.8739870070510825        5.0537792449296273        19.077181532175757     
   2.3606798926036192        2.3117171905477267        2.2255550856360915        2.1176469678866412        1.8462291242949020        4.9326443775982343        18.955867413291642     
   2.3643051288965822        2.3218239994095753        2.2443319400210457        2.1378613578737817        1.8040962442394590        4.7481212134132562        18.725279621872044     
   2.3641362121515876        2.3273544302017113        2.2579512612352075        2.1527327379118950        1.7480603139973478        4.5206662923931242        18.517287368420291     
   2.3608621141993464        2.3290175019924257        2.2669609943501987        2.1624441806957599        1.6793455029847286        4.2870689021380057        18.310394287526133     
   2.3550003806572990        2.3273715595745390        2.2718420547214415        2.1672071102257782        1.6000720429125426        4.0789412798157354        18.080480075162924     
   2.3469335563338705        2.3228538171193729        2.2729905553184238        2.1672329007870945        1.5130603032669243        3.9050222252605185        17.824613047518671     
   2.3369331903865724        2.3157966890337893        2.2707628586318975        2.1627004090824427        1.4202801839259926        3.7525438618590989        17.547312556012688     
   2.3251898556707853        2.3064477865708710        2.2654810658327604        2.1537468441532703        1.3232083814493794        3.6144370099585852        17.253430261300597     
   2.3118345497360235        2.2949993653259346        2.2573941787102414        2.1405150022029455        1.2230647180221348        3.4863085735550037        16.947261402758190     
   2.2969451641519663        2.2816109138020240        2.2466937307244463        2.1232176795058262        1.1211934991500698        3.3652599140037931        16.632335574354347     
   2.2805629824867397        2.2663917026355094        2.2335351084048991        2.1020853267070780        1.0190047908281070        3.2495366860381556        16.311510508140273     
   2.2627143835955104        2.2494165365468795        2.2180482841776286        2.0774025449042837       0.91808166595732288        3.1381252856750947        15.987106402411378     
   2.2433971062376825        2.2307215896966781        2.2003062481020472        2.0494849169304530       0.81992447429534354        3.0304418028678128        15.660972013008823     
   2.2225798149065779        2.2103019393909178        2.1803518798927231        2.0186329651911832       0.72550610321578435        2.9261570148164875        15.334582689349666     
   2.2002074170668688        2.1881422323590529        2.1581942440385236        1.9851267864807378       0.63554945318290212        2.8250767890945627        15.009107368706134     
   2.1762096870158008        2.1641914495608248        2.1338282225304779        1.9492425909586522       0.55049921705724503        2.7271161373373172        14.685467139921194     
   2.1505028479378696        2.1383717725196822        2.1072307449970928        1.9111975456695671       0.47050278429938125        2.6322376220354826        14.364380567372134     
   2.1229872502909943        2.1106035978020881        2.0783664760214533        1.8712290817693915       0.39563471515167037        2.5404397989272578        14.046404112634226     
   2.0935498137237820        2.0807921637125970        2.0471670405510474        1.8295259400461570       0.32589255275751500        2.4517397723166816        13.731956122474593     
   2.0620472971256367        2.0488248364053292        2.0135142940836444        1.7862080825536395       0.26124304247368046        2.3661589031066574        13.421355184372713     
   2.0283269716158276        2.0145737061003941        1.9772766556541626        1.7413353864668475       0.20165469157224661        2.2837370117200515        13.114843924188051     
   1.9922144285356107        1.9778579635074891        1.9383009960635322        1.6949347300041815       0.14703194389387053        2.2045044853304496        12.812600256414250     
   1.9535012229459747        1.9384814717456536        1.8964157028460282        1.6469508745058148        9.7253544664993405E-002   2.1284889491017243        12.514761884654941     
   1.9119493539710508        1.8962216712734123        1.8514075915413195        1.5973112439286361        5.2217632994179836E-002   2.0557143877378339        12.221443616255323     
   1.8673013194152048        1.8508225981535982        1.8030459947983970        1.5459724788618925        1.1837124125646097E-002   1.9861940928243222        11.932736551192818     
   1.8192614665291218        1.8020196204235206        1.7510875503210119        1.4928697483266744       -2.3964473960140398E-002   1.9199340225526120        11.648710995330759     
   1.7675116943106961        1.7495154099628223        1.6952719730783252        1.4379168415352868       -5.5263065066613146E-002   1.8569272235335952        11.369420284025523     
   1.7117102672297091        1.6929822185702625        1.6353151790141951        1.3809583476931540       -8.2140701631655044E-002   1.7971567170670508        11.094917419104220     
   1.6514710874429568        1.6320486137186154        1.5709264984627145        1.3217659944786624      -0.10466730868053467        1.7405975309738770        10.825270033788966     
   1.5863617823218232        1.5662944566325230        1.5018091463511096        1.2601185734540892      -0.12287940072077176        1.6872123390723819        10.560536816976962     
   1.5158868947109603        1.4951975271910785        1.4276063921171915        1.1957137906345290      -0.13690163228044444        1.6369451145099569        10.300786255099274     
   1.4394715887124512        1.4181271316950073        1.3478912827122032        1.1281569550489545      -0.14687246729995806        1.5897271804846052        10.046080673728930     
   1.3564350489160433        1.3343449010518420        1.2622332225256956        1.0570112528256008      -0.15297868355543293        1.5454762353356342        9.7964913726423717     
   1.2659749798534214        1.2430164206769809        1.1702184750883136       0.98176968172440815      -0.15549717860517970        1.5040955257218371        9.5520953017172925     
   1.1670845030578401        1.1431963478411336        1.0712671474781763       0.90190205404807178      -0.15499664146951347        1.4654865026032893        9.3129826678990302     
   1.0586417203288125        1.0337367584127457       0.96469322047562378       0.81668984363536401      -0.15197122696154908        1.4295408573875465        9.0792477735808230     
  0.93944407156344678       0.91367040304349445       0.84954895814945330       0.72514302681686926      -0.14682119945577823        1.3961651066493441        8.8509949450677308     
  0.80794211022534113       0.78187794279994061       0.72466966763173524       0.62610586918365507      -0.14015686153074941        1.3652740182115257        8.6283466439215104     
  0.66219466665415128       0.63688397491690318       0.58877662850955514       0.51834267363768727      -0.13263995874346909        1.3367390308025555        8.4114669500234811     
  0.49983814737966714       0.47657260081404790       0.44014945259148597       0.40029981317662416      -0.12552367338695597        1.3103624600884525        8.2005649789452431     
  0.31823634170892556       0.29959504461162206       0.27539413343777247       0.26974467009389336      -0.12080836797638904        1.2858789692109747        7.9958844079146560     
  0.11494075901295156       0.10297535578305156        9.2517142400402819E-002  0.12414079290287948      -0.12162571755088468        1.2629741642159629        7.7977311034834633     
 -0.11380890640567709      -0.11667360592380212      -0.11148365380228520       -3.9335820358086991E-002 -0.12556305169417142        1.2417899613515315        7.6064743515401121     
  -7.0722971176914992E-002  -7.1185952377680828E-002  -6.4726728120057836E-002   1.5510749698928820E-002  -5.3552180932476979E-003   1.2396040977248106        7.4226239304820991     
  -4.2748244579696490E-002  -4.0827266449374532E-002  -2.9588576437056612E-002   6.0803444422344165E-002  0.11361801249103551        1.2392652613124513        7.2428847638591467     
  -2.3986670624734297E-002  -2.0482599206127803E-002  -4.8643799687896156E-003   9.6733064080979106E-002  0.22955984546788916        1.2406910453414599        7.0670337353853521     
  -1.3213233819807050E-002  -8.3575004726248858E-003   1.0911313779827923E-002  0.12370399142465499       0.34067795610269830        1.2437907516890476        6.8948427985593224     
  -6.5255917037065261E-003  -1.6024420748107374E-003   1.9558072554582247E-002  0.14186563937773333       0.44527910184417940        1.2484873896849396        6.7261521018781734     
  -2.4301369228550704E-003   1.9644201848975922E-003   2.3007822188845818E-002  0.15152581643142746       0.54174127182364107        1.2547326143458661        6.5609424222875967     
  -2.9282511614429929E-004   3.4870242539017148E-003   2.3006040852800766E-002  0.15325885388893590       0.62848513515183035        1.2625192673669088        6.3993287241877255     
   6.4224881662944039E-004   3.7506108673415863E-003   2.0888157688650200E-002  0.14802011110158581       0.70459876053299020        1.2718432008766396        6.2414090528627204     
   8.7779352049527121E-004   3.3332973768169382E-003   1.7642061341327731E-002  0.13715461136346685       0.76908721277576142        1.2827438713440287        6.0872714460751380     
   7.7302969981410353E-004   2.6386576167491088E-003   1.4019038242823001E-002  0.12225162647966162       0.81792184673089874        1.2953182753503825        5.9371030352042329     
   5.6113190221021450E-004   1.9093572546127848E-003   1.0532529910854065E-002  0.10495511801450771       0.84893186022206735        1.3097200000061264        5.7912231152358657     
   3.7004487919690748E-004   1.2747697587680703E-003   7.4982964347559420E-003   8.6796588617963355E-002  0.86100974714523015        1.3262066916111372        5.6499494652768227     
   2.4179547376111570E-004   8.0309943823556366E-004   5.0571873377197058E-003   6.9098199762580137E-002  0.85364150699883867        1.3451529781381513        5.5134903396863768     
   1.7188780541006765E-004   4.9857053655841341E-004   3.2326413525112395E-003   5.2789524050665483E-002  0.82670379437090491        1.3670955309317667        5.3819732729807663     
   1.4070873214037642E-004   3.2888418863320681E-004   1.9677395055647862E-003   3.8397627402491426E-002  0.78089340436797494        1.3927805434539755        5.2554764142957939     
   1.2955768967487426E-004   2.4885648946123813E-004   1.1675251865385396E-003   2.6504769457796618E-002  0.71789720367077725        1.4231733184492719        5.1340177076743219     
   1.2654421252603309E-004   2.1809056130610641E-004   7.1201443784211474E-004   1.7247410175382061E-002  0.64033612824664887        1.4594784684099051        5.0175492874542948     
   1.2606902192967590E-004   2.0918832716214380E-004   4.8531109520330925E-004   1.0569656043739771E-002  0.55120428763551332        1.5030512538950935        4.9059155549530358     
   1.2615328142824919E-004   2.0790172601096467E-004   3.9031670343444674E-004   6.2064568701084991E-003  0.45511275025468617        1.5552121102292478        4.7988661702659767     
   1.2628054083240229E-004   2.0844939800432607E-004   3.5886137650808104E-004   3.5423311733313494E-003  0.35817025744335368        1.6172775586276777        4.6960682589343454     
   1.2636270715275276E-004   2.0908731992033588E-004   3.5182496169109198E-004   2.0724628978673375E-003  0.26698027994566587        1.6892090047101247        4.5971266107232394     
   1.2640326268097932E-004   2.0948413361166333E-004   3.5147220004443840E-004   1.3373854441406357E-003  0.18734440339061492        1.7686973042952558        4.5015752936170506     
   1.2641727189570247E-004   2.0965776636678939E-004   3.5176482829229246E-004   9.9737149680342190E-004  0.12253153309882199        1.8506995595656583        4.4088170119115286     
   1.2641810847193187E-004   2.0968717131581195E-004   3.5145587771755410E-004   8.3955110169366088E-004   7.4419296645755403E-002   1.9254476645917977        4.3180895158282642     
   1.2641482738819535E-004   2.0964755437134159E-004   3.5061585624527366E-004   7.5382271407330322E-004   4.2170410690158776E-002   1.9774000836692751        4.2282891993323526     
   1.2641182420299667E-004   2.0959474781766428E-004   3.4956690078987541E-004   6.9584299186111051E-004   2.3109295426812029E-002   1.9836518021939005        4.1378053558226835     
   1.2641013102806010E-004   2.0955616796209745E-004   3.4860637282171231E-004   6.5263122038047535E-004   1.2819246676935084E-002   1.9126776042478200        4.0443530466390651     
   1.2640937172202357E-004   2.0953589143003645E-004   3.4792085264843758E-004   6.2113759867336881E-004   7.6020489260820575E-003   1.7349901020488250        3.9445981648429722     
   1.2640901097097854E-004   2.0952762837591138E-004   3.4753495422748260E-004   5.9978394167764450E-004   4.8627351886036310E-003   1.4478577081230657        3.8340706368932782     
   1.2640871891987711E-004   2.0952481118318721E-004   3.4736385463375087E-004   5.8677563370070302E-004   3.2421448056045563E-003   1.0909900563293402        3.7068117775050959     
   1.2640832551590682E-004   2.0952364059921759E-004   3.4730478623942984E-004   5.7993214891499233E-004   2.2056620621118792E-003  0.73238644400583108        3.5550974534941697     
   1.2640769739830090E-004   2.0952252035893546E-004   3.4728849749886937E-004   5.7695848328096573E-004   1.5666422734544468E-003  0.43675561713554606        3.3691387846861240     
   1.2640661892690408E-004   2.0952072498747295E-004   3.4728300616397763E-004   5.7593615119355505E-004   1.2160908654634973E-003  0.23582919469835478        3.1386646439524544     
   1.2640459278829484E-004   2.0951736696781648E-004   3.4727715572239456E-004   5.7566616722526257E-004   1.0505290021253974E-003  0.12199884373047720        2.8563333171591423     
   1.2640012437476364E-004   2.0950996327925441E-004   3.4726487296297341E-004   5.7559916905303317E-004   9.8440111019291532E-004   6.4288588573541389E-002   2.5323561292354002     
   1.2638573439426303E-004   2.0948612218543882E-004   3.4722539527834960E-004   5.7552806666689093E-004   9.6204470776980837E-004   3.3135292981013885E-002   2.2220833038319459     
