  0.65324299082510773       0.67218163571209544       0.70174577700209029       0.73988034493156707       0.79593411389885060       0.99967721511505936        1.7241431652252086     
  0.66711068295002240       0.68398215003586271       0.71193608303243117       0.75264558027928807       0.81899287290494827        1.0479555215281993        1.8749924804862461     
  0.68266264679328825       0.69749536197468720       0.72334231607760080       0.76506234541707263       0.84131784535793219        1.0959949602465155        2.0345111465014227     
  0.69938859198991654       0.71221323978680295       0.73582233164277611       0.77769500761714261       0.86346377740565750        1.1429622174618030        2.2033752712985870     
  0.71692663613464835       0.72780822915567145       0.74916088159822791       0.79068884856287280       0.88545286626342579        1.1895828497071304        2.3834466466847402     
  0.73499092894334372       0.74404564498442438       0.76317055045596849       0.80406795240856133       0.90705781659226059        1.2354247922933943        2.5757747147546177     
  0.75334475082716623       0.76074155207961602       0.77768903099191022       0.81778817942685733       0.92806473442209814        1.2816291925344421        2.7811492386853978     
  0.77182117977789300       0.77773417226977937       0.79256173046337719       0.83177646995234322       0.94831828213435276        1.3285293802844012        3.0003742094220907     
  0.79024382942119231       0.79484805210164777       0.80762065699957231       0.84591558812639189       0.96772240351175176        1.3762396523249301        3.2342118758775782     
  0.80840419562709387       0.81189588332550289       0.82273363192344573       0.86007814187737008       0.98615780155634136        1.4248015507387364        3.4834398041618893     
  0.82614145937547045       0.82870061389874927       0.83774523483334795       0.87409721458059608        1.0036392452577276        1.4742357297673674        3.7488904473861013     
  0.84334100114335719       0.84511690963323471       0.85257359312823655       0.88789863074120934        1.0202429123494570        1.5245313128299103        4.0313826052202844     
  0.85991717185895689       0.86102865171039011       0.86716166598613631       0.90138633171583804        1.0359731193114179        1.5757146422689445        4.3318833207714880     
  0.87579675874466556       0.87636297638378902       0.88139153669469494       0.91447372141472183        1.0509572733307859        1.6277686480400395        4.6512932679152135     
  0.89093698709982105       0.89105804448103354       0.89518661693443335       0.92712221028608954        1.0654190998946274        1.6806973969354038        4.9906081545885490     
  0.90531420248262273       0.90506085274196824       0.90847754476170117       0.93929535768671801        1.0793770639360993        1.7345040318878260        5.3508632752504850     
  0.91889405198944518       0.91833620440741781       0.92118420611777019       0.95094273066303581        1.0928547564009736        1.7891732354086032        5.7330743211797532     
  0.93162269255128882       0.93085419254705215       0.93323351971157675       0.96209643798295374        1.1059048259303839        1.8446877122278911        6.1382797991216940     
  0.94348459902339477       0.94254901096891819       0.94459625755287269       0.97261290425837865        1.1185054589623411        1.9010281336727928        6.5675435785290412     
  0.95445181773061372       0.95340000454269247       0.95527215826539724       0.98246191238842473        1.1306405790494554        1.9581549570127101        7.0218685076628020     
  0.96452115647281200       0.96338405109538627       0.96523461553631129       0.99165673450097602        1.1423113773984770        2.0160552658862168        7.5023723778969780     
  0.97367555424707419       0.97246275695320417       0.97443284148590692        1.0001595516836612        1.1535082428010766        2.0746948168437638        8.0101132526594885     
  0.98190808809994967       0.98065720753255936       0.98281184452285075        1.0079462803328585        1.1642089849045412        2.1340371048547460        8.5461496282197782     
  0.98920523280034300       0.98794515724271892       0.99032822825437505        1.0150389509684634        1.1744322918045960        2.1940655052695384        9.1116490353563098     
  0.99556692044407891       0.99431308585641021       0.99697105725418089        1.0214307559162648        1.1841825580312069        2.2547788241797702        9.7078239397667083     
   1.0009680984613214       0.99974945353148159        1.0027197262519691        1.0270831444996593        1.1934492252710716        2.3161515584952821        10.335818637830471     
   1.0054138208123946        1.0042143596579418        1.0075401362091039        1.0319685404887669        1.2022043727352858        2.3781205056739343        10.996609386871329     
   1.0088618586015943        1.0076888100933274        1.0113885107913123        1.0360621591326822        1.2104248222080405        2.4406307758046268        11.691193135429282     
   1.0112800143653828        1.0101581346914532        1.0142254486492712        1.0393837087081825        1.2180952883522118        2.5036497120267582        12.420727328093459     
   1.0126532890121775        1.0116066158211867        1.0160380638897162        1.0419583406100086        1.2252126533180803        2.5671778563314889        13.186412709146953     
   1.0129356749697676        1.0120016205318108        1.0167387692167980        1.0436843830217977        1.2317165034305779        2.6311151623549267        13.988982861503228     
   1.0120767931356227        1.0113460079611756        1.0163422975553971        1.0445408889736958        1.2375745280207566        2.6953976487244682        14.829306048429061     
   1.0100336501380340        1.0095682940804720        1.0148007594566055        1.0444723761607446        1.2427218961408819        2.7598986198160826        15.707856721945994     
   1.0067332599006500        1.0066821190044721        1.0119651689825637        1.0433981030204380        1.2470955269307342        2.8245115458443486        16.625384476993748     
   1.0020895226350119        1.0025997149895851        1.0076261225448013        1.0412362706342619        1.2506559917635416        2.8891033050892601        17.581957120495371     
  0.99603938187332330       0.99719733486224793        1.0017943009630601        1.0377967497541842        1.2533271193811955        2.9535151989739905        18.577554671905148     
  0.98849575544816659       0.99028308686273991       0.99440121519998859        1.0330059353146284        1.2549736146495492        3.0175437714024582        19.611716798019838     
  0.97932633382202905       0.98097990460674900       0.98529300026847533        1.0267802551389162        1.2555118523474005        3.0809674181286644        20.683693075001063     
  0.96829780678667543       0.96876702845152984       0.97406162665408691        1.0187878978414462        1.2547444343950875        3.1435520564142916        21.793261624068155     
  0.95362687363294962       0.95321958436737175       0.96018665090313149        1.0087412222524188        1.2524563260863957        3.2051309127108261        22.939082935160187     
  0.93295232991879173       0.93435528786450706       0.94357989899153327       0.99642556568952378        1.2484957915273174        3.2654352382339034        24.119445569227047     
  0.90784097173431488       0.91109453099255266       0.92432491065795330       0.98188021930563574        1.2426308254130227        3.3241396642491297        25.331896714681587     
  0.87712927010937658       0.88347481802129224       0.90076017417932475       0.96386538863675086        1.2347975869414554        3.3809336210422685        26.573758493819664     
  0.84151483734019894       0.85104930893348096       0.87283249127472362       0.94296838819465068        1.2245217017853436        3.4351816302980671        27.840457737327718     
  0.81063642722304097       0.82399059200189151       0.85097462701848958       0.92293824010993675        1.2117788062538248        3.4863303582281073        29.124637771607187     
  0.76995355609334981       0.78660637614166617       0.81877754206834430       0.89795859896849040        1.1969714233883340        3.5333007530145459        30.418202156531791     
  0.73264691417981376       0.75215348974174900       0.78869608532748925       0.87407363597031573        1.1814320566536149        3.5754773717745554        31.711902545719845     
  0.69904800575926418       0.72053580255824623       0.76066458403223447       0.85104346842474154        1.1651413634186343        3.6124867277451602        32.999481556040038     
  0.66938571949716463       0.69161539427827456       0.73451539186107417       0.82920398708158904        1.1481221829428867        3.6437399467881377        34.276929203689477     
  0.64552297681495030       0.66591835003140798       0.71012946229301666       0.80843537391894027        1.1305908886792928        3.6698953006420072        35.541936950796178     
  0.62700579312338478       0.64460936905310318       0.68752622007542041       0.78866723410545903        1.1126861242976278        3.6910047910703367        36.790784618199417     
  0.61176611763819388       0.62744129716294073       0.66676666246119931       0.76962221938914499        1.0939903428176601        3.7062540344208439        38.011280279847000     
  0.59937778001839970       0.61320172021794916       0.64809229575064309       0.75104551550666898        1.0748119724123686        3.7146325749137588        39.188986657600779     
  0.59056492938533267       0.60148367642150158       0.63177722776839684       0.73284224010780241        1.0564831585916381        3.7155305700119459        40.311879707723328     
  0.58550092289434164       0.59265939720323757       0.61791541332405664       0.71497823997686272        1.0378734222378205        3.7085059224336958        41.368058592757784     
  0.58285123196387845       0.58697195008266789       0.60640401669087896       0.69737958984145820        1.0185027491084178        3.6927353944435612        42.340565501633058     
  0.58147557755712553       0.58370674990791760       0.59725025422808842       0.67998070544780242       0.99816998428137049        3.6670580824464176        43.207167404835161     
  0.58088348464184103       0.58194341475613443       0.59050546871265475       0.66285180011972000       0.97681839989701202        3.6301770523776393        43.942147387879459     
  0.58070478138236459       0.58109385489829890       0.58598356972773014       0.64618657846131355       0.95416990040824123        3.5808311236442298        44.518202936839920     
  0.58066660429852701       0.58077248027509609       0.58324226026909487       0.63030694379868601       0.93016017766879566        3.5177743548255878        44.906076468742249     
  0.58065982109464731       0.58068387672487831       0.58174881188090499       0.61584135394221229       0.90469860844997119        3.4399156540245048        45.076347596162144     
  0.58065888150682698       0.58066543188472297       0.58104748582467480       0.60368417279649234       0.87775248375850667        3.3463129790537574        44.999495874017505     
  0.58065877446823755       0.58066226660507492       0.58078128480430491       0.59435377574675752       0.84854540335806961        3.2364236742818329        44.649476684212388     
  0.58065874249575311       0.58066159104045334       0.58070034796620196       0.58782851468046216       0.81685246994001559        3.1101830647294935        44.005902139290171     
  0.58065872328976031       0.58066129095816532       0.58067895029412775       0.58399063731690326       0.78284069062712014        2.9681322447922009        43.055105689639056     
  0.58065871136436942       0.58066110146784633       0.58067241503050926       0.58205464088633063       0.74693040973335489        2.8112334053675916        41.789463211770617     
  0.58065870434474454       0.58066097930701721       0.58066928967482123       0.58121588872084640       0.70993138274018530        2.6406310908956248        40.206050415299387     
  0.58065870050021129       0.58066090494940026       0.58066730477720230       0.58090316136847076       0.67357511183312635        2.4581793354332726        38.310806835981083     
  0.58065869856621244       0.58066086310885723       0.58066599862453738       0.58078906295098198       0.64065303610876634        2.2662555052670199        36.118208654323858     
  0.58065869768633771       0.58066084166332232       0.58066518967345870       0.58073848712829235       0.61463922330472220        2.0683327857002500        33.655420957354913     
  0.58065869733246278       0.58066083181302686       0.58066473415133613       0.58070962403239845       0.59732953877188399        1.8697557647769683        30.963546351200701     
  0.58065869720976193       0.58066082784761419       0.58066450614474363       0.58069158014765088       0.58806047829582608        1.6734042621557139        28.094238020988723     
  0.58065869717294571       0.58066082649042683       0.58066440644349460       0.58068068800516892       0.58393868186847764        1.4825721855794094        25.111201266812294     
  0.58065869716351526       0.58066082609999614       0.58066436933284271       0.58067470695189738       0.58224704705090369        1.3002262269061908        22.084264485519633     
  0.58065869716157315       0.58066082600556734       0.58066435796682192       0.58067183928613719       0.58147841329061900        1.1281247236793703        19.088461768351021     
  0.58065869716126517       0.58066082598717650       0.58066435517590276       0.58067068769909413       0.58106998815424604       0.96861467484304276        16.197001033836408     
  0.58065869716122920       0.58066082598446900       0.58066435463891164       0.58067031566573957       0.58085106270552123       0.82800797828362827        13.489024233082429     
  0.58065869716122576       0.58066082598418478       0.58066435455919263       0.58067022273449032       0.58074513022021124       0.71684548555843508        11.029141573419917     
  0.58065869716122609       0.58066082598416391       0.58066435455063936       0.58067020562997196       0.58070059758369941       0.64405089103167856        8.8583214395933556     
  0.58065869716122587       0.58066082598416346       0.58066435455002063       0.58067020342398301       0.58068504792713749       0.60691134589106488        7.0083184617881287     
  0.58075172041838741       0.58075384924138018       0.58075737780726444       0.58076322648621792       0.58077385560227368       0.59144175494698437        5.4911818321647559     
