  0.58225503174772097       0.59106166174841590       0.60061735412016493       0.59875611569700515       0.56421914418094177       0.51451078492987634       0.51702366423954405     
  0.57549542686920729       0.58356062001024300       0.59331810749674385       0.59569694643006066       0.57092446254335683       0.53474041653197346       0.55236448720860132     
  0.57011941986935255       0.57737887604100746       0.58687614156140189       0.59215991581948479       0.57643971730785881       0.55343084282157817       0.58670006793770479     
  0.56583642630239195       0.57224256827102860       0.58130268040313704       0.58867327929246460       0.58136354585428718       0.57044389346335722       0.61968253535141027     
  0.56244768676534540       0.56798710957483789       0.57650830914468498       0.58542175652396988       0.58589383991718980       0.58613699021837462       0.65214432107779374     
  0.55980454467203900       0.56450211448296939       0.57241284494355105       0.58248279959089844       0.59005975707271929       0.60010574580152132       0.68426729768750838     
  0.55778944709096068       0.56170118545018632       0.56894596089841043       0.57988129340484285       0.59384098139116714       0.61326229143432043       0.71583676825905451     
  0.55631437077140311       0.55950696793348387       0.56604370230688861       0.57762042890147380       0.59721875912108513       0.62595491687326599       0.74653855317712303     
  0.55528189110580262       0.55783192546778460       0.56363689711531417       0.57567642938431496       0.60020392128738409       0.63835086736546631       0.77600690965896446     
  0.55457748166204268       0.55658221691218890       0.56166294240809833       0.57401454617027026       0.60278230805264554       0.65053208083449576       0.80387903402049943     
  0.55410273329018922       0.55566276264980097       0.56004073751175187       0.57258897942515652       0.60495512074362046       0.66254217464904541       0.82983785313570091     
  0.55378626476415760       0.55499020836108448       0.55874380365544651       0.57138417320728141       0.60678722330216017       0.67439960468805682       0.85363888830079615     
  0.55357865756451363       0.55450145119729966       0.55774528052488537       0.57037638922532763       0.60830853488552983       0.68612325693265819       0.87514005270674911     
  0.55344175789401429       0.55414986036664227       0.55698350368787808       0.56953655972737105       0.60962574261067015       0.69771412739215877       0.89428788555784045     
  0.55335360735979289       0.55390133971788902       0.55641523855320063       0.56884964799638549       0.61089928039457631       0.70917400345014581       0.91112091810078277     
  0.55330258824037915       0.55373054973526659       0.55600393260448255       0.56830342838473247       0.61214786272438304       0.72050182127917806       0.92574831122374912     
  0.55327730952564047       0.55361950530360271       0.55571239267940609       0.56788489117661189       0.61340267231259471       0.73169015252230574       0.93832805194447988     
  0.55326667064485524       0.55355516788881398       0.55550667943984744       0.56759379642333152       0.61470625297636972       0.74273016060256791       0.94904953298904227     
  0.55326696584442536       0.55351970142715612       0.55537850293015967       0.56739927035829296       0.61607221862763961       0.75361304278485719       0.95811595634704538     
  0.55327277188739232       0.55350894235945369       0.55533416439182282       0.56729099458446830       0.61751225604963234       0.76432466206140715       0.96572964236098413     
  0.55328454020962903       0.55351649194164687       0.55536714404838061       0.56727806172520767       0.61904063292567690       0.77485762561582183       0.97208552738337617     
  0.55330012915389504       0.55353023580237071       0.55546045765558072       0.56735706588684442       0.62066810495841451       0.78520091517540425       0.97736234189322246     
  0.55331855860335377       0.55356237686147314       0.55559519846608074       0.56752674126986469       0.62240439906755274       0.79534411344948275       0.98172120497482085     
  0.55333833689769363       0.55360595489860431       0.55575452669417014       0.56779199102358791       0.62426781675775100       0.80528266103733892       0.98530525601765206     
  0.55336178796297963       0.55365967103294211       0.55593713549737367       0.56815406311129824       0.62626994227834487       0.81501190711786331       0.98823935553234232     
  0.55338500796963974       0.55372326565680374       0.55614324079245514       0.56859848648956712       0.62841720782375110       0.82452489643521598       0.99063048147153865     
  0.55340848705158130       0.55378690825130827       0.55636512818383632       0.56911784023782852       0.63070938867971316       0.83381009881294998       0.99256981162449487     
  0.55342404341042484       0.55384623270257793       0.55659174916702725       0.56970697598660947       0.63314830474411210       0.84285876373314617       0.99413534599557707     
  0.55342520023300412       0.55389785438308847       0.55681052015991472       0.57037508473281084       0.63573974478984829       0.85166934123012505       0.99539339426826834     
  0.55340839242237172       0.55393886546946092       0.55701827813913063       0.57113510534091105       0.63848787765765613       0.86023886817420414       0.99639982171120112     
  0.55336276451745570       0.55395854017177615       0.55719251780329360       0.57195688071784945       0.64137366357324266       0.86855559453887754       0.99720069368123465     
  0.55327742991186468       0.55395615987771962       0.55732914786424570       0.57283643721333777       0.64439354141961636       0.87661401041449727       0.99783473840534032     
  0.55313940389735006       0.55390112199086994       0.55740849216121657       0.57375701064182594       0.64753158837213654       0.88440342549061857       0.99833394947815723     
  0.55292896468415809       0.55380775889448819       0.55738599488511154       0.57469393082373699       0.65077796679229227       0.89192400667154914       0.99872493136420959     
  0.55261895486852808       0.55364859646906139       0.55719976731441634       0.57562042541913450       0.65414341842268331       0.89916208631951378       0.99902946056388109     
  0.55218641646859590       0.55337845104974992       0.55684695438213128       0.57648344889328929       0.65761409296881801       0.90610976976200019       0.99926526604465704     
  0.55158908295725217       0.55291665292180225       0.55628526951494794       0.57726318923692777       0.66113783015744154       0.91275676777207160       0.99944675391231963     
  0.55077875479867944       0.55195459795761259       0.55544689066733066       0.57793427589712554       0.66471654471773733       0.91909052824560311       0.99958561152217562     
  0.54967281255958811       0.55029197651502970       0.55422296061674681       0.57839819872206755       0.66829560071818150       0.92510704863650495       0.99969126149515875     
  0.54761786870926721       0.54773236064610997       0.55244777774961862       0.57856230035915746       0.67176773903425957       0.93076949604129733       0.99977122220715431     
  0.54344605575344751       0.54419539066282652       0.55004174719270094       0.57837427468320080       0.67513252135923496       0.93604482195842253       0.99983135295726711     
  0.53765210689877918       0.53940091271735624       0.54704453801031816       0.57787601969931990       0.67832477912403377       0.94090294060296153       0.99987627894743147     
  0.53001715312709119       0.53328919587268131       0.54288929963032562       0.57667710558559615       0.68140746976485123       0.94532111390638340       0.99990964216273115     
  0.52079186941638422       0.52569180712055152       0.53760607408677807       0.57511270261758352       0.68427706237628472       0.94927677783082176       0.99993424396371822     
   1.0000000000000000        1.0000000000000000        1.0000000000000000        1.0000000000000000        1.0000000000000000        1.0000000000000000        1.0000000000000000     
   1.0000000000000000        1.0000000000000000        1.0000000000000000        1.0000000000000000        1.0000000000000000        1.0000000000000000        1.0000000000000000     
   1.0000000000000000        1.0000000000000000        1.0000000000000000        1.0000000000000000        1.0000000000000000        1.0000000000000000        1.0000000000000000     
   1.0000000000000000        1.0000000000000000        1.0000000000000000        1.0000000000000000        1.0000000000000000        1.0000000000000000        1.0000000000000000     
   1.0000000000000000        1.0000000000000000        1.0000000000000000        1.0000000000000000        1.0000000000000000        1.0000000000000000        1.0000000000000000     
   1.0000000000000000        1.0000000000000000        1.0000000000000000        1.0000000000000000        1.0000000000000000        1.0000000000000000        1.0000000000000000     
   1.0000000000000000        1.0000000000000000        1.0000000000000000        1.0000000000000000        1.0000000000000000        1.0000000000000000        1.0000000000000000     
   1.0000000000000000        1.0000000000000000        1.0000000000000000        1.0000000000000000        1.0000000000000000        1.0000000000000000        1.0000000000000000     
   1.0000000000000000        1.0000000000000000        1.0000000000000000        1.0000000000000000        1.0000000000000000        1.0000000000000000        1.0000000000000000     
   1.0000000000000000        1.0000000000000000        1.0000000000000000        1.0000000000000000        1.0000000000000000        1.0000000000000000        1.0000000000000000     
   1.0000000000000000        1.0000000000000000        1.0000000000000000        1.0000000000000000        1.0000000000000000        1.0000000000000000        1.0000000000000000     
   1.0000000000000000        1.0000000000000000        1.0000000000000000        1.0000000000000000        1.0000000000000000        1.0000000000000000        1.0000000000000000     
   1.0000000000000000        1.0000000000000000        1.0000000000000000        1.0000000000000000        1.0000000000000000        1.0000000000000000        1.0000000000000000     
   1.0000000000000000        1.0000000000000000        1.0000000000000000        1.0000000000000000        1.0000000000000000        1.0000000000000000        1.0000000000000000     
   1.0000000000000000        1.0000000000000000        1.0000000000000000        1.0000000000000000        1.0000000000000000        1.0000000000000000        1.0000000000000000     
   1.0000000000000000        1.0000000000000000        1.0000000000000000        1.0000000000000000        1.0000000000000000        1.0000000000000000        1.0000000000000000     
   1.0000000000000000        1.0000000000000000        1.0000000000000000        1.0000000000000000        1.0000000000000000        1.0000000000000000        1.0000000000000000     
   1.0000000000000000        1.0000000000000000        1.0000000000000000        1.0000000000000000        1.0000000000000000        1.0000000000000000        1.0000000000000000     
   1.0000000000000000        1.0000000000000000        1.0000000000000000        1.0000000000000000        1.0000000000000000        1.0000000000000000        1.0000000000000000     
   1.0000000000000000        1.0000000000000000        1.0000000000000000        1.0000000000000000        1.0000000000000000        1.0000000000000000        1.0000000000000000     
   1.0000000000000000        1.0000000000000000        1.0000000000000000        1.0000000000000000        1.0000000000000000        1.0000000000000000        1.0000000000000000     
   1.0000000000000000        1.0000000000000000        1.0000000000000000        1.0000000000000000        1.0000000000000000        1.0000000000000000        1.0000000000000000     
   1.0000000000000000        1.0000000000000000        1.0000000000000000        1.0000000000000000        1.0000000000000000        1.0000000000000000        1.0000000000000000     
   1.0000000000000000        1.0000000000000000        1.0000000000000000        1.0000000000000000        1.0000000000000000        1.0000000000000000        1.0000000000000000     
   1.0000000000000000        1.0000000000000000        1.0000000000000000        1.0000000000000000        1.0000000000000000        1.0000000000000000        1.0000000000000000     
   1.0000000000000000        1.0000000000000000        1.0000000000000000        1.0000000000000000        1.0000000000000000        1.0000000000000000        1.0000000000000000     
   1.0000000000000000        1.0000000000000000        1.0000000000000000        1.0000000000000000        1.0000000000000000        1.0000000000000000        1.0000000000000000     
   1.0000000000000000        1.0000000000000000        1.0000000000000000        1.0000000000000000        1.0000000000000000        1.0000000000000000        1.0000000000000000     
   1.0000000000000000        1.0000000000000000        1.0000000000000000        1.0000000000000000        1.0000000000000000        1.0000000000000000        1.0000000000000000     
   1.0000000000000000        1.0000000000000000        1.0000000000000000        1.0000000000000000        1.0000000000000000        1.0000000000000000        1.0000000000000000     
   1.0000000000000000        1.0000000000000000        1.0000000000000000        1.0000000000000000        1.0000000000000000        1.0000000000000000        1.0000000000000000     
   1.0000000000000000        1.0000000000000000        1.0000000000000000        1.0000000000000000        1.0000000000000000        1.0000000000000000        1.0000000000000000     
   1.0000000000000000        1.0000000000000000        1.0000000000000000        1.0000000000000000        1.0000000000000000        1.0000000000000000        1.0000000000000000     
   1.0000000000000000        1.0000000000000000        1.0000000000000000        1.0000000000000000        1.0000000000000000        1.0000000000000000        1.0000000000000000     
   1.0000000000000000        1.0000000000000000        1.0000000000000000        1.0000000000000000        1.0000000000000000        1.0000000000000000        1.0000000000000000     
   1.0000000000000000        1.0000000000000000        1.0000000000000000        1.0000000000000000        1.0000000000000000        1.0000000000000000        1.0000000000000000     
   1.0000000000000000        1.0000000000000000        1.0000000000000000        1.0000000000000000        1.0000000000000000        1.0000000000000000        1.0000000000000000     
