   3.4194538139900832     
   3.4133021183216954     
   3.3994430699127482     
   3.3784438421403289     
   3.3515532943520689     
   3.3203032349153681     
   3.2854249966171070     
   3.2472454287948418     
   3.2059980708027238     
   3.1618103778196396     
   3.1147612028221672     
   3.0651622493689330     
   3.0129614872862285     
   2.9585041904175022     
   2.9017434498786683     
   2.8429179650545309     
   2.7821278320860627     
   2.7194864328571255     
   2.6551281383560981     
   2.5891142986690747     
   2.5215836960035478     
   2.4525811587189383     
   2.3821954239660337     
   2.3104534606760470     
   2.2374364967449196     
   2.1631880767280505     
   2.0876490612544907     
   2.0107865382457577     
   1.9327436774906142     
   1.8532949185978853     
   1.7722392374067746     
   1.6893621748763523     
   1.6043022859872955     
   1.5166662542858660     
   1.4258922150626046     
   1.3312724722002702     
   1.2319080319017268     
   1.1264889441350190     
   1.0134337484601768     
  0.89054312258111423     
  0.75493181407100374     
  0.60269618847711337     
  0.42828147650298665     
  0.22288100935659294     
  -2.6040088965504627E-002
   7.2025806358017681E-003
   3.8659958877988801E-002
   6.8426663635014207E-002
   9.6603417430574101E-002
  0.12316934308700041     
  0.14801360622553120     
  0.17106305966899787     
  0.19222733331126268     
  0.21143392488209228     
  0.22861126983123528     
  0.24369663517275994     
  0.25666544411052239     
  0.26751067131599304     
  0.27626402509378356     
  0.28295317910995937     
  0.28763488298104462     
  0.29016926811252786     
  0.29045605980632250     
  0.28848686447890792     
  0.28433290309115017     
  0.27810670679756072     
  0.26993017691672194     
  0.26006393162770036     
  0.24874184490552723     
  0.23621338456153568     
  0.22257186986906125     
  0.20804600075595447     
  0.19289805604164997     
  0.17741788567999775     
  0.16190589814979303     
  0.14662771200259678     
  0.13180512465414121     
  0.11744939931354624     
  0.10322158705976625     
   8.8300216482951874E-002
   7.1104931728054294E-002
