   3.4215507019874400        3.2248389777317121        2.9224633803487503        2.6061165301032583        3.4040284666778087        8.8012535899374971        20.661482900036372     
   3.4338387790595313        3.2387542517282495        2.9331446752183372        2.6026449401352245        3.3752980332299654        8.7768831028835361        20.675912143652365     
   3.4396312988018924        3.2460716857680647        2.9375508425966097        2.5924749833182279        3.3385722521809744        8.7362135111885859        20.651126478846582     
   3.4389597521347119        3.2466903621994012        2.9353633621610364        2.5755864516000710        3.2945146562102408        8.6854165452855359        20.604933658046818     
   3.4319188751423200        3.2406904463467265        2.9266491890020903        2.5525286320877032        3.2446727314342687        8.6328810472411117        20.556662969215633     
   3.4187770601381002        3.2283129108948807        2.9119198463591798        2.5239140975569505        3.1922550374581133        8.5848892247499009        20.505629605229409     
   3.3999782060827122        3.2100403099024244        2.8916760929088849        2.4902797880671406        3.1396684841293911        8.5387997320532385        20.444963739638560     
   3.3759086920354742        3.1863506117559988        2.8662562963474758        2.4520214804075469        3.0878354723996884        8.4922813409770015        20.372169887096902     
   3.3468798876128911        3.1575746317058582        2.8360360477617950        2.4096896785545074        3.0367478338652369        8.4439430456041116        20.287079433370874     
   3.3130105525050402        3.1240899680906291        2.8012713258261788        2.3637271314543677        2.9860336112735095        8.3932406726469271        20.189179389387849     
   3.2747282030861342        3.0861944291340309        2.7621633981747187        2.3146790524717451        2.9352381818537250        8.3385896058388873        20.079914076615704     
   3.2322449898856740        3.0441139847801097        2.7188903117680283        2.2630783427889298        2.8839933179586339        8.2821540100945210        19.960208237691941     
   3.1857358882136357        2.9980666127413937        2.6715687632102636        2.2093401102486463        2.8320485325656994        8.2209156912568560        19.829182067967036     
   3.1353043054391687        2.9481714070518823        2.6203720468423883        2.1537787948339160        2.7792714360000006        8.1581785706317369        19.687412406220947     
   3.0811460908513917        2.8946285134767860        2.5654931872781819        2.0965616476138900        2.7255451790469607        8.0916295084525114        19.534945959426135     
   3.0233193342502793        2.8376467628828497        2.5070706045720561        2.0380084723888667        2.6708258059811341        8.0224540587513147        19.372974910798117     
   2.9620309025553198        2.7773797256589825        2.4453268248043147        1.9783125510303790        2.6151051857060676        7.9501270415758958        19.200949442961864     
   2.8974465107403482        2.7139375884163393        2.3804641529306538        1.9176110800579611        2.5583854423973205        7.8745046192656689        19.020831445695386     
   2.8296611125411175        2.6474056598621800        2.3127732771001872        1.8559796150536028        2.5006750013766776        7.7961753221749808        18.831265833779284     
   2.7588625008674392        2.5778780014094336        2.2425890634897239        1.7934791114363287        2.4419974857027373        7.7140451067186424        18.634102370521418     
   2.6851471661287096        2.5054280054154643        2.1701907176339841        1.7301644839741372        2.3823691470914450        7.6289192801681445        18.428059586394365     
   2.6085915496071244        2.4301269084390058        2.0958147321145963        1.6660825954091378        2.3217935508338883        7.5401510719400457        18.213757919764504     
   2.5292579236707367        2.3519797576445027        2.0196266464482671        1.6012724750291782        2.2602844523465988        7.4482449411410787        17.990999662941050     
   2.4471875310446634        2.2710596287195637        1.9417411796098643        1.5357647624790787        2.1978517899393180        7.3527649405646329        17.760908129941562     
   2.3624032962647625        2.1875109373130663        1.8624423096631562        1.4695666609723721        2.1344835200109018        7.2538783418844881        17.522472130830153     
   2.2749107642342450        2.1014608625969591        1.7819253501113399        1.4026722605427091        2.0701522818313314        7.1515680376478850        17.275443826145775     
   2.1846940354717947        2.0130329911334326        1.7002461885763582        1.3350362148962001        2.0048134581573342        7.0453560128002177        17.016360886747879     
   2.0916760609617255        1.9223450757620615        1.6173960334916306        1.2666145266858693        1.9383827458417424        6.9362954180002694        16.735201861651461     
   1.9957722505679978        1.8294518896935805        1.5333349373949698        1.1973155267877122        1.8707449696644207        6.8236298988634712        16.471652910386076     
   1.8968920718417452        1.7343613969337623        1.4479964959695721        1.1269964713097806        1.8017610332450673        6.7080370363711728        16.200715967492343     
   1.7949176870492900        1.6370044647063586        1.3612094513638811        1.0554220799589560        1.7312183763901008        6.5888567853359881        15.926516733490946     
   1.6896792830246006        1.5372206726685744        1.2726778552619935       0.98229626074703347        1.6588687531639215        6.4669650420688258        15.646993112685859     
   1.5809060596570630        1.4347264457705757        1.1819815553301201       0.90722772528722717        1.5843745517321319        6.3418816469971011        15.365104207599060     
   1.4682276810698816        1.3290204419353444        1.0887165215729817       0.82972267432988389        1.5073238054450735        6.2140585778623505        15.080398336687887     
   1.3511533884480484        1.2193269371993805       0.99226374479767065       0.74913079182224873        1.4272038731660039        6.0836255500679268        14.793166997468722     
   1.2290169205930110        1.1050052027163710       0.89183305578236483       0.66466678177196348        1.3433460569175517        5.9502697411734617        14.504418585302172     
   1.1009368044056238       0.98514931147503848       0.78636918240581677       0.57523549338576740        1.2548512705994155        5.8147035539413814        14.215267890670953     
  0.96560293121870655       0.85846400017783064       0.67409968296218181       0.47952646419058553        1.1606317727453594        5.6763534788440335        13.926219923192699     
  0.82115517208228794       0.72320727331827328       0.55316730036614881       0.37565145863692706        1.0593005495236232        5.5357020251902593        13.638840166324936     
  0.66567179834897117       0.57665537013034684       0.42133838755472097       0.26091193329844836       0.94904654651932596        5.3923320134173878        13.354725759395757     
  0.49648198729503906       0.41569293818036934       0.27513001164019096       0.13186521672590337       0.82760786363329819        5.2464582157516579        13.075137901637797     
  0.30991402456017070       0.23630557898992588       0.10917964436869805       -1.5711011869601218E-002  0.69204567883543133        5.0974414477620513        12.802945780846972     
   9.9858178544840512E-002   3.2474516551240604E-002  -8.3265260802175681E-002 -0.18816655774283553       0.53776595672501826        4.9451926054759232        12.540902692086931     
 -0.14386477599305955      -0.20618665899484223      -0.31244651734666634      -0.39612238754827328       0.35826391949140712        4.7890720526656887        12.292837292169034     
 -0.43811820032980103      -0.49539542266196596      -0.59233175427612317      -0.65388435822874125       0.14238012155826904        4.6295387923640821        12.062982092143049     
 -0.38464934478365470      -0.44125036370896209      -0.53788151373940418      -0.60368288754101318       0.15598434183684171        4.5546089242865628        11.856034231121214     
 -0.33503733526473789      -0.39054026522319968      -0.48615546980576596      -0.55506939119519239       0.16883291950947571        4.4782066453654874        11.647170592863212     
 -0.28929250843371318      -0.34314078198734710      -0.43704838869116347      -0.50809848372024968       0.18128198492769898        4.4002805685843542        11.436311431128171     
 -0.24742740277416722      -0.29902502398894465      -0.39039865970791038      -0.46278706341377440       0.19363355247678107        4.3207597034394629        11.223141619414799     
 -0.20945391881541309      -0.25823119156398855      -0.34623084013261995      -0.41917878231885120       0.20591924015777627        4.2395914219632811        11.007615410462002     
 -0.17534788965068471      -0.22079301936701271      -0.30463108453754595      -0.37732563006766229       0.21786048663621518        4.1567603746788206        10.789720867840730     
 -0.14506324710552904      -0.18673806607020144      -0.26560323508369815      -0.33729267911321115       0.22926046755236029        4.0722604387346077        10.569741742640620     
 -0.11851270337001911      -0.15607673019148860      -0.22925326856455464      -0.29917230855294741       0.24000296991555806        3.9860555167308043        10.347790644087267     
  -9.5547960721279246E-002 -0.12878261635196969      -0.19564911605950566      -0.26306991867296076       0.25002764676978045        3.8980597011413480        10.124061966833832     
  -7.5974120190801020E-002 -0.10480391306671007      -0.16488595469820758      -0.22910366650136749       0.25930038491392499        3.8082622602915235        9.8986760332765211     
  -5.9535937068510424E-002  -8.4034995533584594E-002 -0.13701489907085365      -0.19734848467161287       0.26772341340447381        3.7165237668268061        9.6719614463961570     
  -4.5935523381807057E-002  -6.6318803423391692E-002 -0.11207608065519563      -0.16780635418409573       0.27516667371882025        3.6228969403317182        9.4442842691099269     
  -3.4848264923406078E-002  -5.1449673920875898E-002  -9.0086075871841059E-002 -0.14043717291894525       0.28147773972577583        3.5274051530544344        9.2159952937701028     
  -2.5943228448367578E-002  -3.9176819737017671E-002  -7.1004645387627741E-002 -0.11515126519709434       0.28652253465309324        3.4300558318313823        8.9874272271631135     
  -1.8901235354197115E-002  -2.9225415689568209E-002  -5.4755371906584811E-002  -9.1928477840354794E-002  0.29022733399297196        3.3308349613931449        8.7587587726444571     
  -1.3423377149050848E-002  -2.1303046872515243E-002  -4.1203819017915193E-002  -7.0802551900710067E-002  0.29262732427628002        3.2298358553596165        8.5304218173121473     
  -9.2459683488839480E-003  -1.5119247848341254E-002  -3.0160816426398115E-002  -5.2160912433253208E-002  0.29349056926404066        3.1270353228611927        8.3023458283925606     
  -6.1382027691458561E-003  -1.0394401545153569E-002  -2.1388540418693605E-002  -3.6176136752962704E-002  0.29237870873271887        3.0223615596081337        8.0744465614825813     
  -3.8908651107093504E-003  -6.8729770910228739E-003  -1.4613183189992088E-002  -2.2918304745507261E-002  0.28904751668550888        2.9157371286407514        7.8465310872514529     
  -2.3249087180119798E-003  -4.3287394120391136E-003  -9.5431819644675678E-003  -1.2286563623367630E-002  0.28329910629115301        2.8071160817283256        7.6182840836047871     
  -1.2857338809032096E-003  -2.5517076228650350E-003  -5.8817093441896175E-003  -4.1295064777849876E-003  0.27503033428337953        2.6964622136171963        7.3891589744824078     
  -6.3066645641659386E-004  -1.3712630362147204E-003  -3.3519682310778690E-003   1.6317881848973569E-003  0.26430234823281690        2.5837888771802731        7.1588424922488834     
  -2.4560434649339443E-004  -6.2898485576519381E-004  -1.6816147985455228E-003   5.2754330506593530E-003  0.25144623493903068        2.4691588606993560        6.9265205734264610     
  -3.6708579181956316E-005  -1.9507789880805434E-004  -6.5795661061044774E-004   7.1265342072539392E-003  0.23666821567940000        2.3526815589069128        6.6912245942404889     
   6.7267819529148542E-005   3.5993007317145715E-005  -7.7096017384023849E-005   7.5855818452325490E-003  0.22012635974069222        2.2345525488698876        6.4515290280799595     
   1.1343632439807987E-004   1.4869425139965207E-004   2.0700695427013736E-004   7.0697089221493830E-003  0.20134715249913232        2.1151027285790067        6.2055792935495324     
   1.3180522299290344E-004   1.9637293878037909E-004   3.2348494704415005E-004   6.0024388618146601E-003  0.18044105173999209        1.9947081663316424        5.9507850466421104     
   1.3828710277252748E-004   2.1471482876198313E-004   3.5460338262146429E-004   4.7152115484491277E-003  0.15790380519015004        1.8736315807197121        5.6837924137115960     
   1.4063535121330631E-004   2.2207146869154297E-004   3.5483181088973872E-004   3.4963760640050650E-003  0.13442406364428611        1.7523298829805805        5.4002064901592126     
   1.4176075992151972E-004   2.2642746717522019E-004   3.5140057939933220E-004   2.4905590969767927E-003  0.11101068408186725        1.6313276766856766        5.0942421848126589     
   1.4250101088210344E-004   2.3007662872814814E-004   3.5536081576275405E-004   1.7705423551014070E-003   8.8756415880969095E-002   1.5109586985270147        4.7583271818028461     
   1.4302711838155488E-004   2.3316064609110054E-004   3.6582580351316233E-004   1.3191798598831486E-003   6.8902880909882919E-002   1.3911317955480464        4.3823896486274529     
   1.4338048293369930E-004   2.3553597935236924E-004   3.7905796039036779E-004   1.0861470390729129E-003   5.2448589084751016E-002   1.2698234004339215        3.9534295517035232     
   1.4360237253975691E-004   2.3723096564744973E-004   3.9196705934034721E-004   1.0065757495360292E-003   3.9680562554754308E-002   1.1426328287937180        3.4544454541575775     
   1.4372187592575335E-004   2.3826987039825609E-004   4.0147871872485554E-004   1.0022554897068854E-003   2.9839274418079251E-002   1.0019879760007986        2.8640367851906099     
   1.4375487701325749E-004   2.3870468836923025E-004   4.0609768811418430E-004   1.0006441339621996E-003   2.1726188963387412E-002  0.83029237291758218        2.1552496046313458     
