  0.60729592403736321       0.61647470878109556       0.63020704207413758       0.65815821949416276       0.75092671363549834        1.0628247724324547        2.0990073530289859     
  0.62363767363301770       0.63269379594474440       0.64662589964839257       0.67575267872070377       0.77186619778002075        1.1010124727125505        2.2166334989474872     
  0.64009130160142302       0.64879128858575463       0.66273635040413392       0.69288655480421391       0.79277848462290434        1.1390476538047054        2.3383462945851523     
  0.65659258161456424       0.66484428996659362       0.67866074989252456       0.70972581909408883       0.81278224127972487        1.1770234715869041        2.4650634196029748     
  0.67305027532255612       0.68081636937911560       0.69436337237789370       0.72620909750179674       0.83219712440155713        1.2150191182033734        2.5975038337864431     
  0.68938077095517358       0.69663059244569614       0.70983095713582678       0.74239877925766862       0.85156484433977264        1.2531674385610998        2.7349623009188391     
  0.70551020294006739       0.71220543884203813       0.72505269203532563       0.75825855614485360       0.87062776613765813        1.2915129867407678        2.8779500370595001     
  0.72136721984689611       0.72750693900171726       0.73998226804332157       0.77377335672765568       0.88943153556877741        1.3303279660657910        3.0268537745345938     
  0.73694488393641966       0.74246985005091970       0.75461157530050482       0.78895329099753597       0.90799730504796217        1.3688180659554663        3.1817340427473222     
  0.75204957312199860       0.75706609202746378       0.76890721751552293       0.80371601301254192       0.92632664195162939        1.4081984321553305        3.3434555932414223     
  0.76673539404518909       0.77127256679157363       0.78285425790953944       0.81806894977156330       0.94441659747375628        1.4473092133574976        3.5122960871975177     
  0.78094787671452692       0.78505957260206705       0.79643984306016402       0.83204027759559052       0.96225781766105400        1.4871839475651099        3.6874159540308749     
  0.79466489546313868       0.79841108401807070       0.80963298128287675       0.84563987953123132       0.97985312125514878        1.5268083531133851        3.8691595508275811     
  0.80784393297095680       0.81128027627772303       0.82239693959316984       0.85888709773829985       0.99716500464201274        1.5671682890474632        4.0580945098057075     
  0.82048596545581554       0.82363400781405849       0.83470889827900330       0.87170216680792756        1.0141953445866820        1.6071823539206171        4.2560923873236680     
  0.83252183233652366       0.83547334144745877       0.84656792357029376       0.88412033796165312        1.0309330542959092        1.6504128990748925        4.4615752566593763     
  0.84395462232510210       0.84678559328718461       0.85797430109887152       0.89612978699891765        1.0473610178456458        1.6880032388448636        4.6766967869742295     
  0.85477549573375255       0.85756926937432065       0.86885077938935906       0.90773829897305780        1.0634636968760065        1.7326465578340133        4.8994563675101528     
  0.86496081014886839       0.86779197809886977       0.87919256256930012       0.91893896928593855        1.0792264075109286        1.7692229409752314        5.1330632531021250     
  0.87451970871131390       0.87745275496769959       0.88900823424421083       0.92971880090609171        1.0946311444810553        1.8122468442186122        5.3768273933014790     
  0.88344786786787488       0.88654672625633479       0.89829938043869517       0.94007140510601217        1.1096644153293864        1.8512292524062051        5.6249645865279136     
  0.89174983675915809       0.89506587846326480       0.90706237941720036       0.94998563384176360        1.1243113341953508        1.8940628850769814        5.8845996364402673     
  0.89941117852927943       0.90300291693021506       0.91529935583091193       0.95945074471090941        1.1385550668067685        1.9336902547148735        6.1569547539343459     
  0.90644863736888803       0.91032246613309542       0.92295438833638510       0.96846070768431380        1.1523885715770052        1.9764515635038791        6.4394367203592342     
  0.91286418531231683       0.91703681492306066       0.93004781404508419       0.97700808195471023        1.1657941036383510        2.0164808768997857        6.7337679162584134     
  0.91866649327210104       0.92314261969448952       0.93660444699590029       0.98509069934527116        1.1787798755403187        2.0591918648620573        7.0397626065581047     
  0.92385475207188850       0.92863578533066260       0.94261296027603536       0.99267152715915430        1.1912999811961897        2.0995037939797556        7.3569573804900186     
  0.92842412733561996       0.93350787700767091       0.94806372012829687       0.99974690278300349        1.2033471014595174        2.1421991899319388        7.6857239774779567     
  0.93237417911947018       0.93777172051193869       0.95295504679261389        1.0063085822211304        1.2149720252119378        2.1826337841497940        8.0265440464322992     
  0.93570133281751400       0.94143050779838611       0.95729625964547616        1.0123543096873626        1.2260618782685038        2.2253750418221943        8.3805925785187121     
  0.93839961699031449       0.94448037468429824       0.96108656467367737        1.0178611846693886        1.2366931734559248        2.2659827413945770        8.7465004753457549     
  0.94047654448914675       0.94691856126119434       0.96431677862886311        1.0228096404057598        1.2468031471675849        2.3084953288385015        9.1244584067785013     
  0.94192231653344316       0.94875189341719579       0.96695594678148111        1.0271773293249948        1.2562888761564215        2.3487924999583272        9.5157470944933333     
  0.94271935467546686       0.94999403028731233       0.96898527822758573        1.0309474974268047        1.2652002240731410        2.3918139257317610        9.9167315801386522     
  0.94285007361735929       0.95056699635239938       0.97038244010911734        1.0340663196471414        1.2735264450755972        2.4295878278147858        10.331703698415541     
  0.94228768046153855       0.95045535476682075       0.97110753519871218        1.0365064087426488        1.2812990658615815        2.4726156394607361        10.757857789427792     
  0.94099087280485616       0.94962694988738716       0.97114388642306260        1.0381982299473649        1.2883739934062435        2.5095633246245366        11.194218877008069     
  0.93890865903460252       0.94804966033807292       0.97040962344689119        1.0390724061356924        1.2948682646826593        2.5514794529994234        11.643500443244209     
  0.93595591326554972       0.94559086991378305       0.96875783175733610        1.0390403474126735        1.3004460800433284        2.5876188654082188        12.102579636997028     
  0.93203562634616755       0.94213969131789510       0.96607403792715629        1.0380044722814008        1.3051485402344645        2.6284971808095707        12.566839300741965     
  0.92691090946039278       0.93751341673306587       0.96223783107704630        1.0358972815141620        1.3090022643851109        2.6629476016017151        13.042722389262378     
  0.92039537861268561       0.93141716333067304       0.95705692304780365        1.0325402645531010        1.3119193274431824        2.7046179217463688        13.528688294526283     
  0.91196712301972516       0.92357055838294178       0.95023319926118721        1.0277644701372710        1.3137347039351643        2.7392931565313954        14.023366585637305     
  0.90103162885273136       0.91347712874585696       0.94154629514920085        1.0214027314999594        1.3144767399688007        2.7852648495686343        14.522558556959684     
  0.65469531063550401       0.66707951434696700       0.69475707316914259       0.77564443147128459        1.0994140656770350        2.7093126271993380        15.016060059556281     
  0.64101119443814936       0.65466795815434042       0.68443484969818935       0.76885379749946459        1.0998867964525920        2.7485540355943079        15.502911065418541     
  0.62765488576179196       0.64246467285489683       0.67409393032441123       0.76169757044367892        1.0996580908236977        2.7865251596116729        15.993408264955848     
  0.61474745560771671       0.63053145571413194       0.66374260848618361       0.75423185199930398        1.0987223636867185        2.8229664836952870        16.485180420027184     
  0.60239219126803190       0.61892286317722434       0.65348066033989249       0.74650554338247943        1.0971042237551183        2.8578904567330441        16.976962921545553     
  0.59082211326427581       0.60773103057788258       0.64337734653686796       0.73857999078671333        1.0948552742272080        2.8913423399079088        17.471401531496692     
  0.58019574987920597       0.59707806269034169       0.63345031400690766       0.73049552584182298        1.0919997005487041        2.9233121452591595        17.966477303461026     
  0.57054975946520403       0.58703564963402588       0.62371849100561605       0.72222495162638456        1.0884527581951688        2.9534899424332166        18.461617113327655     
  0.56177725008129686       0.57764816437357425       0.61416185516323007       0.71372856363756154        1.0841104816995817        2.9815078324586515        18.951776486829662     
  0.55376752387427519       0.56893122270817975       0.60480699842190566       0.70499648199888465        1.0789173481496288        3.0070867703395625        19.431298405658314     
  0.54645783983424723       0.56085986359207518       0.59568911614695108       0.69602671453602882        1.0728514154215172        3.0300110454108680        19.904577441312906     
  0.53982831154402622       0.55339188179831322       0.58682723476879484       0.68678685385626559        1.0658269217590206        3.0498725350034834        20.366750224736084     
  0.53388927039337852       0.54649456683122000       0.57825526964841834       0.67723535761416842        1.0577205471142366        3.0661538244772051        20.812293716122717     
  0.52866411811353953       0.54015988808019877       0.57001349253990985       0.66731047821089495        1.0483836302821614        3.0782671181263299        21.236644191801698     
  0.52417950812043501       0.53440524121881827       0.56214921467950085       0.65702491379432759        1.0376438478487033        3.0855273056457890        21.632747585923170     
  0.52044076765051817       0.52926360183092169       0.55466912152937009       0.64631631073822138        1.0253372023297040        3.0873088263004669        21.995005327049562     
  0.51741526479740585       0.52477699958266744       0.54760441982213959       0.63522360826077706        1.0113953036298962        3.0828466285800831        22.316355698183283     
  0.51503125993402088       0.52096682581578169       0.54100306076378324       0.62372203402026027       0.99568064890366692        3.0714148987483560        22.588086769090545     
  0.51320088771859440       0.51782825491517726       0.53493688321317312       0.61186183365718227       0.97801295323250803        3.0522241062310846        22.804259459274675     
  0.51183025148058103       0.51532586466209884       0.52948685367715975       0.59979894903115472       0.95829325948493749        3.0246603587863379        22.958329427020388     
  0.51083363786589397       0.51339115421597992       0.52472636254870741       0.58775065212192357       0.93645670708630591        2.9881961098183738        23.040400177865944     
  0.51013498914993372       0.51194357132250157       0.52070936691687353       0.57594199796051382       0.91249273000832998        2.9422667007465857        23.040595816175554     
  0.50966969926375771       0.51089758223503134       0.51744009342642094       0.56469320864936490       0.88637948895501484        2.8863634361917874        22.955162862781624     
  0.50937904650999832       0.51017255546124085       0.51488154136331132       0.55421564235340681       0.85821160243369987        2.8199752600046626        22.772899071498657     
  0.50921144232912341       0.50969673498064372       0.51296100388128940       0.54469111080883248       0.82805043495692632        2.7427962011034173        22.488400046198311     
  0.50912301486796518       0.50940343861613102       0.51157994569201060       0.53630193688220096       0.79615404192879580        2.6545815672225190        22.095498031386615     
  0.50908075439390599       0.50923629391139413       0.51063368392929631       0.52919283864947553       0.76274795575239407        2.5553388543488667        21.591296844367069     
  0.50906230516325623       0.50914793490140553       0.51001781589847506       0.52342806464336644       0.72836768597367096        2.4454271444109694        20.974003650419355     
  0.50905469235183154       0.50910412794598603       0.50963892651705456       0.51898665628725671       0.69384980512159600        2.3253290971706693        20.243032046321304     
  0.50905142172516804       0.50908265796257912       0.50941631474667215       0.51573725130403547       0.66026110091397983        2.1960446436357475        19.401517537035691     
  0.50904974961402971       0.50907132904822150       0.50928826207360767       0.51347714595794058       0.62874539707032773        2.0587846981945463        18.457012253973812     
  0.50904869028396471       0.50906440777857920       0.50921242253769994       0.51197494192896675       0.60036597234366074        1.9150944201173923        17.420296531041394     
  0.50904793853957753       0.50905960215664126       0.50916397478332920       0.51100737252388095       0.57609275602204701        1.7674803823648104        16.309443343276115     
  0.50904739720664793       0.50905608728049390       0.50913028678917882       0.51038636350933664       0.55649593398995034        1.6188537249342316        15.146621873510970     
  0.50904701932774465       0.50905353589147517       0.50910572522056652       0.50997680371522081       0.54159408168434198        1.4718364721942105        13.957744694880059     
  0.50904676802461835       0.50905174991259994       0.50908777552502182       0.50969531986172034       0.53095869857382461        1.3302242019966219        12.776063843379935     
  0.50913963375546212       0.50914358411435923       0.50916808770654265       0.50958816961156761       0.52385130765357779        1.1994433228797705        11.640816919996618     
