   1.1277234346659735E-004   1.0655666542114424E-003   4.1687228104967120E-003   6.5604178601869727E-003   4.1687228104967085E-003   1.0655666542114450E-003   1.1277234346659610E-004
   1.1267232542393107E-004   1.0646216007718428E-003   4.1650255609485881E-003   6.5545994109708246E-003   4.1650255609485638E-003   1.0646216007718457E-003   1.1267232542393019E-004
   1.1256830665955815E-004   1.0636387451946668E-003   4.1611804214185455E-003   6.5485482237860240E-003   4.1611804214185455E-003   1.0636387451946720E-003   1.1256830665955796E-004
   1.1246028717347927E-004   1.0626180874799076E-003   4.1571873919065737E-003   6.5422642986325812E-003   4.1571873919065919E-003   1.0626180874799098E-003   1.1246028717347875E-004
   1.1235169615572804E-004   1.0615920294597793E-003   4.1531732352543486E-003   6.5359471251979131E-003   4.1531732352543312E-003   1.0615920294597793E-003   1.1235169615572730E-004
   1.1224424820132193E-004   1.0605767720503841E-003   4.1492013328826268E-003   6.5296964483257123E-003   4.1492013328826389E-003   1.0605767720503823E-003   1.1224424820132038E-004
   1.1213737177858726E-004   1.0595669149463585E-003   4.1452505576512165E-003   6.5234790197347698E-003   4.1452505576512364E-003   1.0595669149463609E-003   1.1213737177858604E-004
   1.1203106688752509E-004   1.0585624581477084E-003   4.1413209095600666E-003   6.5172948394250129E-003   4.1413209095600622E-003   1.0585624581477087E-003   1.1203106688752392E-004
   1.1192304740144589E-004   1.0575418004329425E-003   4.1373278800481044E-003   6.5110109142715918E-003   4.1373278800481018E-003   1.0575418004329410E-003   1.1192304740144484E-004
   1.1181102719365993E-004   1.0564833405806041E-003   4.1331869605541957E-003   6.5044942511495235E-003   4.1331869605541940E-003   1.0564833405806017E-003   1.1181102719365937E-004
   1.1169386320082332E-004   1.0553762779799295E-003   4.1288558967978442E-003   6.4976783534963197E-003   4.1288558967978181E-003   1.0553762779799329E-003   1.1169386320082199E-004
   1.1156926929624492E-004   1.0541990114094658E-003   4.1242501802179017E-003   6.4904302281870623E-003   4.1242501802179051E-003   1.0541990114094658E-003   1.1156926929624440E-004
   1.1143838854327112E-004   1.0529623414799382E-003   4.1194120650949176E-003   6.4828163717842195E-003   4.1194120650949193E-003   1.0529623414799378E-003   1.1143838854327005E-004
   1.1129950634688298E-004   1.0516500672752430E-003   4.1142781700081316E-003   6.4747370394441133E-003   4.1142781700081125E-003   1.0516500672752434E-003   1.1129950634688279E-004
   1.1115262270708264E-004   1.0502621887953844E-003   4.1088484949574448E-003   6.4661922311666595E-003   4.1088484949574440E-003   1.0502621887953859E-003   1.1115262270708220E-004
   1.1099773762386891E-004   1.0487987060403584E-003   4.1031230399429137E-003   6.4571819469519693E-003   4.1031230399429268E-003   1.0487987060403521E-003   1.1099773762386786E-004
   1.1083370803389698E-004   1.0472488183994203E-003   4.0970595506840003E-003   6.4476396902374729E-003   4.0970595506840081E-003   1.0472488183994200E-003   1.1083370803389622E-004
   1.1065939087382200E-004   1.0456017252618397E-003   4.0906157729001585E-003   6.4374989644607810E-003   4.0906157729001281E-003   1.0456017252618438E-003   1.1065939087382160E-004
   1.1047364308029974E-004   1.0438466260168833E-003   4.0837494523107750E-003   6.4266932730593380E-003   4.0837494523107585E-003   1.0438466260168796E-003   1.1047364308029904E-004
   1.1027417852664008E-004   1.0419619194430615E-003   4.0763760803548162E-003   6.4150896229083210E-003   4.0763760803548153E-003   1.0419619194430609E-003   1.1027417852664001E-004
   1.1006042568117197E-004   1.0399422052350185E-003   4.0684745298919679E-003   6.4026547657263736E-003   4.0684745298919548E-003   1.0399422052350161E-003   1.1006042568117096E-004
   1.0983066994887705E-004   1.0377712824766315E-003   4.0599814195014221E-003   6.3892889566698431E-003   4.0599814195014334E-003   1.0377712824766307E-003   1.0983066994887566E-004
   1.0958319673473751E-004   1.0354329502518084E-003   4.0508333677623781E-003   6.3748924508950609E-003   4.0508333677623425E-003   1.0354329502518063E-003   1.0958319673473709E-004
   1.0931743450708283E-004   1.0329218082551714E-003   4.0410092475345188E-003   6.3594320001207193E-003   4.0410092475344963E-003   1.0329218082551703E-003   1.0931743450708206E-004
   1.0903338326591184E-004   1.0302378564867232E-003   4.0305090588178489E-003   6.3429076043469042E-003   4.0305090588178515E-003   1.0302378564867227E-003   1.0903338326591075E-004
   1.0872989994788032E-004   1.0273702943357213E-003   4.0192905473318448E-003   6.3252527670110571E-003   4.0192905473318353E-003   1.0273702943357260E-003   1.0872989994787900E-004
   1.0840412689462583E-004   1.0242921202753327E-003   4.0072480773751182E-003   6.3063012467070353E-003   4.0072480773751000E-003   1.0242921202753301E-003   1.0840412689462462E-004
   1.0805377797945906E-004   1.0209817330840646E-003   3.9942971403865374E-003   6.2859200503099103E-003   3.9942971403865339E-003   1.0209817330840687E-003   1.0805377797945784E-004
   1.0767771013903543E-004   1.0174283321511927E-003   3.9803954820856200E-003   6.2640426812572208E-003   3.9803954820856087E-003   1.0174283321511895E-003   1.0767771013903437E-004
   1.0727592337335454E-004   1.0136319174767060E-003   3.9655431024722913E-003   6.2406691395489079E-003   3.9655431024723025E-003   1.0136319174767054E-003   1.0727592337335353E-004
   1.0684441696071061E-004   1.0095546869230306E-003   3.9495921115647098E-003   6.2155666872164275E-003   3.9495921115646794E-003   1.0095546869230284E-003   1.0684441696070936E-004
   1.0638090477441320E-004   1.0051750392686834E-003   3.9324580008016944E-003   6.1886023311347408E-003   3.9324580008016892E-003   1.0051750392686780E-003   1.0638090477441294E-004
   1.0588081456108423E-004   1.0004497720707099E-003   3.9139717530610922E-003   6.1595100850540454E-003   3.9139717530610922E-003   1.0004497720707099E-003   1.0588081456108340E-004
   1.0534071713068863E-004   9.9534648349690054E-004   3.8940066055012496E-003   6.1280904592868508E-003   3.8940066055012318E-003   9.9534648349689642E-004   1.0534071713068763E-004
   1.0475604022984785E-004   9.8982197110429886E-004   3.8723935409999402E-003   6.0940774675833460E-003   3.8723935409999293E-003   9.8982197110429756E-004   1.0475604022984659E-004
   1.0412221160518216E-004   9.8383303244995671E-004   3.8489635424350009E-003   6.0572051236935818E-003   3.8489635424349905E-003   9.8383303244995368E-004   1.0412221160518142E-004
   1.0343351593996895E-004   9.7732566448017946E-004   3.8235053384036558E-003   6.0171409448053163E-003   3.8235053384036511E-003   9.7732566448017685E-004   1.0343351593996814E-004
   1.0268423791748355E-004   9.7024586414127807E-004   3.7958076575031665E-003   5.9735524481060532E-003   3.7958076575031635E-003   9.7024586414127319E-004   1.0268423791748283E-004
   1.0186866222100291E-004   9.6253962837955346E-004   3.7656592283307803E-003   5.9261071507835644E-003   3.7656592283307725E-003   9.6253962837955075E-004   1.0186866222100150E-004
   1.0098335966049195E-004   9.5417455536280101E-004   3.7329332880448431E-003   5.8746055631503690E-003   3.7329332880448383E-003   9.5417455536279678E-004   1.0098335966049109E-004
   1.0002318645089983E-004   9.4510204234269323E-004   3.6974396923828766E-003   5.8187484506753854E-003   3.6974396923828861E-003   9.4510204234269388E-004   1.0002318645089882E-004
   9.8981855743830418E-005   9.3526268596017361E-004   3.6589460428018855E-003   5.7581700822650185E-003   3.6589460428018902E-003   9.3526268596017480E-004   9.8981855743829564E-005
   9.7854223754231725E-005   9.2460788346691901E-004   3.6172621950393549E-003   5.6925712233881244E-003   3.6172621950393545E-003   9.2460788346691847E-004   9.7854223754231223E-005
   9.6625430658622537E-005   9.1299722692333323E-004   3.5718388434481728E-003   5.6210874187326461E-003   3.5718388434481680E-003   9.1299722692333074E-004   9.6625430658621873E-005
   9.5282331228538372E-005   9.0030650930592103E-004   3.5221900638019756E-003   5.5429539578301474E-003   3.5221900638019743E-003   9.0030650930591810E-004   9.5282331228537762E-005
   9.3815209425548567E-005   8.8644392542341465E-004   3.4679566947161209E-003   5.4576056198996211E-003   3.4679566947161140E-003   8.8644392542341411E-004   9.3815209425548012E-005
   9.2212634616205646E-005   8.7130146916842546E-004   3.4087161933850996E-003   5.3643774393163680E-003   3.4087161933850914E-003   8.7130146916842611E-004   9.2212634616204629E-005
   9.0475749863854269E-005   8.5488994115170362E-004   3.3445108140894510E-003   5.2633359126428641E-003   3.3445108140894432E-003   8.5488994115170101E-004   9.0475749863853645E-005
   8.8614842738596805E-005   8.3730654686987676E-004   3.2757208453541363E-003   5.1550795089413438E-003   3.2757208453541306E-003   8.3730654686987557E-004   8.8614842738595978E-005
   8.6646487658932723E-005   8.1870789517865788E-004   3.2029589742471301E-003   5.0405724283676245E-003   3.2029589742471180E-003   8.1870789517865799E-004   8.6646487658932438E-005
   8.4580972194965245E-005   7.9919119157469099E-004   3.1266054892933643E-003   4.9204131399839387E-003   3.1266054892933669E-003   7.9919119157469067E-004   8.4580972194964310E-005
   8.2408580308262762E-005   7.7866463086670207E-004   3.0463012291081933E-003   4.7940364230092862E-003   3.0463012291081898E-003   7.7866463086670326E-004   8.2408580308262070E-005
   8.0117309833706209E-005   7.5701480664194072E-004   2.9616025237458187E-003   4.6607440635377199E-003   2.9616025237458265E-003   7.5701480664193790E-004   8.0117309833705613E-005
   7.7705446176278502E-005   7.3422551798428938E-004   2.8724459917854367E-003   4.5204363167255877E-003   2.8724459917854315E-003   7.3422551798428949E-004   7.7705446176277703E-005
   7.5174703930996266E-005   7.1031296580986931E-004   2.7788950146478463E-003   4.3732129274165052E-003   2.7788950146478476E-003   7.1031296580986616E-004   7.5174703930995615E-005
   7.2520510844480978E-005   6.8523394767571887E-004   2.6807805752108687E-003   4.2188079093606395E-003   2.6807805752108779E-003   6.8523394767571735E-004   7.2520510844480476E-005
   6.9733722409974375E-005   6.5890205869593304E-004   2.5777646392301117E-003   4.0566892900582522E-003   2.5777646392301057E-003   6.5890205869593261E-004   6.9733722409973507E-005
   6.6805194120718396E-005   6.3123089398461126E-004   2.4695091724611404E-003   3.8863250970095570E-003   2.4695091724611395E-003   6.3123089398461039E-004   6.6805194120717922E-005
   6.3729210659988950E-005   6.0216645048805919E-004   2.3558029035012262E-003   3.7073828474021883E-003   2.3558029035012362E-003   6.0216645048805648E-004   6.3729210659988842E-005
   6.0502914369425124E-005   5.7168172667942756E-004   2.2365401966490000E-003   3.5196962998300008E-003   2.2365401966489991E-003   5.7168172667942821E-004   6.0502914369424683E-005
   5.7128591375715588E-005   5.3979832378020086E-004   2.1118055604655585E-003   3.3233984474178987E-003   2.1118055604655564E-003   5.3979832378019869E-004   5.7128591375715121E-005
   5.3613100058929082E-005   5.0658104545479865E-004   1.9818525206341873E-003   3.1188882695407311E-003   1.9818525206341925E-003   5.0658104545479757E-004   5.3613100058928689E-005
   4.9971300242547316E-005   4.7217029964282363E-004   1.8472303828020644E-003   2.9070302215106108E-003   1.8472303828020562E-003   4.7217029964282542E-004   4.9971300242546950E-005
   4.6226624725138070E-005   4.3678749886441246E-004   1.7088053597204328E-003   2.6891874828581610E-003   1.7088053597204278E-003   4.3678749886441034E-004   4.6226624725137589E-005
   4.2409936217009137E-005   4.0072425960948867E-004   1.5677183169641553E-003   2.4671554607701013E-003   1.5677183169641566E-003   4.0072425960949024E-004   4.2409936217008818E-005
   3.8556669681848327E-005   3.6431540081094713E-004   1.4252791372302816E-003   2.2429955486830003E-003   1.4252791372302844E-003   3.6431540081094551E-004   3.8556669681848117E-005
   3.4703974678359916E-005   3.2791194231777010E-004   1.2828610846366813E-003   2.0188688848771204E-003   1.2828610846366850E-003   3.2791194231777065E-004   3.4703974678359631E-005
   3.0893001486954789E-005   2.9190270611654005E-004   1.1419853132831584E-003   1.7971693456014055E-003   1.1419853132831586E-003   2.9190270611654048E-004   3.0893001486954715E-005
   2.7166614983061505E-005   2.5669271510993865E-004   1.0042363586903300E-003   1.5803905519484885E-003   1.0042363586903315E-003   2.5669271510993848E-004   2.7166614983061333E-005
   2.3570537700469937E-005   2.2271399372749347E-004   8.7130439208019431E-004   1.3711923664171768E-003   8.7130439208019431E-004   2.2271399372749421E-004   2.3570537700469808E-005
   2.0151635236315061E-005   1.9040936700947397E-004   7.4492183895529961E-004   1.1723011480687447E-003   7.4492183895530101E-004   1.9040936700947365E-004   2.0151635236315004E-005
   1.6953343997697479E-005   1.6018925816393129E-004   6.2669436197654576E-004   9.8624376627706668E-004   6.2669436197654793E-004   1.6018925816393048E-004   1.6953343997697307E-005
   1.4015099670011028E-005   1.3242628826133255E-004   5.1807973382290680E-004   8.1531435244736907E-004   5.1807973382290799E-004   1.3242628826133274E-004   1.4015099670010947E-005
   1.1367764963564153E-005   1.0741207379161187E-004   4.2021882006922827E-004   6.6130831376634103E-004   4.2021882006922876E-004   1.0741207379161177E-004   1.1367764963564031E-005
   9.0330580819070510E-006   8.5351826358794492E-005   3.3391445204596087E-004   5.2548908492091413E-004   3.3391445204596055E-004   8.5351826358794628E-005   9.0330580819070053E-006
   7.0206950634701693E-006   6.6337351154155801E-005   2.5952579113777869E-004   4.0842188669209200E-004   2.5952579113777788E-004   6.6337351154155841E-005   7.0206950634701007E-006
   5.3329620349430261E-006   5.0390249399171891E-005   1.9713734590578053E-004   3.1023971220481175E-004   1.9713734590578005E-004   5.0390249399171681E-005   5.3329620349429922E-006
   3.9572852995333482E-006   3.7391714375722465E-005   1.4628431926391847E-004   2.3021109927190249E-004   1.4628431926391844E-004   3.7391714375722472E-005   3.9572852995333050E-006
   2.8668028686394121E-006   2.7087931731459290E-005   1.0597373561926872E-004   1.6677337867531243E-004   1.0597373561926835E-004   2.7087931731459290E-005   2.8668028686393752E-006
   2.0289374369357830E-006   1.9171084060342959E-005   7.5001347976157081E-005   1.1803139838464088E-004   7.5001347976156972E-005   1.9171084060342949E-005   2.0289374369357648E-006
   1.4025387240113862E-006   1.3252349375797644E-005   5.1846002234785725E-005   8.1591282150960309E-005   5.1846002234785780E-005   1.3252349375797681E-005   1.4025387240113689E-006
