  0.98172031588355568       0.96816685371009847       0.93772010475355683       0.90285859629985210       0.93532641078854584       0.99945463668373935        1.0000000000000000     
  0.98357461014582026       0.97097326738275491       0.94195286808842771       0.90570301274054366       0.93509130547269015       0.99949846804652442       0.99999999999999833     
  0.98524989126245521       0.97350206220377400       0.94574679797536820       0.90834440641376657       0.93489800834198811       0.99953429752349487       0.99999999999999878     
  0.98674554894519451       0.97577601222577481       0.94914960965920736       0.91076926247098133       0.93472664058051735       0.99956371687169199       0.99999999999999978     
  0.98808343128168408       0.97781609680748249       0.95219928069554427       0.91293280284009126       0.93596616021678158       0.99974130955712015       0.99999999999999800     
  0.98926987007776135       0.97914356260874469       0.95492373895150529       0.91485391390083293       0.93663058945291700       0.99975466539300062       0.99999999999999944     
  0.99031103601874659       0.98068601036252201       0.95706477309642912       0.91645695257733284       0.93665313762375257       0.99976508053810698        1.0000000000000000     
  0.99115803614922737       0.98131647103931241       0.95882765996212094       0.91760235971501958       0.93658691266933281       0.99977327616581058       0.99999999999999911     
  0.99195942999018061       0.98050727138046789       0.95999882225320821       0.91818675831343288       0.93645056033754026       0.99978087890472167        1.0000000000000004     
  0.99238062959492368       0.98130337254434563       0.95895109205747153       0.91820272382330981       0.93638492293927478       0.99979013422157204       0.99999999999999889     
  0.99223536498145171       0.98156370647816360       0.95900571841053894       0.91706093179199144       0.93700487591769355       0.99979370447947169        1.0000000000000009     
  0.99112677831904927       0.97955611865171532       0.95862657527701389       0.91601354188602213       0.93671177542648820       0.99980056484886071        1.0000000000000002     
  0.99010881145639495       0.97889227219261732       0.95372293575544820       0.91295929789059604       0.93631920276984781       0.99980988281885186        1.0000000000000004     
  0.98860059793170330       0.97771694712726431       0.95102740080309900       0.91091506101489328       0.93580693256378222       0.99981029227650953       0.99999999999999956     
  0.98723235100392182       0.97571360059377943       0.94773821373362621       0.90827321963712060       0.93514913079106587       0.99981426120247385        1.0000000000000011     
  0.98322779309508523       0.97389733055984506       0.94547570766876665       0.90252199009196754       0.93455630239220144       0.99981510531991136       0.99999999999999856     
  0.98154938422124982       0.97149540300860127       0.93724866044433053       0.90010707123710532       0.93366303842935028       0.99981456849543204       0.99999999999999600     
  0.97961969843275132       0.96651396233672260       0.93388607429847137       0.89545853303817613       0.93264681666862237       0.99983790679040541       0.99999999999999967     
  0.97675792011857887       0.96141003403286707       0.92919879313660769       0.89020184981896711       0.93627822385234794       0.99983698979641222       0.99999999999999789     
  0.97424572328181847       0.95486613901416506       0.92274283408365887       0.88309086408801107       0.93476798393156391       0.99983785817875515        1.0000000000000020     
  0.96928881304174941       0.95172444657131627       0.91744119527993762       0.87414243103697076       0.93303207658157516       0.99983832756700397       0.99999999999999956     
  0.96296175741473911       0.94654527191384374       0.91206730521510071       0.85797678988110682       0.93107325185981138       0.99983899258145814        1.0000000000000016     
  0.95706107346715485       0.94231500216878428       0.90590928446788355       0.85008165106643185       0.92890174768201916       0.99986571737238816       0.99999999999999967     
  0.95391745704608233       0.93837787109884085       0.89955549889530773       0.84210785903430407       0.92643074254486246       0.99995230936403701       0.99999999999999833     
  0.95022264942868651       0.93320815913345878       0.88516759242876286       0.81600436814625221       0.92857449030352657       0.99995438449659668       0.99999999999999778     
  0.94631924422962077       0.92890957525303208       0.87867913542235732       0.80771242468374160       0.92626877467193824       0.99995520446667729       0.99999999999999878     
  0.94304529176526164       0.91882502766476237       0.87217655068220812       0.79979161091448392       0.92386700127180843       0.99995594872749549       0.99999999999999967     
  0.93504600818965877       0.89421237446077784       0.84302132926390694       0.79124082591360756       0.92140985223043748       0.99995610570508364       0.99999999999999833     
  0.91072806411459928       0.88140206989973946       0.83577649471663040       0.78387400130047735       0.91286002145868250       0.99996005606892613       0.99999999999999845     
  0.90542460061642749       0.87623241590342027       0.81946276350467473       0.77724364905287247       0.91014904783055972       0.99996128153792807        1.0000000000000004     
  0.90112811195100173       0.87123458289697531       0.81379479153464929       0.76724080493504843       0.90403659191824770       0.99997091599427868       0.99999999999999978     
  0.89618324769622149       0.86572667664063119       0.80965673911908831       0.76258002156635918       0.89434311055928140       0.99997387160488427        1.0000000000000000     
  0.88181468306303856       0.85010410436950623       0.80340781662775362       0.74432769987438308       0.89165544435087429       0.99997664507955775        1.0000000000000000     
  0.86722970822044543       0.83457811612408839       0.79282981239097927       0.74129763769478396       0.88946135124581382       0.99997812465185498        1.0000000000000000     
  0.83367851427660800       0.81174223752520203       0.78609063861680373       0.71193696926794126       0.88684269039774777       0.99997922803426331       0.99999999999999900     
  0.83327410301355731       0.79809042601688229       0.75285011445647909       0.70139753395155169       0.88152084555920851       0.99998034358989563       0.99999999999999867     
  0.82561120701801582       0.79022296162171202       0.73589389785338022       0.70126460320993000       0.87476958489791068       0.99998147743468069        1.0000000000000009     
  0.82235743326731581       0.78734188920482262       0.72450067497642456       0.66918534487703230       0.87470614569381488       0.99998751909044792       0.99999999999999845     
  0.77753051494982317       0.77179553052568906       0.72365165417291111       0.66089404089655635       0.87020785596371319       0.99998874458586873        1.0000000000000011     
  0.76739315846906098       0.73502875803834222       0.68602567345773713       0.63782661470624713       0.84260796925030701       0.99998961065316105       0.99999999999999911     
  0.75626242741120719       0.73605319076239206       0.67382408090752377       0.60331103099777050       0.82157118948523666       0.99999046183319085       0.99999999999999922     
  0.72206886435503614       0.69213306189203527       0.64368007228222490       0.57206486842382576       0.81683577415758335       0.99999129503165984       0.99999999999999811     
  0.68701206814626614       0.66652096897872348       0.62457991354233933       0.53918866976902413       0.77170543346880682       0.99999210735211319        1.0000000000000002     
  0.64284819178915176       0.63508969114044989       0.58247319949566512       0.46196241364008706       0.76298939767244411       0.99999287910692436       0.99999999999999989     
  0.59344697702289950       0.55035533561945715       0.52759709320673465       0.35993635860014095       0.63905162640299851       0.99999590834429564       0.99999999999999789     
  0.62090908960372715       0.57909865742422417       0.55105588097992142       0.37554786648732968       0.64684164937805499       0.99999640969149284        1.0000000000000016     
  0.64831484415668206       0.60593927046666052       0.57421595570179773       0.39225786811965757       0.65543532790472181       0.99999688162596034       0.99999999999999833     
  0.67639797658255341       0.63241671826774304       0.59732542645023479       0.41004059987761587       0.66484671114790583       0.99999732220943716       0.99999999999999900     
  0.70496439234268815       0.65915971063383372       0.62056764197571224       0.42888265825780891       0.67508974514705300       0.99999772950946975       0.99999999999999767     
  0.73372784319743967       0.68622785690110166       0.64408259670600487       0.44875496675264820       0.68616902994490914       0.99999810214713025        1.0000000000000000     
  0.76251008560753497       0.71356160104768929       0.65993813794641443       0.46965705865510987       0.69822925473819208       0.99999907806197408        1.0000000000000011     
  0.79103596462179404       0.74106749338019839       0.68503269645843379       0.49160545166761516       0.77419772765251738       0.99999926717320520        1.0000000000000011     
  0.81888675177766312       0.76857456183486395       0.71041174975897625       0.51461944807339399       0.80112784104883328       0.99999942981790979        1.0000000000000016     
  0.84555400452773977       0.79581477855718441       0.73497233062181833       0.53873068759668008       0.81317885023722059       0.99999956700628501       0.99999999999999967     
  0.87048904698470164       0.82240709769289599       0.76052316738662229       0.56394352057045327       0.82566385388488428       0.99999968018956831       0.99999999999999933     
  0.89322125627334925       0.84792239834372940       0.77144846263794742       0.59027301335841309       0.83850974641104636       0.99999987799821277       0.99999999999999867     
  0.91342057953469613       0.87191907207257235       0.79650653410135774       0.61771743724419459       0.85162676980541174       0.99999991770164665        1.0000000000000020     
  0.93094120921574186       0.89399505549070923       0.81318980483689285       0.64624031462234477       0.86490588748030706       0.99999994688547167        1.0000000000000013     
  0.94581742032365690       0.91384843396521065       0.83769953322052848       0.67576459412010748       0.87822083325360922       0.99999996745026243       0.99999999999999833     
  0.95821690147440852       0.93129151192191351       0.86116784603345309       0.70611843285183451       0.89142388954862695       0.99999998124234235       0.99999999999999889     
  0.96839981878423442       0.94627249634721811       0.88197432528496367       0.73705261348674322       0.90435392436141526       0.99999999538338435       0.99999999999999822     
  0.97663750711766939       0.95886385859106649       0.90296517036152846       0.76821911807794774       0.91684217785654631       0.99999999782656113       0.99999999999999922     
  0.98316997046800869       0.96923146098409052       0.92255171590957363       0.79916654970309375       0.92871874910936769       0.99999999909159454       0.99999999999999933     
  0.98828911900624938       0.97758259466957553       0.93975515828359613       0.82936147205570665       0.93982306215681022       0.99999999967723985        1.0000000000000007     
  0.99218425052508674       0.98415193062675432       0.95439734062232318       0.85819919232361619       0.95001216199883876       0.99999999990020050       0.99999999999999922     
  0.99501574078749910       0.98922726936671845       0.96645459141464918       0.88507095263917679       0.95917124855433089       0.99999999997291278        1.0000000000000004     
  0.99700166243666832       0.99298219048041325       0.97608081248049139       0.90941909441685886       0.96722442619290971       0.99999999999381173       0.99999999999999800     
  0.99831406060018824       0.99566272909586284       0.98359159761126191       0.93078810209306673       0.97414014097210089       0.99999999999964284        1.0000000000000007     
  0.99911655166216717       0.99748049680438255       0.98917466169601054       0.94888934044261142       0.97993472420821215       0.99999999999994948       0.99999999999999956     
  0.99957620419193660       0.99862557133654151       0.99320654518991347       0.96358859689731080       0.98757251142231439       0.99999999999999367       0.99999999999999800     
  0.99981285865733194       0.99930440224336636       0.99593111738723006       0.97505289635947989       0.99143435059111751       0.99999999999999811        1.0000000000000033     
  0.99992461872939942       0.99966864686647428       0.99769322027531060       0.98356374878508102       0.99367585364447220       0.99999999999999611        1.0000000000000031     
  0.99997121108164500       0.99984927204082741       0.99874197512219187       0.98959392835820603       0.99532031635123996       0.99999999999999678        1.0000000000000016     
  0.99998896327955966       0.99993046117692763       0.99932931525988888       0.99358267170827852       0.99597209171673584       0.99999999999999978       0.99999999999999989     
  0.99999525856484206       0.99996549778060162       0.99963448093986518       0.99611788433675841       0.99694034064905901        1.0000000000000000        1.0000000000000004     
  0.99999763352274296       0.99998103552769180       0.99979021825883296       0.99762060775326822       0.99803140810614233        1.0000000000000016       0.99999999999999944     
  0.99999871988066691       0.99998893012097811       0.99987244905619843       0.99850776902754212       0.99889895812371565       0.99999999999999956       0.99999999999999878     
  0.99999931795037400       0.99999360376882163       0.99992107918005857       0.99904838822874553       0.99949135036531966        1.0000000000000007        1.0000000000000018     
  0.99999967301274850       0.99999662701634795       0.99995386414501886       0.99945997419152943       0.99983183941209208        1.0000000000000013       0.99999999999999989     
  0.99999988183313393       0.99999862197747469       0.99997820051599984       0.99984265033477282       0.99993460418159219        1.0000000000000016       0.99999999999999600     
  0.99999998491328612       0.99999978129893075       0.99999546651292248       0.99986870993506627       0.99999343121399564        1.0000000000000009       0.99999999999999956     
