  0.58085650955932966       0.58623321169261156       0.59247054387948006       0.59997503766701954       0.61474039985350504       0.65489644380432599       0.73563918368789138     
  0.57661487369579267       0.58217101992816811       0.58897005462995222       0.59791974041124574       0.61571956461541111       0.66104290951077449       0.74814481976268810     
  0.57283014059974990       0.57833207339748394       0.58549479263409998       0.59574108400809977       0.61641773358378504       0.66667205498971094       0.75997138376229156     
  0.56948535789895816       0.57483214562752039       0.58221508258479571       0.59359646798504373       0.61696550165947983       0.67196008339520152       0.77132396840657158     
  0.56655022452138515       0.57168485136041369       0.57916715965574572       0.59153301266852187       0.61742262574054885       0.67698718932819291       0.78234985322760831     
  0.56398437276655466       0.56886947849115399       0.57636229443125575       0.58958263475158657       0.61766222738305587       0.68194228651737165       0.79315085952510267     
  0.56174553290691909       0.56635399067733339       0.57381145979622306       0.58776517720647325       0.61789278280359650       0.68689674998512551       0.80376434679352182     
  0.55979708127660188       0.56411776732968788       0.57149405291350042       0.58607809134861832       0.61817681955381243       0.69188363158768651       0.81419946821063960     
  0.55812927463624495       0.56212846626620461       0.56941015754906876       0.58453877595061843       0.61855170869028320       0.69692085064129305       0.82445326304950417     
  0.55665295170616613       0.56037342405549695       0.56755288629322242       0.58311749018510139       0.61903807671442501       0.70202003602216945       0.83451615126215439     
  0.55538396265594847       0.55883736144024876       0.56591452036552081       0.58182832018233543       0.61965266600198043       0.70719222307298724       0.84437219979779021     
  0.55429478860342873       0.55750189744560297       0.56448922266459189       0.58068493099191021       0.62040530337217792       0.71243874917587369       0.85400755405297757     
  0.55337097642201860       0.55635708837198317       0.56325897770035149       0.57970242540505501       0.62131555637290869       0.71776862288295296       0.86340551444441027     
  0.55258481413050364       0.55537521900405962       0.56220820795329851       0.57889988290103822       0.62236414136715301       0.72318584265251695       0.87254621995786108     
  0.55193722469813411       0.55454218825532386       0.56132439022699465       0.57823116475517300       0.62357213492313068       0.72869346126800361       0.88141009560472761     
  0.55138865211880161       0.55385523314825813       0.56060544435936810       0.57772451230800159       0.62494429898286874       0.73429305480246287       0.88997864751659594     
  0.55093961064447416       0.55330587571834910       0.56005078318676926       0.57738797906818951       0.62648194516889200       0.73998425265225365       0.89823336080928218     
  0.55059026034462388       0.55289078231736444       0.55962671771113504       0.57722838740015714       0.62818689454747390       0.74576587699761576       0.90615749606608831     
  0.55032426773960652       0.55259659018832341       0.55933148405199029       0.57724700580146482       0.63006153034960677       0.75163598572204460       0.91373639474022905     
  0.55014726217741150       0.55242222432267352       0.55916789207625084       0.57744229803287550       0.63210702083999948       0.75759088552103016       0.92095697698061030     
  0.55005746770073505       0.55236600827425786       0.55913776180718100       0.57781655662511777       0.63432523124965845       0.76362764739953981       0.92781058509363923     
  0.55005590212980093       0.55242552306449832       0.55924018013690435       0.57836954488702386       0.63671719957302386       0.76974168079039673       0.93429030786845380     
  0.55013811684730174       0.55259769203562148       0.55948563976185128       0.57910150749914002       0.63928375775759561       0.77592776414398723       0.94039216136461723     
  0.55031142465945992       0.55286963222084318       0.55984396507932876       0.58001493070612475       0.64202698958074911       0.78218129912809842       0.94611555356408417     
  0.55057871307182460       0.55324676404741946       0.56032673536864452       0.58110996416198191       0.64494876895626774       0.78849776966746954       0.95146255802413027     
  0.55094541524726892       0.55372876002106841       0.56095162007287658       0.58239015107746628       0.64805041044953382       0.79487071235951712       0.95643789264136980     
  0.55141409882564529       0.55431554362975100       0.56171906660579707       0.58384604373752691       0.65133207579892294       0.80129155266772234       0.96104771582386539     
  0.55198575858769594       0.55500697441825375       0.56262692376231049       0.58547949524614940       0.65479378624688778       0.80775181400825935       0.96530078544001474     
  0.55266411843936714       0.55581269978568004       0.56367755047548218       0.58729232445642943       0.65843614145497720       0.81424376246612395       0.96920820364858351     
  0.55345248352331544       0.55673885699501213       0.56488359365699636       0.58929097870729030       0.66226004438607233       0.82076129339976034       0.97278415812821917     
  0.55435268821056738       0.55778846206541510       0.56625410139596788       0.59147041971487957       0.66626238347562994       0.82729149429624249       0.97604063410027708     
  0.55537234157130777       0.55896644828524933       0.56779317882560487       0.59383039007096627       0.67044055862047591       0.83382442719723449       0.97899298423996595     
  0.55651297790808762       0.56028618444855272       0.56948693976888387       0.59636754699646177       0.67478858989962198       0.84034760156304678       0.98165714359331757     
  0.55777447200170205       0.56176370248857388       0.57133655363908897       0.59908380393556560       0.67930238078476413       0.84684978720310711       0.98405016809224033     
  0.55915823224817618       0.56336633706041672       0.57334369901777171       0.60195800777704611       0.68397354627859697       0.85331881366407603       0.98618953087851824     
  0.56066294015291740       0.56509971243259638       0.57549687161455287       0.60498961207390223       0.68879063041291344       0.85974250187990930       0.98809302155417389     
  0.56228217854052487       0.56696114356918603       0.57781402735798781       0.60815994904439907       0.69374521651273158       0.86610759766668799       0.98977833578660090     
  0.56400767878967950       0.56895566215891191       0.58027917989420774       0.61144938139678384       0.69881799653282939       0.87240076396313015       0.99126317478496062     
  0.56581831983042463       0.57104038752823028       0.58282797587443591       0.61483512958251829       0.70398693177486082       0.87860892183862938       0.99256473672756340     
  0.56769878633125503       0.57318458039561881       0.58542948888617374       0.61827804169474243       0.70924189868835863       0.88471961861531423       0.99370002205002661     
  0.56956092288345761       0.57534698349061386       0.58806201832310911       0.62181457671963358       0.71455537847729400       0.89071417565035582       0.99468515153130488     
  0.57137670199363577       0.57742582911102047       0.59070680670589015       0.62537059301772113       0.71990738455694259       0.89657031876875137       0.99553533697345820     
  0.57295661224920713       0.57936595529342516       0.59325228010114495       0.62892015570808768       0.72525166585868373       0.90226116270608225       0.99626496914751694     
  0.57411667256177856       0.58101747942521242       0.59569244276427047       0.63247919406558872       0.73061556423388552       0.90774892820066255       0.99688687195811532     
   1.0000000000000000        1.0000000000000000        1.0000000000000000        1.0000000000000000        1.0000000000000000        1.0000000000000000        1.0000000000000000     
   1.0000000000000000        1.0000000000000000        1.0000000000000000        1.0000000000000000        1.0000000000000000        1.0000000000000000        1.0000000000000000     
   1.0000000000000000        1.0000000000000000        1.0000000000000000        1.0000000000000000        1.0000000000000000        1.0000000000000000        1.0000000000000000     
   1.0000000000000000        1.0000000000000000        1.0000000000000000        1.0000000000000000        1.0000000000000000        1.0000000000000000        1.0000000000000000     
   1.0000000000000000        1.0000000000000000        1.0000000000000000        1.0000000000000000        1.0000000000000000        1.0000000000000000        1.0000000000000000     
   1.0000000000000000        1.0000000000000000        1.0000000000000000        1.0000000000000000        1.0000000000000000        1.0000000000000000        1.0000000000000000     
   1.0000000000000000        1.0000000000000000        1.0000000000000000        1.0000000000000000        1.0000000000000000        1.0000000000000000        1.0000000000000000     
   1.0000000000000000        1.0000000000000000        1.0000000000000000        1.0000000000000000        1.0000000000000000        1.0000000000000000        1.0000000000000000     
   1.0000000000000000        1.0000000000000000        1.0000000000000000        1.0000000000000000        1.0000000000000000        1.0000000000000000        1.0000000000000000     
   1.0000000000000000        1.0000000000000000        1.0000000000000000        1.0000000000000000        1.0000000000000000        1.0000000000000000        1.0000000000000000     
   1.0000000000000000        1.0000000000000000        1.0000000000000000        1.0000000000000000        1.0000000000000000        1.0000000000000000        1.0000000000000000     
   1.0000000000000000        1.0000000000000000        1.0000000000000000        1.0000000000000000        1.0000000000000000        1.0000000000000000        1.0000000000000000     
   1.0000000000000000        1.0000000000000000        1.0000000000000000        1.0000000000000000        1.0000000000000000        1.0000000000000000        1.0000000000000000     
   1.0000000000000000        1.0000000000000000        1.0000000000000000        1.0000000000000000        1.0000000000000000        1.0000000000000000        1.0000000000000000     
   1.0000000000000000        1.0000000000000000        1.0000000000000000        1.0000000000000000        1.0000000000000000        1.0000000000000000        1.0000000000000000     
   1.0000000000000000        1.0000000000000000        1.0000000000000000        1.0000000000000000        1.0000000000000000        1.0000000000000000        1.0000000000000000     
   1.0000000000000000        1.0000000000000000        1.0000000000000000        1.0000000000000000        1.0000000000000000        1.0000000000000000        1.0000000000000000     
   1.0000000000000000        1.0000000000000000        1.0000000000000000        1.0000000000000000        1.0000000000000000        1.0000000000000000        1.0000000000000000     
   1.0000000000000000        1.0000000000000000        1.0000000000000000        1.0000000000000000        1.0000000000000000        1.0000000000000000        1.0000000000000000     
   1.0000000000000000        1.0000000000000000        1.0000000000000000        1.0000000000000000        1.0000000000000000        1.0000000000000000        1.0000000000000000     
   1.0000000000000000        1.0000000000000000        1.0000000000000000        1.0000000000000000        1.0000000000000000        1.0000000000000000        1.0000000000000000     
   1.0000000000000000        1.0000000000000000        1.0000000000000000        1.0000000000000000        1.0000000000000000        1.0000000000000000        1.0000000000000000     
   1.0000000000000000        1.0000000000000000        1.0000000000000000        1.0000000000000000        1.0000000000000000        1.0000000000000000        1.0000000000000000     
   1.0000000000000000        1.0000000000000000        1.0000000000000000        1.0000000000000000        1.0000000000000000        1.0000000000000000        1.0000000000000000     
   1.0000000000000000        1.0000000000000000        1.0000000000000000        1.0000000000000000        1.0000000000000000        1.0000000000000000        1.0000000000000000     
   1.0000000000000000        1.0000000000000000        1.0000000000000000        1.0000000000000000        1.0000000000000000        1.0000000000000000        1.0000000000000000     
   1.0000000000000000        1.0000000000000000        1.0000000000000000        1.0000000000000000        1.0000000000000000        1.0000000000000000        1.0000000000000000     
   1.0000000000000000        1.0000000000000000        1.0000000000000000        1.0000000000000000        1.0000000000000000        1.0000000000000000        1.0000000000000000     
   1.0000000000000000        1.0000000000000000        1.0000000000000000        1.0000000000000000        1.0000000000000000        1.0000000000000000        1.0000000000000000     
   1.0000000000000000        1.0000000000000000        1.0000000000000000        1.0000000000000000        1.0000000000000000        1.0000000000000000        1.0000000000000000     
   1.0000000000000000        1.0000000000000000        1.0000000000000000        1.0000000000000000        1.0000000000000000        1.0000000000000000        1.0000000000000000     
   1.0000000000000000        1.0000000000000000        1.0000000000000000        1.0000000000000000        1.0000000000000000        1.0000000000000000        1.0000000000000000     
   1.0000000000000000        1.0000000000000000        1.0000000000000000        1.0000000000000000        1.0000000000000000        1.0000000000000000        1.0000000000000000     
   1.0000000000000000        1.0000000000000000        1.0000000000000000        1.0000000000000000        1.0000000000000000        1.0000000000000000        1.0000000000000000     
   1.0000000000000000        1.0000000000000000        1.0000000000000000        1.0000000000000000        1.0000000000000000        1.0000000000000000        1.0000000000000000     
   1.0000000000000000        1.0000000000000000        1.0000000000000000        1.0000000000000000        1.0000000000000000        1.0000000000000000        1.0000000000000000     
   1.0000000000000000        1.0000000000000000        1.0000000000000000        1.0000000000000000        1.0000000000000000        1.0000000000000000        1.0000000000000000     
