   8.4232575441806237     
   8.4204727075187247     
   8.4125223060437957     
   8.3990810741993602     
   8.3801029170108308     
   8.3556649809959289     
   8.3258921270567843     
   8.2908832584870158     
   8.2507329237108031     
   8.2055140917652949     
   8.1552584470383014     
   8.0999850108610403     
   8.0396758962652850     
   7.9743040787817563     
   7.9038113556887826     
   7.8281199262573695     
   7.7471269430572098     
   7.6606997366927763     
   7.5686796738211415     
   7.4708768462999471     
   7.3670658457950200     
   7.2569893304544371     
   7.1403479801596710     
   7.0167931184539984     
   6.8859256521369110     
   6.7472861643165087     
   6.6003495170150677     
   6.4445009180107027     
   6.2790209912139732     
   6.1030664292815393     
   5.9156491715956676     
   5.7155837702122962     
   5.5014502664345857     
   5.2715673796214872     
   5.0238824015870911     
   4.7558515367843404     
   4.4643361494905323     
   4.1453618810892117     
   3.7938121576312276     
   3.4029240392255948     
   2.9635669936186151     
   2.4627267890060671     
   1.8810001277058590     
   1.1891219939711810     
  0.32858812023807143     
  0.32939040538225617     
  0.32919536701206636     
  0.32805818372183898     
  0.32601551413402136     
  0.32309940725493064     
  0.31934088225485080     
  0.31477147819579843     
  0.30942471662501175     
  0.30333588291234881     
  0.29654604466505713     
  0.28910150562934139     
  0.28105700515916560     
  0.27247088020452348     
  0.26340411984913542     
  0.25391920622631964     
  0.24407720886602208     
  0.23394204089023560     
  0.22357373262006625     
  0.21302766606877627     
  0.20235355149876283     
  0.19158955925710050     
  0.18077045852930027     
  0.16992618764233114     
  0.15906899135088323     
  0.14820947130771964     
  0.13734885726831109     
  0.12648162525687370     
  0.11559681437799040     
  0.10468146636498463     
  9.37259175556129642E-002
  8.27293961841837344E-002
  7.16950548242804714E-002
  6.06154516984104552E-002
  4.94221350753979577E-002
  3.80605491418727973E-002
  2.65571087821809479E-002
