   8.3803337991501046        8.3193046213482837        8.1907226950060572        7.9331961253825138        7.7515170460419425        9.2726380386210039        12.072331287215025     
   8.3828304027136458        8.3256996874514062        8.2022214949570085        7.9416046007138590        7.7288343910161510        9.2149985827333882        12.056314969484456     
   8.3780922184076303        8.3244506602183108        8.2055987380544515        7.9441368313147640        7.7040418467066933        9.1559909419121759        12.031858893004966     
   8.3668434584896509        8.3162969422939295        8.2015866167010287        7.9401449716374941        7.6760232072734063        9.0957305738589209        12.003800221640661     
   8.3496662126919379        8.3018329320314770        8.1906287524983892        7.9296721712021387        7.6440935135792882        9.0340759365517762        11.972943587531704     
   8.3270565326626329        8.2815609750049752        8.1732561817546276        7.9128855152334943        7.6078703365829252        8.9706536429497419        11.939596689984803     
   8.2994201565820624        8.2558881288318240        8.1499308300009741        7.8899832800672050        7.5671552710647472        8.9052390738841591        11.903966839072410     
   8.2670688810960922        8.2251389826942702        8.1209598003596248        7.8611523991811243        7.5218141319670675        8.8376675777847016        11.866221691247066     
   8.2302306786602948        8.1895625999391743        8.0866012912211005        7.8265656967064121        7.4717721366650354        8.7678114321675764        11.826505211497754     
   8.1890607223687706        8.1493147993763415        8.0470628086981026        7.7863679243508956        7.4169807146470763        8.6955523686875686        11.784928845770290     
   8.1436573859502577        8.1043719428520351        8.0024821534173469        7.7406677045830898        7.3573965372830781        8.6207702823741972        11.741572181871991     
   8.0940705793219205        8.0548360435377937        7.9529361772089926        7.6895500843086566        7.2929877701376524        8.5433499157617181        11.696494273699525     
   8.0403050699229990        8.0006877824431069        7.8984570675632826        7.6330605654830670        7.2237150752325547        8.4631685054230879        11.649721341432340     
   7.9823252813067569        7.9419881013027647        7.8390560093861543        7.5712234890657335        7.1495339464697718        8.3801128556344118        11.601274344981810     
   7.9198240025017057        7.8787026280778694        7.7747109832290642        7.5040316291833724        7.0703894923834198        8.2940657852100017        11.551149527985510     
   7.8526638266820905        7.8107517169917191        7.7053658087249381        7.4314537117075536        6.9862253448366785        8.2049125609719606        11.499330765719696     
   7.7807782946353230        7.7380064219624698        7.6309267336159321        7.3534313221712946        6.8969739306676878        8.1125431551336611        11.445795007893317     
   7.7040463471523140        7.6602850248674041        7.5512618358150805        7.2698731778166099        6.8025527825014844        8.0168429318494336        11.390496777376645     
   7.6222700374194483        7.5773707505157581        7.4662040362323756        7.1806611757012400        6.7028634803853606        7.9176974441951291        11.333378874259996     
   7.5351867124875263        7.4890163093460496        7.3755463912872106        7.0856413265326603        6.5977879916221340        7.8149907392114528        11.274370144949792     
   7.4424724188159788        7.3949402526546795        7.2790381248613336        6.9846200381320145        6.4871836100905513        7.7086006700489200        11.213378292393472     
   7.3437609270964046        7.2948203608692221        7.1763895286438020        6.8773664008666922        6.3708868352482204        7.5984072914943255        11.150305098077512     
   7.2386464236449388        7.1882803130443333        7.0672593202255198        6.7636037476589088        6.2487031936473425        7.4842844730443794        11.085030633978743     
   7.1266768055412362        7.0748859344093216        6.9512486335459212        6.6429969020641497        6.1204045094730910        7.3661045463576107        11.017424527760207     
   7.0073383998956293        6.9541390942744670        6.8278951095656399        6.5151543149156721        5.9857264822836909        7.2437411931875966        10.947351627894356     
   6.8800421492184620        6.8254644376341798        6.6966650129398779        6.3796124879340850        5.8443629744696777        7.1170730053345137        10.874679738263179     
   6.7441074146492781        6.6881965781032413        6.5569347666782649        6.2358445092479622        5.6959534564961727        6.9859814784045655        10.799278951804270     
   6.5987394965127768        6.5415590215871955        6.4079697404749387        6.0832225248523049        5.5400740548599199        6.8503428284386816        10.721009816864171     
   6.4430068257952060        6.3846414882404794        6.2489063052079574        5.9210036017595451        5.3762217299032686        6.7100337664589125        10.639735113580132     
   6.2758165684529423        6.2163771967792414        6.0787262446092925        5.7483066108505279        5.2038018461752493        6.5649360430056447        10.555330608931063     
   6.0958812885709674        6.0355035812626348        5.8962294550490553        5.5640881287134638        5.0221169051822354        6.4149425762837691        10.467700964001050     
   5.9016621407858274        5.8405123564643606        5.6999827996465786        5.3670867856620941        4.8303108452939485        6.2599460799284232        10.376764674092975     
   5.6913126562906937        5.6295969818672242        5.4882675467972808        5.1557779661393761        4.6273540185175124        6.0998465850838421        10.282476079857124     
   5.4625964275158303        5.4005702491710261        5.2590166644139300        4.9283653615131309        4.4120345284453046        5.9345467935694103        10.184820982233560     
   5.2128182505908471        5.1507641483984896        5.0097104960527732        4.6826465124916119        4.1828522698326056        5.7639687388277681        10.083837782580162     
   4.9386390860730982        4.8769244043603797        4.7372316299799291        4.4158891926902717        3.9379026181727572        5.5880759585915758        9.9796282488846639     
   4.6358815626006225        4.5749772973176297        4.4377304890242648        4.1246827046757382        3.6749096851089891        5.4067936818356008        9.8723762009471354     
   4.2992602568510598        4.2397536761968109        4.1063441272794092        3.8047547999176414        3.3909021074091532        5.2200229513170973        9.7623726352899354     
   3.9219837678144076        3.8646362291212641        3.7367937125554125        3.4505787442876694        3.0820924330678228        5.0276606665992896        9.6500391054465986     
   3.4950515297310485        3.4408785996430824        3.3207651428076170        3.0548472209823729        2.7435073459638666        4.8295235112289854        9.5359691437037561     
   3.0062344424975156        2.9565333989598326        2.8470162257080478        2.6077048506281297        2.3684956679525917        4.6252917700708283        9.4209909184984149     
   2.4381218622025203        2.3946341510185842        2.2994142263365509        2.0950525495396883        1.9477976438846389        4.4144157095824355        9.3062202929794662     
   1.7645231625290518        1.7296501825103068        1.6538445467299836        1.4957578280475758        1.4679509228380871        4.1959764642916992        9.1931356395328834     
  0.94230813714575745       0.91967299713792960       0.87118813225795888       0.77783819337069582       0.91238179885895343        3.9686011287325811        9.0836762728141434     
 -0.11488413782803661      -0.11910977675065222      -0.12658435936608939      -0.12225893638349716       0.24786065930591508        3.7307710786330501        8.9804161857700375     
 -9.67476972071476676E-002 -0.10133196995036468      -0.10985975832889068      -0.10971664725123174       0.24114720705949597        3.6841138775382940        8.8879084511685971     
 -8.07155293530798096E-002 -8.54901632492426067E-002 -9.47017199609837823E-002 -9.79817162159455496E-002  0.23381805034533346        3.6346875759041453        8.7913972463331458     
 -6.66283738727770636E-002 -7.14464820146428481E-002 -8.10289575534393347E-002 -8.70421820431018234E-002  0.22598161488444454        3.5824754448597438        8.6907442873432910     
 -5.43573854553123931E-002 -5.90880815547794105E-002 -6.87617236243886903E-002 -7.68845238028553202E-002  0.21768210289134374        3.5274328666359041        8.5857894455133277     
 -4.37898313400176334E-002 -4.83127800605986993E-002 -5.78238028109653301E-002 -6.74926679192053569E-002  0.20894749410864691        3.4695101878612422        8.4764092324108198     
 -3.48105934741943651E-002 -3.90223626621947900E-002 -4.81427341076362675E-002 -5.88474037982782694E-002  0.19979966390844164        3.4086602700720312        8.3625795265515226     
 -2.72976728583208227E-002 -3.11187984341664142E-002 -3.96555705441125686E-002 -5.09330301641450489E-002  0.19026555383389535        3.3448428320378842        8.2443751415782422     
 -2.11123927590763094E-002 -2.44900452813508820E-002 -3.22937971451024500E-002 -4.37319709844428486E-002  0.18037413962795212        3.2780064435612886        8.1218691288397906     
 -1.61035031654694419E-002 -1.90134807141815951E-002 -2.59828990419944013E-002 -3.72251276360852715E-002  0.17015584536656250        3.2080810573479694        7.9951067843307646     
 -1.21125868976611258E-002 -1.45579823998155822E-002 -2.06415907409475234E-002 -3.13914268520792128E-002  0.15964897167874692        3.1350121397995565        7.8641654464242476     
 -8.97921866163163551E-003 -1.09870996180642787E-002 -1.61812472460139273E-002 -2.62057779212804196E-002  0.14889386018120898        3.0587691980181693        7.7291891402556949     
 -6.55230866668064793E-003 -8.16745803760434916E-003 -1.25103183126693222E-002 -2.16426047346249331E-002  0.13794787412216791        2.9793586594878465        7.5903597392181377     
 -4.69599601455062288E-003 -5.97179429653667704E-003 -9.53315783616357111E-003 -1.76713001451573350E-002  0.12687491063879075        2.8967927505405977        7.4478593600815941     
 -3.29544578464115081E-003 -4.28574048719553968E-003 -7.15446614984536090E-003 -1.42575061402272964E-002  0.11575044152682475        2.8110804541080547        7.3018518434494561     
 -2.25721511583524062E-003 -3.01096181647728849E-003 -5.28295668704439631E-003 -1.13624428108207755E-002  0.10466095652771747        2.7222251970882350        7.1524745461956512     
 -1.50535921840284307E-003 -2.06531597082124660E-003 -3.83398622778041492E-003 -8.94271387866381502E-003  9.37010709377829737E-002   2.6302056630580717        6.9998204797705927     
 -9.77281514042258178E-004 -1.38074983616422718E-003 -2.73203454765423657E-003 -6.95226521852417966E-003  8.29839094176316044E-002   2.5350095806972774        6.8439326689116537     
 -6.20209188436717331E-004 -9.00144165673894166E-004 -1.91099021702549653E-003 -5.34171360704329551E-003  7.26256663349290899E-002   2.4365994101568145        6.6847620050193317     
 -3.89506347110277174E-004 -5.75071851141200079E-004 -1.31350191396040423E-003 -4.06052392326071258E-003  6.27430690822189246E-002   2.3349193540060407        6.5221540320212030     
 -2.48145820525655847E-004 -3.64512424544016799E-004 -8.90350035571719329E-004 -3.05844895828609161E-003  5.34481498230103547E-002   2.2299064574321359        6.3558205358684345     
 -1.66612155797629609E-004 -2.34581681199927828E-004 -5.99546221386038579E-004 -2.28773380566237201E-003  4.48263644080629936E-002   2.1214902480185800        6.1853447407822015     
 -1.22625978591338347E-004 -1.58450136803981503E-004 -4.05694685385562604E-004 -1.70417319903899472E-003  3.69588938471256401E-002   2.0096350164270893        6.0101819010234010     
 -1.00482894177089473E-004 -1.16022999184076781E-004 -2.79963013069168458E-004 -1.26840994584885504E-003  2.99242593290654606E-002   1.8943218530394847        5.8295691765633562     
 -9.00511671662141349E-005 -9.32399364276111732E-005 -1.99784959719074309E-004 -9.46208036323711540E-004  2.37448597111707786E-002   1.7755614804706814        5.6424937786950835     
 -8.53782202174970510E-005 -8.11129203449490062E-005 -1.48491693804344703E-004 -7.08731030829361295E-004  1.84504571671655349E-002   1.6534123282374573        5.4475864401969671     
 -8.32927286020582316E-005 -7.43886080433825913E-005 -1.14654015250171030E-004 -5.32617675036543251E-004  1.40431772565893665E-002   1.5280009104159655        5.2430397696570612     
 -8.22850893712891938E-005 -7.02963218696781061E-005 -9.10434952028836114E-005 -3.99648724339223373E-004  1.04956257169082513E-002   1.3995705604397530        5.0265385233729702     
 -8.17148888437317682E-005 -6.75239684370984963E-005 -7.35545442467896245E-005 -2.96860960142173369E-004  7.74530496192438623E-003   1.2685283086743968        4.7950817021448922     
 -8.13395285542287339E-005 -6.54956260992289489E-005 -5.99994185744858556E-005 -2.15263467790529364E-004  5.69707266306889934E-003   1.1354864207769289        4.5449057318483481     
 -8.10730748440084605E-005 -6.39660795734711072E-005 -4.92700036486321243E-005 -1.49138345072562966E-004  4.22944691703946822E-003   1.0013250787976751        4.2712961196572872     
 -8.08815585195220001E-005 -6.28150388311127510E-005 -4.07767535195077872E-005 -9.50296738737905236E-005  3.20976214180154372E-003  0.86722586645761035        3.9684275561709854     
 -8.07460411504902579E-005 -6.19623822347473266E-005 -3.41230575345758975E-005 -5.07559438290208973E-005  2.50795826583610900E-003  0.73456982824247952        3.6290010900263554     
 -8.06525701689955266E-005 -6.13459034269950548E-005 -2.90154939475629148E-005 -1.49973920462873059E-005  2.01222549870355488E-003  0.60466533525766242        3.2439979855053211     
 -8.05894178313409210E-005 -6.09103551841808319E-005 -2.51736103851787355E-005  1.34026825770034773E-005  1.63666278983901786E-003  0.47797196235263423        2.8021201255063022     
 -8.05466630207309124E-005 -6.06096139587081957E-005 -2.23509964901737880E-005  3.54339585708332553E-005  1.32169032012106110E-003  0.35523189027354790        2.2902282994480569     
 -8.05127511340844197E-005 -6.04022776826934577E-005 -2.03181459438397915E-005  5.20623199581124243E-005  1.02937097980832447E-003  0.23883660544283430        1.6907292621920260     
