  0.66370942775861197       0.67096903325936497       0.68817727790708050       0.73620202479800978       0.92341407566226108        1.8547047171882050        6.3619371821802613     
  0.68492675698853378       0.69150095815337731       0.70754654480618318       0.75491894467902165       0.94308058361350111        1.8970126908543079        6.6800909216095858     
  0.70611860491256717       0.71204631318689993       0.72699521100064424       0.77317355201071614       0.96200286079395569        1.9390582662573839        7.0111321975369272     
  0.72715395546280337       0.73247375949543758       0.74637319182319906       0.79117233025622657       0.98046722079903770        1.9810861662465291        7.3558544779949608     
  0.74794084620944623       0.75269054913488209       0.76553209409778022       0.80893445561693922       0.99857853720038925        2.0232133769777807        7.7150181009707532     
  0.76839482062993580       0.77261604762420255       0.78443996660604975       0.82644038891250027        1.0163822493591184        2.0654872327977576        8.0893320279868863     
  0.78844005257233785       0.79217884530818938       0.80307338512397897       0.84366154919774394        1.0338944382625939        2.1079166824645847        8.4794529271691452     
  0.80801137801746981       0.81131535238061137       0.82132783093414985       0.86056729681815480        1.0511213092781693        2.1505044965426343        8.8860765557795833     
  0.82705654790549055       0.82996869754770719       0.83915516128124845       0.87712210936567525        1.0680553925283747        2.1932304108577223        9.3098488967856596     
  0.84552985740398057       0.84809138217046576       0.85652349574779985       0.89329044223794452        1.0846845488280363        2.2360734951344980        9.7514354882151402     
  0.86339279623147736       0.86563126935309220       0.87338359003292920       0.90904086382788241        1.1009960832175945        2.2790175301737690        10.211562168912646     
  0.88061002774361041       0.88249874057694466       0.88968452747111870       0.92434238380243217        1.1169722726342117        2.3220365057511252        10.690933421992602     
  0.89715251952943953       0.89873156618064565       0.90539773182863226       0.93917339302148040        1.1326056559579141        2.3651298533139240        11.190411010492273     
  0.91299102440540403       0.91424341935165210       0.92049657662795170       0.95350905121734153        1.1478788194363891        2.4082750417241376        11.710767148986109     
  0.92810147979983648       0.92909039028098039       0.93495984772293494       0.96732893700670564        1.1627777459557656        2.4514634830975526        12.252871582406449     
  0.94242620520021247       0.94322378271567076       0.94877109662267511       0.98061730282748749        1.1772883836525241        2.4946872352134903        12.817618186986413     
  0.95587561264791177       0.95663066410640207       0.96191148374573365       0.99335714556589305        1.1913932238169529        2.5379297508108074        13.405868109875390     
  0.96853748202666956       0.96928820855339337       0.97436588243281574        1.0055336551956948        1.2050753226746238        2.5811733710252764        14.018494365588008     
  0.98044710964000070       0.98117564702211268       0.98612153640446376        1.0171333510078333        1.2183184103754796        2.6244038568341730        14.656382898555758     
  0.99157390450986949       0.99227940051096408       0.99716591462088711        1.0281430247732801        1.2311021819697339        2.6675959705007535        15.320361561400482     
   1.0019055141836064        1.0025974233388442        1.0074922219347324        1.0385550875406309        1.2434121750403566        2.7107399914363870        16.011358355178199     
   1.0114255558061371        1.0121313640126284        1.0170955332274751        1.0483592611612156        1.2552306574366567        2.7538169248504509        16.730240669125862     
   1.0201255083105136        1.0208837766893462        1.0259736846417948        1.0575492124329786        1.2665400410391012        2.7968056883914674        17.477871968797917     
   1.0280104606252036        1.0288602842787025        1.0341292615213016        1.0661179500747369        1.2773278712487917        2.8397016628014016        18.255195844780488     
   1.0350949631873967        1.0360689025436685        1.0415684088360924        1.0740694543350040        1.2875837357373896        2.8825049074921463        19.063206803562331     
   1.0413938754212837        1.0425166061040301        1.0482949475384100        1.0814000161254536        1.2972937930580335        2.9252061027488536        19.902827391574355     
   1.0469166344840519        1.0482071304207110        1.0543106799129123        1.0881025011879251        1.3064384124951363        2.9677798328501153        20.774843533420455     
   1.0516731357384750        1.0531479842571627        1.0596194783795621        1.0941724981452570        1.3149999263947820        3.0102059358298887        21.680063041377633     
   1.0556749116824333        1.0573503554648140        1.0642278474468687        1.0996090098156390        1.3229649399838457        3.0524778874340219        22.619376090671707     
   1.0589359611623301        1.0608274124833770        1.0681447534729260        1.1044132395644206        1.3303239773065296        3.0946021359848408        23.593774691470585     
   1.0614598143216827        1.0635817216620889        1.0713679151903477        1.1085699058768632        1.3370522587483149        3.1365435080558166        24.603874965021379     
   1.0632523760515926        1.0656170325503913        1.0738976192591076        1.1120810197124991        1.3431302665257798        3.1782846038382950        25.650410502873815     
   1.0643097165670052        1.0669279014795123        1.0757258179560123        1.1149345448433499        1.3485290282718576        3.2197814494738428        26.733789584564970     
   1.0646243950760781        1.0675060640114242        1.0768434325285641        1.1171112098800795        1.3532183206748125        3.2610022990299505        27.854559202619832     
   1.0641796423342356        1.0673340970196927        1.0772331118351057        1.1185841649364574        1.3571610530714981        3.3018998286674890        29.013020540124231     
   1.0629488245091914        1.0663861871531102        1.0768705542167361        1.1193186456569670        1.3603146994982256        3.3424223867310912        30.209373358708781     
   1.0608900948614628        1.0646229939862377        1.0757185759491810        1.1192647623382845        1.3626250055379314        3.3825021569391898        31.443559353118022     
   1.0579461055122963        1.0619914140564679        1.0737249222289071        1.1183561270676898        1.3640273982539171        3.4220640769435122        32.715370825706536     
   1.0540397945425091        1.0584192836095969        1.0708129748545414        1.1165054496329425        1.3644441105220884        3.4610226304149432        34.024415177013999     
   1.0490741638580303        1.0538111825447427        1.0668761986879045        1.1135998808517671        1.3637888742668385        3.4993124969803153        35.370451616810207     
   1.0429073306486982        1.0480156529857023        1.0617510059726039        1.1094759360221587        1.3619469628312697        3.5368315312267704        36.752811078511620     
   1.0353059557032243        1.0407896209743035        1.0551879168884530        1.1038989453587909        1.3587737954265517        3.5734597669289370        38.170421816484726     
   1.0258726592782270        1.0317321124191772        1.0467912662432257        1.0965443352519759        1.3541052064788182        3.6090792914479244        39.622126300290901     
   1.0138027788546655        1.0200363093939666        1.0357793677445648        1.0868903834688546        1.3477185945365135        3.6434273625599669        41.104769659105060     
  0.74839583974102375       0.75496328892857745       0.77115002017857726       0.82266783442132208        1.0922947669080252        3.5494261246222156        42.612407723033279     
  0.73084610375910719       0.73793897065522429       0.75560751019981742       0.81018687227977848        1.0863772571547405        3.5863638263492921        44.144836504551698     
  0.71522758223009963       0.72239976211166157       0.74063593551552609       0.79763208352254034        1.0797286212779951        3.6212216574625686        45.694855286699010     
  0.70124310937405077       0.70835232238048462       0.72657574146902448       0.78512614823060112        1.0724050122504443        3.6538421078839636        47.259387616492695     
  0.68867408369919236       0.69569576708186132       0.71365395796934450       0.77276982611626444        1.0644651049767253        3.6842111709507144        48.837023123885068     
  0.67706529573264362       0.68408161083373953       0.70181093996952215       0.76067501714543651        1.0559898407839341        3.7124312314002035        50.427845887725283     
  0.66633543486093949       0.67328703910034082       0.69082767516138399       0.74895540115960912        1.0470236564463160        3.7384926227484518        52.030587855560199     
  0.65655257779438270       0.66332498229618631       0.68053039651006386       0.73762215757610072        1.0375067417811548        3.7620218478370071        53.638477695943557     
  0.64777476687813151       0.65423625203670277       0.67088801637796081       0.72668248883078157        1.0273609645251338        3.7825444856042685        55.242792476743347     
  0.64008379526682468       0.64608455692117261       0.66193137043228489       0.71614269257912155        1.0165526255790045        3.7997352945548939        56.836350984472638     
  0.63355624791843645       0.63894205171246699       0.65371244535457318       0.70599767310248152        1.0050644354720744        3.8133034493367530        58.411921018898020     
  0.62820532785807826       0.63285818562631901       0.64628494554257521       0.69623543141589928       0.99284231814490032        3.8227893139360911        59.958957704175937     
  0.62395810973064547       0.62783303132722690       0.63969372130151758       0.68684863006609620       0.97979469768765970        3.8275403871714913        61.463285970692368     
  0.62065181292648430       0.62379776043475954       0.63397125317344716       0.67785234968855301       0.96582986717380259        3.8268240745145867        62.907976919369766     
  0.61809055479575403       0.62060964550245212       0.62911522208088833       0.66927450043446923       0.95084756969670980        3.8198520813350521        64.274168117370522     
  0.61610997251857802       0.61810926110158215       0.62508497997739143       0.66116937472486426       0.93476487183463663        3.8057844552238662        65.540505594791256     
  0.61459360766288940       0.61616145310183590       0.62180484018346804       0.65360960018533254       0.91751986107620387        3.7837595552326482        66.682783747966624     
  0.61345867487303374       0.61466400278665523       0.61917667273929877       0.64667596112579595       0.89907986018800035        3.7528964265737037        67.676511377719933     
  0.61264018592482394       0.61354175936356814       0.61710219882915018       0.64044605713200475       0.87948121371536425        3.7123776211407553        68.495646815525916     
  0.61207942145012018       0.61273127367750402       0.61549194494864867       0.63498003547856219       0.85880785080077082        3.6615012526520934        69.114475846785538     
  0.61171908994685253       0.61217378923224153       0.61427325666956289       0.63030537451236734       0.83725811365777481        3.5996870871299884        69.507920921273069     
  0.61150461826757774       0.61181276993373968       0.61338183646286049       0.62640355831058059       0.81515936858357996        3.5264307078232373        69.650754066573001     
  0.61138698612290643       0.61159423491597809       0.61275451952421522       0.62322396794555812       0.79284671285449126        3.4412211803217385        69.516199604644058     
  0.61132739860270635       0.61147012266605560       0.61233124802273264       0.62068686639424187       0.77062951617298303        3.3436742425533770        69.078527216495416     
  0.61129923933663000       0.61140273910737286       0.61205565772192905       0.61870368937744036       0.74899784840882777        3.2335106073864273        68.312747698019891     
  0.61128618853964700       0.61136606809332306       0.61187791684551163       0.61718226647787688       0.72834427640383437        3.1107070090316191        67.198093730601514     
  0.61127965158107522       0.61134435080618355       0.61175976276473365       0.61602989977343270       0.70912612951636778        2.9755825119728767        65.720381006044036     
  0.61127565762759695       0.61132936925009140       0.61167462237654568       0.61515823247928170       0.69175691021669539        2.8287119611765457        63.871136016939161     
  0.61127264287324690       0.61131743541273276       0.61160706241285767       0.61448656500353760       0.67657540921967907        2.6710983553829521        61.651951081746127     
  0.61127009879561589       0.61130716065947766       0.61154942272200397       0.61394963710310524       0.66374433304782854        2.5040593529168977        59.072964588434616     
  0.61126789401180359       0.61129813340738581       0.61149855426659150       0.61350065535280773       0.65323652433497836        2.3293569335134241        56.156799983541596     
  0.61126599916650104       0.61129025506333146       0.61145347541415374       0.61311186418243591       0.64482791616861435        2.1490904185000730        52.936778264855427     
  0.61126440483619304       0.61128351293167438       0.61141405401382698       0.61277031943142879       0.63818598001893423        1.9664645511332874        49.476203828986307     
  0.61126309758701436       0.61127787732295258       0.61138026817576230       0.61247148842925148       0.63291500243094845        1.7850389583653716        45.852192316556589     
  0.61126205486460183       0.61127328480464127       0.61135193858233206       0.61221368989842617       0.62865805519269835        1.6084384955688551        42.144360940975318     
  0.61126124969536200       0.61126965376119646       0.61132881861019439       0.61199633483279292       0.62515775248410810        1.4414616190940144        38.463420316101548     
  0.61135367130176721       0.61135989269577140       0.61140346115129240       0.61191021923510680       0.62234152557622491        1.2890630984641083        34.933469793206186     
