  1.16928221207982734E-004  1.08066041591350828E-003  4.16694830400241630E-003  6.52546759428886299E-003  4.16694830400241543E-003  1.08066041591350676E-003  1.16928221207981866E-004
  1.16824517308089233E-004  1.07970197578303117E-003  4.16325262826805400E-003  6.51968014254137706E-003  4.16325262826802017E-003  1.07970197578302813E-003  1.16824517308088095E-004
  1.16716665252199667E-004  1.07870519804734210E-003  4.15940912550433022E-003  6.51366119272404811E-003  4.15940912550430333E-003  1.07870519804733581E-003  1.16716665252199084E-004
  1.16604665040315308E-004  1.07767008270642502E-003  4.15541779571120505E-003  6.50741074483677812E-003  4.15541779571121025E-003  1.07767008270642848E-003  1.16604665040314251E-004
  1.16492072234716210E-004  1.07662949056476411E-003  4.15140534777105278E-003  6.50112722579670316E-003  4.15140534777104584E-003  1.07662949056476346E-003  1.16492072234715099E-004
  1.16380664616544058E-004  1.07559985202459693E-003  4.14743513612498248E-003  6.49490984906227458E-003  4.14743513612499549E-003  1.07559985202459302E-003  1.16380664616544085E-004
  1.16269849592086767E-004  1.07457569028517920E-003  4.14348604262600607E-003  6.48872554348073251E-003  4.14348604262597484E-003  1.07457569028517703E-003  1.16269849592086754E-004
  1.16159627161342807E-004  1.07355700534650139E-003  4.13955806727409059E-003  6.48257430905200063E-003  4.13955806727406977E-003  1.07355700534649706E-003  1.16159627161342103E-004
  1.16047626949458124E-004  1.07252189000559038E-003  4.13556673748097150E-003  6.47632386116478616E-003  4.13556673748095589E-003  1.07252189000558453E-003  1.16047626949457501E-004
  1.15931478581577700E-004  1.07144843705945700E-003  4.13142758065848398E-003  6.46984191520758554E-003  4.13142758065845623E-003  1.07144843705945484E-003  1.15931478581576412E-004
  1.15809996870272936E-004  1.07032569290661751E-003  4.12709836051251572E-003  6.46306232887487384E-003  4.12709836051250358E-003  1.07032569290661773E-003  1.15809996870272489E-004
  1.15680811440691932E-004  1.06913175034407774E-003  4.12249460445486202E-003  6.45585281755520386E-003  4.12249460445485161E-003  1.06913175034407926E-003  1.15680811440690957E-004
  1.15545107480259413E-004  1.06787756297334335E-003  4.11765854877958574E-003  6.44827952355424804E-003  4.11765854877961003E-003  1.06787756297334032E-003  1.15545107480258640E-004
  1.15401107207835669E-004  1.06654670039216877E-003  4.11252683904562467E-003  6.44024323341348733E-003  4.11252683904561166E-003  1.06654670039216639E-003  1.15401107207835317E-004
  1.15248810623420458E-004  1.06513916260055530E-003  4.10709947525290161E-003  6.43174394713296252E-003  4.10709947525287646E-003  1.06513916260054685E-003  1.15248810623420133E-004
  1.15088217727014389E-004  1.06365494959850555E-003  4.10137645740140007E-003  6.42278166471259553E-003  4.10137645740137752E-003  1.06365494959850793E-003  1.15088217727013617E-004
  1.14918143331188877E-004  1.06208310778452817E-003  4.09531554919704416E-003  6.41329024384677988E-003  4.09531554919706237E-003  1.06208310778452579E-003  1.14918143331187807E-004
  1.14737402248517734E-004  1.06041268355711927E-003  4.08887451434574410E-003  6.40320354222981801E-003  4.08887451434572329E-003  1.06041268355711775E-003  1.14737402248516081E-004
  1.14544809291572443E-004  1.05863272331481678E-003  4.08201111655332686E-003  6.39245541755594383E-003  4.08201111655337196E-003  1.05863272331481050E-003  1.14544809291570912E-004
  1.14337994085498841E-004  1.05672131985460921E-003  4.07464088323171176E-003  6.38091358521387323E-003  4.07464088323171783E-003  1.05672131985461008E-003  1.14337994085497661E-004
  1.14116364036583352E-004  1.05467299637576747E-003  4.06674269623369042E-003  6.36854497405075094E-003  4.06674269623369996E-003  1.05467299637575706E-003  1.14116364036582403E-004
  1.13878141363684210E-004  1.05247132247604145E-003  4.05825320111821274E-003  6.35525037060801889E-003  4.05825320111820667E-003  1.05247132247603733E-003  1.13878141363684237E-004
  1.13621548285661625E-004  1.05009986775320575E-003  4.04910904344406471E-003  6.34093056142718235E-003  4.04910904344405690E-003  1.05009986775321073E-003  1.13621548285661652E-004
  1.13345992208802715E-004  1.04755315540651785E-003  4.03928910506420793E-003  6.32555247535535915E-003  4.03928910506419925E-003  1.04755315540651893E-003  1.13345992208801618E-004
  1.13051473133104471E-004  1.04483118543597167E-003  4.02879338597860164E-003  6.30911611239262041E-003  4.02879338597861292E-003  1.04483118543596972E-003  1.13051473133103983E-004
  1.12736805871142576E-004  1.04192300424008001E-003  4.01757964989322286E-003  6.29155533023321219E-003  4.01757964989323240E-003  1.04192300424006527E-003  1.12736805871141356E-004
  1.12399027454346162E-004  1.03880122781509470E-003  4.00554230607274610E-003  6.27270477311291184E-003  4.00554230607274697E-003  1.03880122781508906E-003  1.12399027454345064E-004
  1.12035767507861553E-004  1.03544394895805931E-003  3.99259688192898660E-003  6.25243215642042570E-003  3.99259688192896926E-003  1.03544394895806126E-003  1.12035767507860767E-004
  1.11645840844261683E-004  1.03184021406747383E-003  3.97870114116778088E-003  6.23067133784997555E-003  3.97870114116779475E-003  1.03184021406746299E-003  1.11645840844261059E-004
  1.11229247463546808E-004  1.02799002314333111E-003  3.96385508378918009E-003  6.20742231740165334E-003  3.96385508378920004E-003  1.02799002314332916E-003  1.11229247463545344E-004
  1.10781839209720374E-004  1.02385503858043220E-003  3.94791088276383925E-003  6.18245359700548853E-003  3.94791088276383491E-003  1.02385503858042548E-003  1.10781839209719100E-004
  1.10301245707928030E-004  1.01941335317576928E-003  3.93078406550346083E-003  6.15563289205014064E-003  3.93078406550345563E-003  1.01941335317576017E-003  1.10301245707926959E-004
  1.09782726208459849E-004  1.01462115252339046E-003  3.91230568683169702E-003  6.12669563331289056E-003  3.91230568683168748E-003  1.01462115252339046E-003  1.09782726208458982E-004
  1.09222725149034982E-004  1.00944557581882826E-003  3.89234903786614839E-003  6.09544339387663951E-003  3.89234903786613842E-003  1.00944557581882284E-003  1.09222725149033884E-004
  1.08616501779942756E-004  1.00384280865610021E-003  3.87074517343046322E-003  6.06161160451865102E-003  3.87074517343045368E-003  1.00384280865609783E-003  1.08616501779942106E-004
  1.07959315351474169E-004  9.97769036629264638E-004  3.84732514834816054E-003  6.02493569601624673E-003  3.84732514834815837E-003  9.97769036629258133E-004  1.07959315351473654E-004
  1.07245239926493380E-004  9.91169491730846224E-004  3.82187778114872036E-003  5.98508495684089720E-003  3.82187778114872903E-003  9.91169491730839285E-004  1.07245239926492391E-004
  1.06468349567862041E-004  9.83989405953400670E-004  3.79419189036162311E-003  5.94172867546425600E-003  3.79419189036162485E-003  9.83989405953398502E-004  1.06468349567861119E-004
  1.05622718338444296E-004  9.76174011289465357E-004  3.76405629451632192E-003  5.89453614035787086E-003  3.76405629451632105E-003  9.76174011289462212E-004  1.05622718338443537E-004
  1.04704790675957859E-004  9.67690446934576045E-004  3.73134428473050105E-003  5.84330892460470635E-003  3.73134428473050452E-003  9.67690446934570299E-004  1.04704790675957127E-004
  1.03709233236979636E-004  9.58489421682012419E-004  3.69586579768068973E-003  5.78774938782916203E-003  3.69586579768066371E-003  9.58489421682010793E-004  1.03709233236978755E-004
  1.02629527490659248E-004  9.48510690723573997E-004  3.65738853374925456E-003  5.72749374734993905E-003  3.65738853374924502E-003  9.48510690723576274E-004  1.02629527490658422E-004
  1.01460340093573808E-004  9.37704962852559977E-004  3.61572242961278332E-003  5.66224436279154017E-003  3.61572242961275729E-003  9.37704962852559326E-004  1.01460340093572940E-004
  1.00186263609167202E-004  9.25929841249583264E-004  3.57031841344780231E-003  5.59114138417996821E-003  3.57031841344778019E-003  9.25929841249572855E-004  1.00186263609166335E-004
  9.87936683820249390E-005  9.13059359497482592E-004  3.52069076787215858E-003  5.51342417499986817E-003  3.52069076787214167E-003  9.13059359497477604E-004  9.87936683820240852E-005
  9.72724803190148267E-005  8.99000411983599855E-004  3.46648048438588348E-003  5.42853052565292742E-003  3.46648048438588435E-003  8.99000411983592049E-004  9.72724803190141085E-005
  9.56108475458628931E-005  8.83643462693009811E-004  3.40726520004795176E-003  5.33579901308228743E-003  3.40726520004796217E-003  8.83643462693008944E-004  9.56108475458630015E-005
  9.38099552499975341E-005  8.66999465227211922E-004  3.34308715115247184E-003  5.23529577959365878E-003  3.34308715115246100E-003  8.66999465227210188E-004  9.38099552499966531E-005
  9.18804701182637568E-005  8.49167001999625247E-004  3.27432646434635969E-003  5.12761610593817294E-003  3.27432646434636879E-003  8.49167001999623838E-004  9.18804701182631604E-005
  8.98395773683588434E-005  8.30304900231871061E-004  3.20159556589420758E-003  5.01371905554829668E-003  3.20159556589423100E-003  8.30304900231870627E-004  8.98395773683578541E-005
  8.76979436871283433E-005  8.10511742337371890E-004  3.12527458244298614E-003  4.89419990917516930E-003  3.12527458244297573E-003  8.10511742337369071E-004  8.76979436871275301E-005
  8.54454949814401868E-005  7.89694422703451850E-004  3.04500450549273971E-003  4.76849645722049811E-003  3.04500450549274318E-003  7.89694422703442851E-004  8.54454949814394414E-005
  8.30697867833075183E-005  7.67737928514444475E-004  2.96034185395536867E-003  4.63591420547449819E-003  2.96034185395536911E-003  7.67737928514440247E-004  8.30697867833065561E-005
  8.05690413115880554E-005  7.44625829368123827E-004  2.87122327338972449E-003  4.49635394047879968E-003  2.87122327338973447E-003  7.44625829368123176E-004  8.05690413115880689E-005
  7.79450363474240939E-005  7.20374555666724843E-004  2.77771211823697175E-003  4.34991487569178718E-003  2.77771211823696221E-003  7.20374555666726145E-004  7.79450363474239584E-005
  7.51930311411062239E-005  6.94940293004286534E-004  2.67963944332065161E-003  4.19633244189078838E-003  2.67963944332065291E-003  6.94940293004282306E-004  7.51930311411059664E-005
  7.23035441932150561E-005  6.68235412568874451E-004  2.57666735828793007E-003  4.03507750063029913E-003  2.57666735828795176E-003  6.68235412568868163E-004  7.23035441932147309E-005
  6.92670940043317162E-005  6.40172285548555554E-004  2.46845797278595885E-003  3.86562091346487075E-003  2.46845797278596362E-003  6.40172285548547097E-004  6.92670940043312554E-005
  6.60777546373195770E-005  6.10696143935878714E-004  2.35480010534419061E-003  3.68763196886605620E-003  2.35480010534418194E-003  6.10696143935877738E-004  6.60777546373191163E-005
  6.27325631236102100E-005  5.79779603727121349E-004  2.23558816522736016E-003  3.50094531106962632E-003  2.23558816522736667E-003  5.79779603727116686E-004  6.27325631236097764E-005
  5.92338898380585777E-005  5.47444572125257338E-004  2.11090662502367264E-003  3.30569322468695454E-003  2.11090662502366484E-003  5.47444572125252676E-004  5.92338898380580830E-005
  5.55888459052281852E-005  5.13756770739235325E-004  1.98100890249777077E-003  3.10227256355217204E-003  1.98100890249777945E-003  5.13756770739231855E-004  5.55888459052280225E-005
  5.18128387616754419E-005  4.78858596388446252E-004  1.84644406947306362E-003  2.89154317763917843E-003  1.84644406947306904E-003  4.78858596388441156E-004  5.18128387616750014E-005
  4.79301647496607896E-005  4.42974597903448761E-004  1.70807796997873417E-003  2.67486098421451613E-003  1.70807796997873244E-003  4.42974597903446267E-004  4.79301647496603220E-005
  4.39728239297225903E-005  4.06400522524508808E-004  1.56705098395566148E-003  2.45401182553168758E-003  1.56705098395566278E-003  4.06400522524507886E-004  4.39728239297224955E-005
  3.99775571121092666E-005  3.69475931897857190E-004  1.42467243652116306E-003  2.23104611306692603E-003  1.42467243652117303E-003  3.69475931897855347E-004  3.99775571121088668E-005
  3.59828828882095920E-005  3.32556818071948581E-004  1.28231500723372947E-003  2.00811347175502150E-003  1.28231500723372882E-003  3.32556818071946196E-004  3.59828828882092464E-005
  3.20314680054082230E-005  2.96037510700465449E-004  1.14149920268119261E-003  1.78759502460062157E-003  1.14149920268119954E-003  2.96037510700463931E-004  3.20314680054079452E-005
  2.81677569922309873E-005  2.60328769839329158E-004  1.00380888389256994E-003  1.57197110806692100E-003  1.00380888389257515E-003  2.60328769839328236E-004  2.81677569922308010E-005
  2.44391573457725206E-005  2.25868739548182649E-004  8.70933502632143756E-004  1.36388741438133116E-003  8.70933502632142455E-004  2.25868739548181646E-004  2.44391573457721140E-005
  2.08942617505537541E-005  1.93106517488163964E-004  7.44604746958290849E-004  1.16605577807694927E-003  7.44604746958286187E-004  1.93106517488163856E-004  2.08942617505536592E-005
  1.75781073288146761E-005  1.62458340515936664E-004  6.26427596047069921E-004  9.80989606769801540E-004  6.26427596047069379E-004  1.62458340515935499E-004  1.75781073288146049E-005
  1.45315830467988449E-005  1.34302107882944212E-004  5.17859202045183281E-004  8.10970810006035603E-004  5.17859202045183389E-004  1.34302107882944158E-004  1.45315830467986856E-005
  1.17866889650447545E-005  1.08933566829449746E-004  4.20039944893510963E-004  6.57785230039152581E-004  4.20039944893512156E-004  1.08933566829449760E-004  1.17866889650447477E-005
  9.36594364467241616E-006  8.65608357837836779E-005  3.33772314180089092E-004  5.22689570677164930E-004  3.33772314180087900E-004  8.65608357837832306E-005  9.36594364467227047E-006
  7.27942117881401273E-006  6.72770203586208490E-005  2.59415318404821967E-004  4.06246041518399260E-004  2.59415318404821751E-004  6.72770203586201714E-005  7.27942117881395428E-006
  5.52949194232444575E-006  5.11040277569430493E-005  1.97053430155926109E-004  3.08586927174224728E-004  1.97053430155925892E-004  5.11040277569427986E-005  5.52949194232438477E-006
  4.10311887350278172E-006  3.79213683623483671E-005  1.46222050198223857E-004  2.28984662282105894E-004  1.46222050198223992E-004  3.79213683623483806E-005  4.10311887350275546E-006
  2.97245006780616249E-006  2.74716325397949210E-005  1.05928625620203950E-004  1.65884902658440357E-004  1.05928625620203707E-004  2.74716325397947516E-005  2.97245006780614767E-006
  2.10370768355500468E-006  1.94426426467847099E-005  7.49694220398173801E-005  1.17402592591201070E-004  7.49694220398171361E-005  1.94426426467845913E-005  2.10370768355499112E-006
  1.45422497336451030E-006  1.34400690296364856E-005  5.18239328692146170E-005  8.11566090757203946E-005  5.18239328692145357E-005  1.34400690296364788E-005  1.45422497336449294E-006
