  0.99962556213120224       0.99902572471083817       0.99718324170092620       0.99149721238283173       0.98821205246928123       0.99999999999999900        1.0000000000000007     
  0.99966241024590063       0.99910155122092070       0.99733812128641630       0.99179941305535091       0.98828687799626358       0.99999999999999734       0.99999999999999900     
  0.99969321323108740       0.99915833025227063       0.99748315058690762       0.99208826028763175       0.98836754676373029       0.99999999999999845       0.99999999999999722     
  0.99971969367581925       0.99921476766592621       0.99761719174823249       0.99236406141538580       0.98851580058734678       0.99999999999999978       0.99999999999999911     
  0.99973662012024911       0.99926578036750735       0.99774097561881403       0.99262686543583156       0.98861857640953532        1.0000000000000024       0.99999999999999933     
  0.99975636657190670       0.99931180212433635       0.99783869547104609       0.99287716407455917       0.98872214490005039        1.0000000000000027        1.0000000000000011     
  0.99977407814717423       0.99935389105371475       0.99794660711419314       0.99311108825802574       0.98882442030815743       0.99999999999999634       0.99999999999999989     
  0.99978999903763732       0.99938688937781783       0.99804668457777934       0.99333723129556817       0.98894294494329793       0.99999999999999656       0.99999999999999756     
  0.99980190201431784       0.99942269391385996       0.99808859649712456       0.99355269590645712       0.98904776438324316        1.0000000000000049        1.0000000000000009     
  0.99981512675828299       0.99942371495390525       0.99808274407809860       0.99375808600481452       0.98915330732671991       0.99999999999999978        1.0000000000000007     
  0.99981711651499594       0.99943986116466865       0.99815894449789555       0.99395400141431811       0.98926321984258825       0.99999999999999944       0.99999999999999922     
  0.99982013895496546       0.99946351880638618       0.99824302089436923       0.99411749793885862       0.98942285818292108       0.99999999999999800        1.0000000000000002     
  0.99983140196958598       0.99949240924970373       0.99832527871717658       0.99429734859616759       0.98952845279926105       0.99999999999999678        1.0000000000000004     
  0.99984166405632746       0.99950175258959173       0.99835057306768948       0.99433885554906687       0.98963643693218095        1.0000000000000011        1.0000000000000018     
  0.99984235853020786       0.99952040757266070       0.99837476986860574       0.99450979770451475       0.98974397376249434       0.99999999999999434       0.99999999999999800     
  0.99985061526040764       0.99954574838117982       0.99844075091905515       0.99467390792818999       0.98985115542329627       0.99999999999999678        1.0000000000000000     
  0.99985965228490969       0.99956576131945785       0.99851014966522267       0.99477836779179118       0.98995808950810471       0.99999999999999956       0.99999999999999978     
  0.99986776306079961       0.99958742088451791       0.99856796129399339       0.99476064951531062       0.99006495074470224       0.99999999999999933        1.0000000000000007     
  0.99987269053934513       0.99959953702005711       0.99862636734021637       0.99491581302301269       0.99017205076668646        1.0000000000000000       0.99999999999999878     
  0.99988062016850754       0.99962101645244450       0.99865923705055304       0.99503619737816806       0.99027975874233942       0.99999999999999689       0.99999999999999867     
  0.99988230207118223       0.99963728705081412       0.99870465027232846       0.99510943301896893       0.99038864746119959        1.0000000000000013       0.99999999999999922     
  0.99988898240684410       0.99964367460126069       0.99874679058692106       0.99523288817082411       0.99049893162763558        1.0000000000000009        1.0000000000000002     
  0.99989342967390915       0.99965454803070619       0.99875480366755232       0.99536000660289881       0.99060550210302234        1.0000000000000029        1.0000000000000007     
  0.99989885248238386       0.99967043464578753       0.99878845030850560       0.99540086130235506       0.99066869942137670       0.99999999999999900       0.99999999999999800     
  0.99989766909240640       0.99968154916971363       0.99882592465888886       0.99543508626380450       0.99078592819662270       0.99999999999999811        1.0000000000000002     
  0.99990337451398470       0.99968200399436347       0.99887523375379128       0.99556803855629716       0.99086230756074034       0.99999999999999878       0.99999999999999789     
  0.99990695338746616       0.99969327797433560       0.99887228553829355       0.99557363313004466       0.99088467031850480       0.99999999999999911        1.0000000000000002     
  0.99989963888345168       0.99970574670260193       0.99887150683066839       0.99549177985360626       0.99072545249290012       0.99999999999999645        1.0000000000000009     
  0.99989701644751783       0.99968001655891814       0.99889904076778502       0.99553231337398884       0.99085913470054587        1.0000000000000027       0.99999999999999767     
  0.99988569913505021       0.99968935429339834       0.99886190411020603       0.99554642667541349       0.99099924397835581        1.0000000000000000       0.99999999999999800     
  0.99985741204076450       0.99967101119856960       0.99885403099187597       0.99560763491396054       0.99114398968057427        1.0000000000000047       0.99999999999999978     
  0.99982842735152244       0.99957961398049044       0.99883686192354904       0.99546181026782776       0.99128787296892462       0.99999999999999534       0.99999999999999578     
  0.99975482970147578       0.99947936993079944       0.99857804349405510       0.99550744286489912       0.99143999967268015       0.99999999999999745       0.99999999999999867     
  0.99963983247798394       0.99940781599315853       0.99839376804584712       0.99489747850260013       0.99149488516794260       0.99999999999999789       0.99999999999999623     
  0.99940818686712884       0.99921743456218881       0.99828109790822661       0.99492202286667664       0.99160138390319896        1.0000000000000040       0.99999999999999656     
  0.99912099171097513       0.99890389115732914       0.99791771994251299       0.99470698173618355       0.99174385963241074       0.99999999999999412       0.99999999999999989     
  0.99870375566523328       0.99850603980475761       0.99693466880605441       0.99347074883809006       0.99192152884254847       0.99999999999999978       0.99999999999999933     
  0.99808645827526621       0.99798186869834438       0.99649389292312962       0.99274674296102083       0.99210889634409538        1.0000000000000011       0.99999999999999989     
  0.99684084334387713       0.99654106892237571       0.99597240841227641       0.99253112006929289       0.99230519195295386        1.0000000000000018       0.99999999999999811     
  0.99529670569145212       0.99578058495531618       0.99333255240493301       0.98897748172553468       0.99250815283554816        1.0000000000000004        1.0000000000000000     
  0.99310601736992643       0.99166087219690890       0.98865413927806889       0.98556018024725900       0.99251470710439582       0.99999999999999845       0.99999999999999800     
  0.98682600294092060       0.98456483912922843       0.98667958435644565       0.98133665265418257       0.99272700647729262        1.0000000000000020       0.99999999999999811     
  0.97708441711816896       0.97315984014452006       0.96924481525024186       0.96853154305559042       0.99291653706765515       0.99999999999999989        1.0000000000000018     
  0.94272309360771878       0.93495766138080916       0.93694210129882749       0.92413452745783142       0.99313034016022794        1.0000000000000013        1.0000000000000011     
   0.0000000000000000        0.0000000000000000        0.0000000000000000       0.31352799744615556       0.99323757563437254       0.99999999999999667       0.99999999999999645     
   0.0000000000000000        0.0000000000000000        0.0000000000000000       0.33092766042905031       0.99344626383180878       0.99999999999999967       0.99999999999999878     
   0.0000000000000000        0.0000000000000000        0.0000000000000000       0.35882431093301298       0.99366048480262892        1.0000000000000011       0.99999999999999600     
   0.0000000000000000        0.0000000000000000        0.0000000000000000       0.39487894743135787       0.99388096280758909        1.0000000000000011       0.99999999999999800     
   0.0000000000000000        0.0000000000000000        0.0000000000000000       0.43259911955035152       0.99410766697432740        1.0000000000000002       0.99999999999999611     
   0.0000000000000000        0.0000000000000000        0.0000000000000000       0.46904037718180247       0.99434058580549334        1.0000000000000013       0.99999999999999456     
   0.0000000000000000        0.0000000000000000        0.0000000000000000       0.50278348229210157       0.99457972522370564       0.99999999999999944        1.0000000000000016     
   0.0000000000000000        0.0000000000000000        0.0000000000000000       0.53413466174570046       0.99482479868582230       0.99999999999999978       0.99999999999999767     
   0.0000000000000000        0.0000000000000000        0.0000000000000000       0.56386842348719901       0.99507596626255890        1.0000000000000009        1.0000000000000000     
   0.0000000000000000        0.0000000000000000        0.0000000000000000       0.59288458604374561       0.99533295305204728       0.99999999999999967       0.99999999999999811     
   0.0000000000000000        0.0000000000000000        0.0000000000000000       0.62202799488312510       0.99559533225764230       0.99999999999999789        1.0000000000000002     
   0.0000000000000000        0.0000000000000000        0.0000000000000000       0.65163928141052552       0.99586251706954021        1.0000000000000002       0.99999999999999645     
   0.0000000000000000        0.0000000000000000        0.0000000000000000       0.68192640711819263       0.99613363505794827       0.99999999999999856       0.99999999999999667     
   0.0000000000000000        0.0000000000000000        0.0000000000000000       0.71337421055791361       0.99640769321802825       0.99999999999999911       0.99999999999999956     
   0.0000000000000000        0.0000000000000000        0.0000000000000000       0.74592893875819299       0.99668335838938926       0.99999999999999734        1.0000000000000058     
   0.0000000000000000        0.0000000000000000        0.0000000000000000       0.77903552152746813       0.99695901861234604       0.99999999999999778       0.99999999999999478     
   0.0000000000000000        0.0000000000000000        0.0000000000000000       0.81213004416648615       0.99723280164966732       0.99999999999999900        1.0000000000000002     
   0.0000000000000000        0.0000000000000000        0.0000000000000000       0.84413317466169913       0.99750438470094205       0.99999999999999722       0.99999999999999900     
   0.0000000000000000        0.0000000000000000        0.0000000000000000       0.87429482827994831       0.99779209172016370       0.99999999999999833       0.99999999999999933     
   0.0000000000000000        0.0000000000000000        0.0000000000000000       0.90120840556146409       0.99810059702704435       0.99999999999999922        1.0000000000000002     
   0.0000000000000000        0.0000000000000000        0.0000000000000000       0.92437899966157311       0.99845319910796437       0.99999999999999989       0.99999999999999956     
   0.0000000000000000        0.0000000000000000        0.0000000000000000       0.94368505451783824       0.99874051292589605       0.99999999999999811       0.99999999999999911     
   0.0000000000000000        0.0000000000000000        0.0000000000000000       0.95911904154855054       0.99893973679294001       0.99999999999999956        1.0000000000000004     
   0.0000000000000000        0.0000000000000000        0.0000000000000000       0.97116968210550825       0.99910801299857011       0.99999999999999967        1.0000000000000009     
   0.0000000000000000        0.0000000000000000        0.0000000000000000       0.98032922753051643       0.99926255147376963       0.99999999999999667       0.99999999999999867     
   0.0000000000000000        0.0000000000000000        0.0000000000000000       0.98702073564977111       0.99940510983696151        1.0000000000000004       0.99999999999999767     
   0.0000000000000000        0.0000000000000000        0.0000000000000000       0.99173658943618792       0.99953952479239205       0.99999999999999989       0.99999999999999967     
   0.0000000000000000        0.0000000000000000        0.0000000000000000       0.99480708820805386       0.99962597702508560       0.99999999999999978        1.0000000000000007     
   0.0000000000000000        0.0000000000000000        0.0000000000000000       0.99671118831326999       0.99969489546712775        1.0000000000000020        1.0000000000000040     
   0.0000000000000000        0.0000000000000000        0.0000000000000000       0.99780728831665189       0.99980342097916142        1.0000000000000004       0.99999999999999944     
   0.0000000000000000        0.0000000000000000        0.0000000000000000       0.99842680668453831       0.99989109255327324        1.0000000000000009       0.99999999999999767     
   0.0000000000000000        0.0000000000000000        0.0000000000000000       0.99879349229043568       0.99995187645956662        1.0000000000000016       0.99999999999999967     
   0.0000000000000000        0.0000000000000000        0.0000000000000000       0.99904589523976051       0.99998538684949900       0.99999999999999978       0.99999999999999911     
   0.0000000000000000        0.0000000000000000        0.0000000000000000       0.99924430189425262       0.99999786589403250        1.0000000000000004       0.99999999999999956     
   0.0000000000000000        0.0000000000000000        0.0000000000000000       0.99941275369666827       0.99999963815241111        1.0000000000000007       0.99999999999999889     
   0.0000000000000000        0.0000000000000000        0.0000000000000000       0.99955680658236046       0.99999999814894647        1.0000000000000018       0.99999999999999900     
   0.0000000000000000        0.0000000000000000        0.0000000000000000       0.99967959488439084       0.99999999999928890       0.99999999999999967       0.99999999999999956     
