  0.61503237723290649       0.61854726686858907       0.62491561513010407       0.63377851719560285       0.64374535011250500       0.67449181495560573       0.77438366814836135     
  0.61210956318105192       0.61528915563018416       0.62119064642856503       0.63063401337969416       0.64315941738726112       0.68047608429118256       0.78872306949461191     
  0.60962380878330036       0.61248702701191815       0.61795593384334713       0.62748282393063093       0.64221794057953840       0.68591721552382945       0.80226163923923677     
  0.60751325229953557       0.61007806616359417       0.61513027822976196       0.62454783312347972       0.64118368883967447       0.69108610144067728       0.81527530553076732     
  0.60573309918428775       0.60801660969982785       0.61262941773060497       0.62187003699835719       0.64016635005890732       0.69610742913392298       0.82785759852206131     
  0.60423626587129975       0.60625847902957986       0.61044380457247127       0.61945476352212281       0.63922472927474727       0.70105008093192112       0.84003639936517294     
  0.60297822987201866       0.60476318866332845       0.60856793295815848       0.61729430289270337       0.63839194518900144       0.70595629990770326       0.85181627978383423     
  0.60192077691099777       0.60349433020901344       0.60693951332120610       0.61537701138237044       0.63768946233918589       0.71085535409020761       0.86318321298881751     
  0.60103479874851162       0.60242005573617341       0.60552838891379235       0.61368660927544161       0.63712879841244863       0.71576618079395782       0.87411095345171841     
  0.60029600557175333       0.60151453217460515       0.60431827629783785       0.61220588857245173       0.63671627476818626       0.72070223008077816       0.88456914351538352     
  0.59968461144270979       0.60074819687867842       0.60328458683438557       0.61091963637697499       0.63645596373637259       0.72567436651749073       0.89452840004647727     
  0.59918298233009937       0.60007197930564271       0.60239945992417565       0.60981309513695781       0.63634897686404435       0.73068947135624696       0.90396252539918442     
  0.59877696541336589       0.59951707958978606       0.60164733736624909       0.60887618104427055       0.63640036463994487       0.73575584168226427       0.91285360370605440     
  0.59845299492874027       0.59903483296540649       0.60101704039273474       0.60809754909547076       0.63661070806063413       0.74087678757978004       0.92118835619411465     
  0.59820015809124005       0.59866027933012234       0.60049946698085144       0.60746823172261821       0.63698114804283335       0.74605672366662679       0.92896378436206151     
  0.59798691928469005       0.59836719243093983       0.60008713855650053       0.60698213389329525       0.63751249186485215       0.75129865419507313       0.93618302588080349     
  0.59777399903619943       0.59814848867722137       0.59977137604856556       0.60663294084572628       0.63820420141542267       0.75660347979246012       0.94285500202686467     
  0.59761384062798006       0.59799531274927542       0.59954584483372453       0.60641594539309118       0.63905653452548683       0.76197135817028205       0.94899417245297701     
  0.59752565850108308       0.59789834142185661       0.59940578466125027       0.60632734145962830       0.64006981456630496       0.76740172816500263       0.95461962574796977     
  0.59749361445046378       0.59785309071748449       0.59934699238935729       0.60636379615768410       0.64124309486957909       0.77289228235583596       0.95975341120869073     
  0.59751226878204078       0.59786078126007991       0.59936766184309032       0.60652489240550500       0.64257731454028888       0.77844201909296429       0.96442081855864747     
  0.59757511476603942       0.59792431542542201       0.59946731947992249       0.60680875356575104       0.64407230327514120       0.78404830608497278       0.96864840216945869     
  0.59767945256023092       0.59804623953022051       0.59964690408649568       0.60721730969895782       0.64572823672892177       0.78970817393429338       0.97246366022732966     
  0.59782905832873434       0.59823011944963200       0.59990928504329211       0.60774915188876222       0.64754660849527157       0.79541941635953661       0.97589493416178752     
  0.59803201044379262       0.59848044889168917       0.60025890451602870       0.60841275599569022       0.64952968630716779       0.80118013888134720       0.97897040060616392     
  0.59829590427276591       0.59880149477726019       0.60069939569589204       0.60920991386964418       0.65167847053921879       0.80698697149363730       0.98171738381759577     
  0.59862587844008863       0.59919610828327685       0.60123415661036594       0.61014145131491249       0.65399197402136466       0.81283455063362786       0.98416210723120190     
  0.59902720292517908       0.59966900171452764       0.60186783994652504       0.61120997099314922       0.65646979398412519       0.81871789155196384       0.98633000636923351     
  0.59950596327136030       0.60022694721927483       0.60260635955839037       0.61241967402060782       0.65911268045171223       0.82463294684947863       0.98824561919382392     
  0.60006954455571648       0.60087787411148130       0.60345703176943877       0.61377554134192158       0.66192245360812918       0.83057660044566062       0.98993232368699413     
  0.60072192935835622       0.60162604651014440       0.60442326330990470       0.61527404817140863       0.66489572220618709       0.83654153703531575       0.99141164796083969     
  0.60146897184406467       0.60247713410159298       0.60551014045955243       0.61692591467002589       0.66803050305559808       0.84252189991850479       0.99270407774821245     
  0.60231392033340259       0.60343432728401059       0.60672039540491796       0.61873366177474876       0.67132189100004236       0.84850851401168870       0.99382808922323174     
  0.60325976723618902       0.60450073145229544       0.60805719871676567       0.62069536539262937       0.67476431811171400       0.85449508820153608       0.99480213108102600     
  0.60430725393612894       0.60567728739965121       0.60952130443443708       0.62280730224250835       0.67834985704948503       0.86047320588048459       0.99564260973699836     
  0.60545514679831414       0.60696309652579283       0.61111216395663082       0.62506426663814596       0.68206849880132525       0.86643446905436017       0.99636466211072172     
  0.60669847791437137       0.60835390472407536       0.61282589073963800       0.62745674151993103       0.68590750412755952       0.87236437790549104       0.99698219973126911     
  0.60802887981833564       0.60984245705077511       0.61465486827512439       0.62997069609659673       0.68985073435152622       0.87823506433174470       0.99750792796013432     
  0.60943341805417195       0.61141707394075129       0.61658523058234282       0.63258729910635458       0.69387903552441865       0.88402870741135864       0.99795340539369992     
  0.61089501846407301       0.61306128193681564       0.61859585266612094       0.63528280889031041       0.69797314090772244       0.88971765411681469       0.99832915249176923     
  0.61238586466389811       0.61474368434740723       0.62064976064416000       0.63802080272183193       0.70210806279933091       0.89525964838137451       0.99864449473366290     
  0.61385314041027061       0.61640747401649032       0.62268740607248452       0.64074843170078866       0.70625781511315100       0.90061964763376501       0.99890776200685227     
  0.61519329831094094       0.61794720502003930       0.62460573999636471       0.64339967140470944       0.71040843816356669       0.90576676601568884       0.99912631308851108     
  0.61617171034332840       0.61912494852357569       0.62617036981576346       0.64582423558632085       0.71450630388644010       0.91066629948777711       0.99930647599517253     
   1.0000000000000000        1.0000000000000000        1.0000000000000000        1.0000000000000000        1.0000000000000000        1.0000000000000000        1.0000000000000000     
   1.0000000000000000        1.0000000000000000        1.0000000000000000        1.0000000000000000        1.0000000000000000        1.0000000000000000        1.0000000000000000     
   1.0000000000000000        1.0000000000000000        1.0000000000000000        1.0000000000000000        1.0000000000000000        1.0000000000000000        1.0000000000000000     
   1.0000000000000000        1.0000000000000000        1.0000000000000000        1.0000000000000000        1.0000000000000000        1.0000000000000000        1.0000000000000000     
   1.0000000000000000        1.0000000000000000        1.0000000000000000        1.0000000000000000        1.0000000000000000        1.0000000000000000        1.0000000000000000     
   1.0000000000000000        1.0000000000000000        1.0000000000000000        1.0000000000000000        1.0000000000000000        1.0000000000000000        1.0000000000000000     
   1.0000000000000000        1.0000000000000000        1.0000000000000000        1.0000000000000000        1.0000000000000000        1.0000000000000000        1.0000000000000000     
   1.0000000000000000        1.0000000000000000        1.0000000000000000        1.0000000000000000        1.0000000000000000        1.0000000000000000        1.0000000000000000     
   1.0000000000000000        1.0000000000000000        1.0000000000000000        1.0000000000000000        1.0000000000000000        1.0000000000000000        1.0000000000000000     
   1.0000000000000000        1.0000000000000000        1.0000000000000000        1.0000000000000000        1.0000000000000000        1.0000000000000000        1.0000000000000000     
   1.0000000000000000        1.0000000000000000        1.0000000000000000        1.0000000000000000        1.0000000000000000        1.0000000000000000        1.0000000000000000     
   1.0000000000000000        1.0000000000000000        1.0000000000000000        1.0000000000000000        1.0000000000000000        1.0000000000000000        1.0000000000000000     
   1.0000000000000000        1.0000000000000000        1.0000000000000000        1.0000000000000000        1.0000000000000000        1.0000000000000000        1.0000000000000000     
   1.0000000000000000        1.0000000000000000        1.0000000000000000        1.0000000000000000        1.0000000000000000        1.0000000000000000        1.0000000000000000     
   1.0000000000000000        1.0000000000000000        1.0000000000000000        1.0000000000000000        1.0000000000000000        1.0000000000000000        1.0000000000000000     
   1.0000000000000000        1.0000000000000000        1.0000000000000000        1.0000000000000000        1.0000000000000000        1.0000000000000000        1.0000000000000000     
   1.0000000000000000        1.0000000000000000        1.0000000000000000        1.0000000000000000        1.0000000000000000        1.0000000000000000        1.0000000000000000     
   1.0000000000000000        1.0000000000000000        1.0000000000000000        1.0000000000000000        1.0000000000000000        1.0000000000000000        1.0000000000000000     
   1.0000000000000000        1.0000000000000000        1.0000000000000000        1.0000000000000000        1.0000000000000000        1.0000000000000000        1.0000000000000000     
   1.0000000000000000        1.0000000000000000        1.0000000000000000        1.0000000000000000        1.0000000000000000        1.0000000000000000        1.0000000000000000     
   1.0000000000000000        1.0000000000000000        1.0000000000000000        1.0000000000000000        1.0000000000000000        1.0000000000000000        1.0000000000000000     
   1.0000000000000000        1.0000000000000000        1.0000000000000000        1.0000000000000000        1.0000000000000000        1.0000000000000000        1.0000000000000000     
   1.0000000000000000        1.0000000000000000        1.0000000000000000        1.0000000000000000        1.0000000000000000        1.0000000000000000        1.0000000000000000     
   1.0000000000000000        1.0000000000000000        1.0000000000000000        1.0000000000000000        1.0000000000000000        1.0000000000000000        1.0000000000000000     
   1.0000000000000000        1.0000000000000000        1.0000000000000000        1.0000000000000000        1.0000000000000000        1.0000000000000000        1.0000000000000000     
   1.0000000000000000        1.0000000000000000        1.0000000000000000        1.0000000000000000        1.0000000000000000        1.0000000000000000        1.0000000000000000     
   1.0000000000000000        1.0000000000000000        1.0000000000000000        1.0000000000000000        1.0000000000000000        1.0000000000000000        1.0000000000000000     
   1.0000000000000000        1.0000000000000000        1.0000000000000000        1.0000000000000000        1.0000000000000000        1.0000000000000000        1.0000000000000000     
   1.0000000000000000        1.0000000000000000        1.0000000000000000        1.0000000000000000        1.0000000000000000        1.0000000000000000        1.0000000000000000     
   1.0000000000000000        1.0000000000000000        1.0000000000000000        1.0000000000000000        1.0000000000000000        1.0000000000000000        1.0000000000000000     
   1.0000000000000000        1.0000000000000000        1.0000000000000000        1.0000000000000000        1.0000000000000000        1.0000000000000000        1.0000000000000000     
   1.0000000000000000        1.0000000000000000        1.0000000000000000        1.0000000000000000        1.0000000000000000        1.0000000000000000        1.0000000000000000     
   1.0000000000000000        1.0000000000000000        1.0000000000000000        1.0000000000000000        1.0000000000000000        1.0000000000000000        1.0000000000000000     
   1.0000000000000000        1.0000000000000000        1.0000000000000000        1.0000000000000000        1.0000000000000000        1.0000000000000000        1.0000000000000000     
   1.0000000000000000        1.0000000000000000        1.0000000000000000        1.0000000000000000        1.0000000000000000        1.0000000000000000        1.0000000000000000     
   1.0000000000000000        1.0000000000000000        1.0000000000000000        1.0000000000000000        1.0000000000000000        1.0000000000000000        1.0000000000000000     
   1.0000000000000000        1.0000000000000000        1.0000000000000000        1.0000000000000000        1.0000000000000000        1.0000000000000000        1.0000000000000000     
