   1.7485490319322665        1.7123954830060579        1.6815697494607051        1.9024556859021979        1.1457161126910278        3.9737430548961172        18.394668457097662     
   1.7590386801517131        1.7296070350316211        1.7077951530804150        1.9399342616893753        1.1454858850566136        3.9424493398727201        18.512418939312958     
   1.7653302240854838        1.7420066757072619        1.7291977327113059        1.9728199947352256        1.1279402768271798        3.8175512252566444        18.353941651276013     
   1.7683065294086835        1.7504873560624190        1.7464544263134694        2.0016923904418804        1.0957759728650984        3.6203496221491394        18.013309186403234     
   1.7686409115463633        1.7557527362119503        1.7601315996695912        2.0267980116140585        1.0493974041885898        3.3665206146057978        17.603982105561094     
   1.7668492928381319        1.7583605666053628        1.7706915303201325        2.0482374624084763       0.98960647483644215        3.0755706400589498        17.219849371045715     
   1.7632985817528399        1.7587218961332081        1.7784896333025586        2.0660695781272982       0.91779796713559147        2.7864263467204209        16.892019014397512     
   1.7582559513959242        1.7571417862167757        1.7837851905899971        2.0803308939062859       0.83650178893842841        2.5241655713766664        16.590737157493095     
   1.7519111621555590        1.7538426916263730        1.7867696456730138        2.0910855815178522       0.74844686217774792        2.2988977674743105        16.295099741915774     
   1.7443921495211354        1.7489805057935239        1.7875916640591334        2.0984069076036844       0.65607443170737956        2.1042690296916202        15.993175008969645     
   1.7357792553958207        1.7426608168997930        1.7863710527848233        2.1023430725563226       0.56118434810771756        1.9331466807542659        15.683882036929463     
   1.7261113462839155        1.7349519125142876        1.7832141194217843        2.1028792130087766       0.46504811410012326        1.7802927805298874        15.368380632140589     
   1.7153964995110522        1.7258939024803166        1.7782133527483881        2.1000122463049009       0.36877658592290435        1.6418568323058564        15.048398404721754     
   1.7036309656164172        1.7155176651855624        1.7714453874702074        2.0937280546662436       0.27334455631725163        1.5150301839732552        14.725731142278748     
   1.6907920792111302        1.7038351379883179        1.7629668957915570        2.0840003280816752       0.17974467084244319        1.3978117605406866        14.401998573334405     
   1.6768349881840581        1.6908276722341609        1.7528339691683603        2.0708168789828978        8.8961358379896688E-002   1.2888007157354731        14.078588354827465     
   1.6617125394610397        1.6764597295015267        1.7410713567779212        2.0541798822574524        1.9319843065120686E-003   1.1870059399115884        13.756648104040837     
   1.6453532512651907        1.6607068284143476        1.7276896912476236        2.0341059999148747       -8.0431670226020713E-002   1.0917562051646175        13.437108512328001     
   1.6276853375057159        1.6435359467264070        1.7126825077225230        2.0106547721472308      -0.15740471584987709        1.0025632035607510        13.120710115895131     
   1.6086297094098883        1.6249113863839313        1.6960219162651253        1.9839966971244605      -0.22849044421714648       0.91907311865434826        12.808034705255272     
   1.5880959650747055        1.6048007896998191        1.6776823727935233        1.9543831267430105      -0.29325428550177746       0.84102670241580890        12.499526058494732     
   1.5659779738520669        1.5831320764742591        1.6576126123428054        1.9220193361018938      -0.35135280797302620       0.76822282774600881        12.195524735643945     
   1.5421663927074234        1.5598007571363621        1.6357341134507155        1.8871117527563093      -0.40254848903856610       0.70052620466627424        11.896292660158148     
   1.5165611323895509        1.5346841281817176        1.6119459874127779        1.8498556427079831      -0.44671105619107027       0.63782447208743853        11.602023835599132     
   1.4890206532589336        1.5076564091746403        1.5861236844203819        1.8104404395096763      -0.48377417883195001       0.58002713475883649        11.312867963607930     
   1.4593858627271878        1.4785633443022563        1.5581311212365332        1.7690320949209728      -0.51371457944607635       0.52705820973129047        11.028947298972632     
   1.4274583964647349        1.4472194498699495        1.5278086987171584        1.7257577850785442      -0.53653905090599607       0.47884543916525951        10.750356598114571     
   1.3930485448314560        1.4134312492628649        1.4949650355399653        1.6807034943850918      -0.55226719917699940       0.43532395267709656        10.477167964543121     
   1.3559375013168788        1.3769821170621874        1.4593618094979994        1.6339061997599764      -0.56091889640344694       0.39642677945521326        10.209433870013077     
   1.3158680135500682        1.3376233818029151        1.4207268652764899        1.5853567950104666      -0.56253389640437979       0.36207479984296143        9.9472028920370139     
   1.2725622355625863        1.2950778651720989        1.3787520468381353        1.5350122854200192      -0.55715125215284256       0.33217693775823232        9.6905334180995659     
   1.2256988859568589        1.2490287548702288        1.3330717071622689        1.4827544285729279      -0.54486035725695636       0.30662746836392524        9.4394729086267795     
   1.1748805699255656        1.1991185313618500        1.2832850026043452        1.4284142765994035      -0.52582198315796724       0.28530566358865167        9.1940751285614883     
   1.1196637906858051        1.1449228522145691        1.2289115655731777        1.3717565830927612      -0.50027462790279220       0.26807592314925260        8.9543853330910981     
   1.0595478358211077        1.0859376129347822        1.1693747460883945        1.3124670807114889      -0.46843790688136761       0.25478363365929541        8.7204542930338675     
  0.99396079736755527        1.0215629543845663        1.1040229595354236        1.2501318604523650      -0.43013046865701482       0.24525332664182634        8.4923353639827326     
  0.92224195384114172       0.95108373951782821        1.0322064403072608        1.1842107653973597      -0.38561937562372400       0.23930148090405709        8.2700917205961080     
  0.84358934653909567       0.87363947280861043       0.95314980308344521        1.1140349483850434      -0.33531630732054729       0.23673884639896284        8.0537871127379965     
  0.75704404596576025       0.78814702182717344       0.86574921742680111        1.0387754326439012      -0.28015182364530222       0.23736921916415313        7.8434911115683121     
  0.66147347415099134       0.69317027757067695       0.76902184130785411       0.95737628272541175      -0.22125827528746997       0.24101242027578576        7.6392865755553983     
  0.55545410431506004       0.58676603970519847       0.66148402838308651       0.86849040390771759      -0.15972403942659449       0.24742658556886374        7.4412900516235112     
  0.43651056188651599       0.46633883569005991       0.54180359811200818       0.77028320116867310       -9.6500161128643902E-002  0.25633999900646293        7.2496553244470947     
  0.30100947336426193       0.32973536383774399       0.40641492697320597       0.66021298915176629       -3.2684001185389777E-002  0.26729987624669954        7.0645612443251649     
  0.14551907811597156       0.17442711211617468       0.25359314969033631       0.53521968029216660        3.2454615601086444E-002  0.27978044320862688        6.8862366559619401     
  -3.3208710906612267E-002  -3.5422864373217721E-003   7.9408346215545003E-002  0.39022661095931532       0.10635916007940771       0.29374818003568370        6.7149650471117530     
  -1.3611831310123145E-002   1.2620490320340415E-002   9.1846171402608437E-002  0.40697780043165604       0.26768677857077522       0.32014718411393422        6.5511701257897634     
  -3.8865785487514843E-003   1.9784412009553706E-002   9.4749069985258061E-002  0.41322715302804419       0.42098434511456828       0.34946051723906724        6.3920305566635394     
   1.6983542340329796E-003   2.1837291948073850E-002   9.0931609024680435E-002  0.40890931644128148       0.56475203476759239       0.38168163776323949        6.2373258140249082     
   4.6795466046457837E-003   2.1230276572941752E-002   8.2851693752234903E-002  0.39470107561197404       0.69748830920352567       0.41681555574871088        6.0868315996651949     
   5.5396386353200409E-003   1.9089339407060434E-002   7.2558121927498026E-002  0.37193576185800797       0.81766235006067711       0.45487825489072681        5.9403841372590218     
   5.1336254636156504E-003   1.6043245938084202E-002   6.1448133275113455E-002  0.34229895861405674       0.92374823295951081       0.49593559462247200        5.7979434675733721     
   4.0981482549413842E-003   1.2590052074431927E-002   5.0379049382659025E-002  0.30767534971482147        1.0143372896497060       0.54009832801128344        5.6595882983209727     
   2.9418260276886021E-003   9.2523865543841771E-003   3.9876044987153261E-002  0.26998756242389865        1.0880719433501673       0.58759633942854250        5.5253805943374417     
   1.9554246537383576E-003   6.4035635615956590E-003   3.0335601805396822E-002  0.23110081107183270        1.1425839491124286       0.63878352929295357        5.3953789671008794     
   1.2380401005200167E-003   4.2065593032357771E-003   2.2095480958471681E-002  0.19274708088555315        1.1758967823223152       0.69403014991827372        5.2697423866180548     
   7.5426042652566372E-004   2.6492768186284397E-003   1.5380824935544076E-002  0.15641680220759346        1.1867032653002272       0.75390114396186092        5.1487562108879121     
   4.4883639586292695E-004   1.6079135163971211E-003   1.0231171794114138E-002  0.12324279306154644        1.1741594985585451       0.81917340281109841        5.0326958891035938     
   2.7453875169738316E-004   9.5125078344169352E-004   6.5078036588457058E-003   9.4055672439743956E-002   1.1380231041772664       0.89085156803838217        4.9217203756431855     
   1.8790045935417770E-004   5.6744793574253706E-004   3.9718832303252474E-003   6.9270195624766273E-002   1.0788499594061145       0.97021840470660659        4.8159053718016276     
   1.5151304996027058E-004   3.6556924982907452E-004   2.3457016996727203E-003   4.8873937514684170E-002  0.99820628440507819        1.0588260108821268        4.7152795387495319     
   1.3888713063899815E-004   2.7314959180243489E-004   1.3711765143276868E-003   3.2913577870571739E-002  0.89888525072537573        1.1586081375512367        4.6198176760524570     
   1.3541045485272862E-004   2.3759944550156594E-004   8.3343976431317129E-004   2.1051675453858710E-002  0.78505067524071481        1.2712315536745389        4.5294370662513668     
   1.3473486206227182E-004   2.2659564873159281E-004   5.6664234647726551E-004   1.2789790610415642E-002  0.66207762193776498        1.3997612909927684        4.4439589380369879     
   1.3469646794654806E-004   2.2415049995549646E-004   4.5053473941131109E-004   7.5350417066328097E-003  0.53626503482329246        1.5443604760242293        4.3631237831909111     
   1.3473443582424522E-004   2.2391256188663197E-004   4.0668507266353426E-004   4.3782242556414446E-003  0.41462705014807638        1.7047196563229658        4.2866034991055004     
   1.3475122301414392E-004   2.2395961113067181E-004   3.9157950590815925E-004   2.6220450669314256E-003  0.30421995856869327        1.8781715914104877        4.2140224528412640     
   1.3474772387129941E-004   2.2390790119254929E-004   3.8557085422776910E-004   1.7083107332127401E-003  0.21071559421508845        2.0562171027961926        4.1449543774428754     
   1.3473618302873100E-004   2.2376432842155365E-004   3.8173656415869776E-004   1.2501797257202618E-003  0.13673244625672004        2.2245314794553352        4.0788767029939663     
   1.3472500859060488E-004   2.2359789455767191E-004   3.7841681440327975E-004   1.0129217285138126E-003   8.2921141877796395E-002   2.3626199467266913        4.0151742191369539     
   1.3471737772623822E-004   2.2345991270352912E-004   3.7552278986814630E-004   8.7424775765234969E-004   4.7246036255756324E-002   2.4434783569760352        3.9529968436730445     
   1.3471318360372853E-004   2.2336882116596890E-004   3.7325509750594068E-004   7.8140932740635685E-004   2.6189863866720689E-002   2.4359978291070754        3.8910004567137770     
   1.3471122303297724E-004   2.2331886894999173E-004   3.7171114522265827E-004   7.1567018944841058E-004   1.4689893025097382E-002   2.3079226309303378        3.8274299745316300     
   1.3471039885899554E-004   2.2329580777930895E-004   3.7081042534412679E-004   6.7051569372485219E-004   8.7134600927694424E-003   2.0398973963754878        3.7598536706589600     
   1.3471001347917428E-004   2.2328685817564792E-004   3.7036213957428242E-004   6.4197040383511840E-004   5.5031449899482828E-003   1.6552381406485555        3.6852347188311216     
   1.3470970209681729E-004   2.2328384776887993E-004   3.7017487233136472E-004   6.2593410115256492E-004   3.6044970132383192E-003   1.2185554669581120        3.6000979093897398     
   1.3470928275216047E-004   2.2328259992261527E-004   3.7011155390171487E-004   6.1810021048838899E-004   2.4132305972702907E-003  0.80691451925530167        3.5012386128200910     
   1.3470861332385428E-004   2.2328140604201607E-004   3.7009417905849054E-004   6.1485235285862366E-004   1.6919293950459866E-003  0.47995687693154604        3.3875416494836412     
   1.3470746405264911E-004   2.2327949277929906E-004   3.7008832630305134E-004   6.1375691614174853E-004   1.3016296072296115E-003  0.26042949498347229        3.2658095091750137     
   1.3470530502269389E-004   2.2327591442308434E-004   3.7008209162070986E-004   6.1346893344250151E-004   1.1202259739590472E-003  0.13476259655857459        3.1629034686994291     
   1.3470054371264725E-004   2.2326802508788678E-004   3.7006900227666616E-004   6.1339751734479624E-004   1.0490689080078480E-003   6.9794114606174865E-002   3.1234970596707008     
   1.3468521081658164E-004   2.2324262044649113E-004   3.7002693217058917E-004   6.1332174367793499E-004   1.0252200924082933E-003   3.5374816008847093E-002   3.1446116339351242     
