  0.65214417068301123       0.67104916887299104       0.69909590029403534       0.73043788376079255       0.77207875514975555       0.96073740381407324        1.6380682083127327     
  0.66572680717861676       0.68265314403831312       0.70919318601860248       0.74321684306759783       0.79479159426506574        1.0080512330648232        1.7830485396432996     
  0.68089248595863672       0.69584720050892135       0.72043719244864091       0.75561376031969851       0.81693176494286812        1.0555411990652035        1.9372642768453165     
  0.69718063479744719       0.71016053432092952       0.73264843187880313       0.76817642262511454       0.83904484210712615        1.1033784645108244        2.1007619857855948     
  0.71424012333461384       0.72529378017130108       0.74564613913288880       0.78105765479569778       0.86128084967332397        1.1507635221702164        2.2740136450066148     
  0.73179264697698743       0.74102822266354229       0.75927192888907280       0.79428694179161985       0.88357447273647405        1.1974639527736670        2.4582350970149887     
  0.74961902021097149       0.75719204318855571       0.77337909366089175       0.80783918465824534       0.90570325434561838        1.2439282727912584        2.6546995077525866     
  0.76757672936659072       0.77363350324599944       0.78783601450385832       0.82167718472280837       0.92741864494310100        1.2900302711347496        2.8643601338195510     
  0.78551089959936859       0.79020431211856845       0.80249966463165967       0.83572048545246902       0.94857626136770878        1.3362671396673749        3.0879643088222166     
  0.80324674017640252       0.80676599618950429       0.81720422154083849       0.84989425937734708       0.96898100655033559        1.3829479052298259        3.3262595990879569     
  0.82064194062072660       0.82317725613140191       0.83186166697803421       0.86412156302667764       0.98837871291290968        1.4302479813031648        3.5800461142591629     
  0.83756924884047801       0.83929849578098348       0.84640805316564871       0.87829890890095352        1.0068094207740474        1.4782321936971048        3.8501011468620039     
  0.85392441408996422       0.85499635546908004       0.86073443726942322       0.89231172643573708        1.0243013969730350        1.5269574986805259        4.1373451768866163     
  0.86962003533936705       0.87016123455996375       0.87472799077085750       0.90608549884136758        1.0408026971207351        1.5764246077964064        4.4426337426862972     
  0.88461670863995268       0.88473566960959837       0.88830762066890290       0.91945639317084105        1.0564011228492456        1.6266471718717754        4.7669134448085746     
  0.89884572484834924       0.89865602468698669       0.90138953862801319       0.93233008729254707        1.0711781320692149        1.6776328955164699        5.1111778545730049     
  0.91230627467738723       0.91185383053928926       0.91387586068843674       0.94472308762818902        1.0852045069375358        1.7293712817879721        5.4763860404358704     
  0.92496179902069486       0.92429086557636742       0.92571926464257148       0.95656792139579383        1.0985440890048628        1.7818464696410539        5.8635228782994799     
  0.93678785787328822       0.93593630908683023       0.93690989785630274       0.96771418980564261        1.1112692997417781        1.8350406652137008        6.2735925993627442     
  0.94775346965435281       0.94672876413470286       0.94740792071670299       0.97809150034729353        1.1233892982977041        1.8889141821874729        6.7075466436801916     
  0.95785530524310936       0.95666562807290345       0.95718756844350839       0.98781889243823329        1.1349242461079552        1.9434413076209536        7.1664468157370438     
  0.96703292830999676       0.96574634798287862       0.96620118799216226       0.99686446078971946        1.1458986472819095        1.9985963807300173        7.6512760635838228     
  0.97526381598746703       0.97391959818104346       0.97440938531408527        1.0052007828350737        1.1563197843484623        2.0543422030009708        8.1630299661569818     
  0.98255793705839867       0.98116779697005452       0.98178974286398735        1.0128097386623249        1.1661998334872918        2.1106622176412313        8.7027835521368910     
  0.98891214141315986       0.98748458149737040       0.98835029612856917        1.0196964022317734        1.1755556450005806        2.1675508196395250        9.2716830337245835     
  0.99433995013953336       0.99286434222055464       0.99408380212444702        1.0258469099353462        1.1843795495936629        2.2249815619398063        9.8708055625693003     
  0.99877208350297964       0.99726992889731025       0.99895646094913881        1.0312271886719528        1.1926538931054789        2.2828921590881470        10.501063308216056     
   1.0022026553671548        1.0006964949953840        1.0029305740252812        1.0358155999582153        1.2003552207454633        2.3412300806224184        11.163382886502628     
   1.0046055665176452        1.0031332487684934        1.0059977309135935        1.0396036383352438        1.2074586903730251        2.3999637491979917        11.858772573761005     
   1.0059442823978448        1.0045585549600571        1.0081283249414419        1.0425815438974526        1.2139680956926293        2.4590877615332816        12.588371007258514     
   1.0061851468774345        1.0049367424174840        1.0092732657180692        1.0447223920161610        1.2198614321027792        2.5185054828541316        13.352836019315534     
   1.0053230866788831        1.0042147963422985        1.0093971720751462        1.0459990850349719        1.2251005605908403        2.5781542120658516        14.152947463643127     
   1.0032666361696159        1.0024015524007355        1.0084350471738337        1.0463496642827497        1.2296342126488728        2.6379112319059654        14.989098637014063     
  0.99994409510423199       0.99946228147917349        1.0063264833802603        1.0457065959900222        1.2334158180351900        2.6976733699800461        15.861687177003791     
  0.99526832948515842       0.99532439748297163        1.0029361848062981        1.0439936410754553        1.2363633597016046        2.7572999752402634        16.770813799056238     
  0.98916821476287731       0.98987184061694788       0.99809780757281197        1.0411357917225290        1.2383966976330416        2.8166399268381661        17.716379978693684     
  0.98157730923790154       0.98282389450414365       0.99168340209508143        1.0370275196050411        1.2394427033799926        2.8754977893290730        18.697860411852389     
  0.97241073404167044       0.97375212762447805       0.98384433635342916        1.0315272151582455        1.2393352375796105        2.9336611473990581        19.714431828517235     
  0.96137821415012148       0.96201141644468324       0.97368602782006186        1.0244864230947455        1.2379998453060805        2.9908974951636322        20.764900979247610     
  0.94689533952019189       0.94720834835690693       0.96103261314999922        1.0156724741681762        1.2352755078380102        3.0470224824086931        21.848240229317767     
  0.92692074811025704       0.92963069674769006       0.94504516468596567        1.0048075678641928        1.2309297457003492        3.1017853310885299        22.962717328223466     
  0.90275356015702912       0.90778531595548873       0.92756443660922494       0.99160490770603338        1.2250829432714079        3.1548795879461919        24.105892917069490     
  0.87374368745168229       0.88175881311431281       0.90518090928314721       0.97547142798871034        1.2171380671508163        3.2060163900226977        25.275079488015244     
  0.83949760247892347       0.85127837769611525       0.87856079658671360       0.95626771846933389        1.2067398480588727        3.2545694457822516        26.464281634790702     
  0.81173724664654257       0.82663301288268509       0.85840366593652240       0.93738437034087563        1.1926938463423373        3.3000156854631468        27.666914925637087     
  0.77301163921221194       0.79124166897002624       0.82740896645291395       0.91422335357960416        1.1793086462813032        3.3413312445249734        28.875164977577214     
  0.73682943284905733       0.75827866333503979       0.79847358085836007       0.89200012400125350        1.1653207126472016        3.3779656097182973        30.080219460718354     
  0.70375256501164352       0.72736425076111710       0.77130390998928477       0.87065151156065368        1.1506945314331312        3.4095904032770412        31.276067976470255     
  0.67452576912559559       0.69882929986109710       0.74564239701501844       0.85011800970287255        1.1356006108146472        3.4362017524590160        32.459009187025607     
  0.65086805403461911       0.67325767583031959       0.72151108479618276       0.83037564640196049        1.1202884901136541        3.4580804130456171        33.628327457240758     
  0.63221906278800410       0.65187670292198385       0.69892463029183971       0.81132362170062822        1.1048959611191396        3.4752963551277376        34.781282178081796     
  0.61661234592774783       0.63440351858329169       0.67794137418407718       0.79269326191900780        1.0895236711862104        3.4870986773229089        35.906614409882728     
  0.60363746086540071       0.61959619586697579       0.65877205840841369       0.77422262338721870        1.0746660370326384        3.4925659588490143        36.990207559472907     
  0.59375571467922617       0.60704846840694315       0.64170241796879124       0.75580207121991216        1.0597449570035367        3.4911251961221579        38.020050719582926     
  0.58738611333937085       0.59699537566346028       0.62682137422664808       0.73740683059876766        1.0444509821862316        3.4823447848415845        38.985287826919098     
  0.58382435341091465       0.58980113921890387       0.61404515718743979       0.71897844024372004        1.0285938966215560        3.4654445587604510        39.870203394451288     
  0.58193398914095762       0.58528140124573891       0.60337009967234334       0.70045379357350179        1.0118788156599423        3.4393391045842958        40.654173361710569     
  0.58105320883679235       0.58272278083036178       0.59494525771892914       0.68189604134520565       0.99397483994784885        3.4028277072764914        41.313403927200419     
  0.58074993362088667       0.58142446158448924       0.58883730022984160       0.66348664713200056       0.97455127298311728        3.3548928986202031        41.822858880362084     
  0.58067561592629147       0.58088372468123661       0.58485204438317029       0.64552605294493959       0.95324079607156720        3.2942782104866852        42.156049509118567     
  0.58066133559026034       0.58071331785793323       0.58253976000380669       0.62855695457672101       0.92964264552042275        3.2200469185204574        42.285976261541428     
  0.58065913329569530       0.58067169550187836       0.58137540062551785       0.61352195861045822       0.90338147072489083        3.1311660911411727        42.185745372020378     
  0.58065882838950433       0.58066326748718777       0.58089138016446873       0.60128998387285570       0.87419499502621545        3.0274297914099533        41.831553507890938     
  0.58065877479009154       0.58066165539756931       0.58072944762105061       0.59215321954393529       0.84200405267149592        2.9087153894630564        41.204614015724495     
  0.58065875809181067       0.58066125405571145       0.58068420847142210       0.58629351210916913       0.80695752655988773        2.7756121745367617        40.292480769000726     
  0.58065874987499833       0.58066108976362996       0.58067228213212929       0.58308653886097750       0.76945267052685762        2.6300844900065328        39.088372141860837     
  0.58065874543567375       0.58066099897589629       0.58066846698181285       0.58158761680903803       0.73022476251457480        2.4732879216040318        37.589936084062451     
  0.58065874317409283       0.58066094737449558       0.58066668529924381       0.58100153090474849       0.69078740016829387        2.3066466094867470        35.803033271060272     
  0.58065874212723989       0.58066092019250559       0.58066564420921107       0.58080124804045707       0.65378424203717889        2.1326143264042261        33.741454536258146     
  0.58065874169741738       0.58066090736948506       0.58066503450919471       0.58073222844853700       0.62302830489531180        1.9541889309053080        31.430694438947025     
  0.58065874154285968       0.58066090207504129       0.58066471032553990       0.58070278967892275       0.60148433676521429        1.7750566227276416        28.909125218274287     
  0.58065874149442531       0.58066090019373640       0.58066456030989333       0.58068700812118135       0.58945944837473818        1.5982204341781410        26.224824419892990     
  0.58065874148119201       0.58066089962470757       0.58066450157689986       0.58067810064961867       0.58414078575489792        1.4260364397924081        23.436967565400000     
  0.58065874147813212       0.58066089947766064       0.58066448259280012       0.58067347461149721       0.58213771627813515        1.2591187089612734        20.610392601393453     
  0.58065874147756702       0.58066089944562660       0.58066447758383721       0.58067141488558593       0.58135977064064059        1.0985496404495030        17.814645053617074     
  0.58065874147748475       0.58066089944003940       0.58066447651250019       0.58067066925125077       0.58099471652051649       0.94746797820747986        15.117528569597653     
  0.58065874147747654       0.58066089943929378       0.58066447633014318       0.58067045814168250       0.58081114763043429       0.81336641424055112        12.592391711931281     
  0.58065874147747554       0.58066089943922283       0.58066447630573548       0.58067041293790467       0.58072690905066260       0.70737557120281103        10.299063383452195     
  0.58065874147747587       0.58066089943921773       0.58066447630335305       0.58067040587773155       0.58069380949281191       0.63850293063279806        8.2755160087698290     
  0.58065874147747565       0.58066089943921773       0.58066447630319273       0.58067040509077827       0.58068326362200129       0.60400412624603539        6.5520249221287923     
  0.58075176473466872       0.58075392269646642       0.58075749956049216       0.58076342828621463       0.58077373884022399       0.59001091959789675        5.1620505399252306     
