   7.5059214438410091        7.4746300089445379        7.4152423918469728        7.3242077055621806        7.3988613020490286        8.2547076673975166        8.8490332588129093     
   7.5086082659537574        7.4800941085695714        7.4245018225569543        7.3315286886236350        7.3862405919202700        8.2021434587904221        8.7507705711890686     
   7.5063363971356649        7.4803713016383320        7.4283207596592709        7.3352940410918910        7.3728600685592820        8.1517782028968853        8.6633517857031315     
   7.4995553578291272        7.4759176440871933        7.4271438603686217        7.3347971611088800        7.3575187632821866        8.1021567738573790        8.5845223350480850     
   7.4886119299009781        7.4670836177244944        7.4211901638510467        7.3299234897173058        7.3394465593359675        8.0527435592491141        8.5128303402041166     
   7.4737976666655754        7.4541590809940725        7.4107565396542698        7.3206695357575509        7.3181631767643349        8.0028022266715304        8.4469464963429992     
   7.4553420127059171        7.4373650983960484        7.3960947614190049        7.3070621045623785        7.2933571133634425        7.9518766105066581        8.3857581769473839     
   7.4334072734264334        7.4168653642648588        7.3773396160066360        7.2891204638554354        7.2647805062342554        7.8996319995952753        8.3284804931927834     
   7.4080938023354035        7.3927690772862666        7.3545908519445380        7.2668537842331808        7.2322398822728342        7.8458073497742475        8.2745251367193315     
   7.3794481557724687        7.3651137764496806        7.3279096714027459        7.2402509285202195        7.1955674779065015        7.7901763241038813        8.2234183033514423     
   7.3474735786592182        7.3337927932081417        7.2973038511377020        7.2092711273615393        7.1546023267162679        7.7325288529468725        8.1747555596752886     
   7.3121358417875255        7.2988032210086766        7.2627324877287895        7.1738556615431195        7.1091950749883619        7.6726722199016635        8.1281870737679434     
   7.2733653815648793        7.2600387593078528        7.2241168691880091        7.1339131935625959        7.0591928367196477        7.6104181908068576        8.0833896292153771     
   7.2310597739094966        7.2174554572006828        7.1813596116005298        7.0893351173378276        7.0044404973488570        7.5455941848235373        8.0400768696759499     
   7.1848936610033398        7.1709364400771083        7.1343357520194779        7.0399861879885695        6.9447762567773212        7.4780300842903209        7.9979762585538632     
   7.1346785584981154        7.1203267980894918        7.0828901619824762        6.9857116292402290        6.8800378444461696        7.4075626500749134        7.9568324374085835     
   7.0802598229394329        7.0654300454111025        7.0268355134657119        6.9263325957158033        6.8100556314654108        7.3340356942360287        7.9164081004786526     
   7.0214430546250632        7.0060015023349438        6.9659510651556866        6.8616446470179868        6.7346501290518583        7.2572941797321562        7.8764663578455263     
   6.9579744248745081        6.9417600650826206        6.8999830949520335        6.7914214008072635        6.6536303149216831        7.1771850524097998        7.8367809431202131     
   6.8895441877127848        6.8723943717990696        6.8286418757825578        6.7154065873769770        6.5667920973484000        7.0935565400674205        7.7971308417736136     
   6.8157845290169865        6.7975593775036982        6.7515982966176624        6.6333111951366819        6.4739128454733894        7.0062537365889943        7.7572938864813326     
   6.7362834621280028        6.7168730592102381        6.6684886135521229        6.5448157855079945        6.3747553799712051        6.9151250907599708        7.7170561940648978     
   6.6505887957022392        6.6299045720650103        6.5789039371586790        6.4495658124824597        6.2690615129387721        6.8200179750153147        7.6761994481820910     
   6.5582031545382922        6.5361712129176190        6.4823850091500370        6.3471578252857919        6.1565491753301123        6.7207800585364108        7.6345090600646879     
   6.4585746877742816        6.4351324530704064        6.3784194143864523        6.2371431370017021        6.0369117292311305        6.6172632278583006        7.5917765228191474     
   6.3510857338823596        6.3261807451334251        6.2664361805037139        6.1190150277831545        5.9098139617015564        6.5093271849338237        7.5478039801729278     
   6.2350398563509444        6.2086316672800290        6.1457890206927255        5.9922165429524394        5.7748817270277932        6.3968376664321180        7.5024026824116792     
   6.1096420402565270        6.0817072880035150        6.0157395532934954        5.8561089397427404        5.6316958541009994        6.2796612105763829        7.4553849964702579     
   5.9739808135722896        5.9445168771169783        5.8754421085435888        5.7099598324444214        5.4797793323371664        6.1576696260071797        7.4065713883572197     
   5.8270088765121271        5.7960380939330207        5.7239219965790404        5.5529251292392017        5.3185885545895477        6.0307454413404820        7.3557975357162260     
   5.6675156580805064        5.6350844525870629        5.5600527445769714        5.3840293299406161        5.1475055322269059        5.8987886089643711        7.3029248974529057     
   5.4940768478862845        5.4602618386935555        5.3825111101161607        5.2021186916835376        4.9657909486121214        5.7617077034132258        7.2478302324567538     
   5.3050050476919317        5.2699218066643754        5.1897309856113987        5.0058241316895398        4.7725725630023099        5.6194276401001044        7.1904196930897299     
   5.0982762871623919        5.0620878709518564        4.9798489666659389        4.7935536644977770        4.5668426356383005        5.4718878128442805        7.1306264395659511     
   4.8714667408275023        4.8343660444335592        4.7506139561848375        4.5633776953810568        4.3473668375684174        5.3190577949218021        7.0684247764102652     
   4.6215913402352742        4.5838502465408482        4.4992580496427577        4.3129208560316457        4.1125838556999703        5.1609609953009006        7.0038374005820874     
   4.3449258031495033        4.3069165441459436        4.2223759288404530        4.0392307232927687        3.8606438759763044        4.9976090374171243        6.9369495420195495     
   4.0367613086320038        3.9989719789808409        3.9156783920718881        3.7386150562585345        3.5891218654300214        4.8290116688101579        6.8679220547123236     
   3.6910459649830556        3.6541359332156129        3.5736328367031902        3.4062974193166329        3.2949215781455248        4.6551943280642920        6.7970116997220797     
   3.2997492756011040        3.2646308590681703        3.1889093879288706        3.0359516396196486        2.9739522883343859        4.4761557818011388        6.7245979551483970     
   2.8519419996699127        2.8198189970805725        2.7515755469008343        2.6190187440298138        2.6207184124845440        4.2918269043941661        6.6512262371270792     
   2.3320354645987460        2.3045631097669426        2.2473392893240542        2.1432103767176200        2.2275054398776399        4.1020021690773545        6.5776462697410052     
   1.7165450940185714        1.6960470808735206        1.6548034178987407        1.5900473576535841        1.7830217937786113        3.9062346026180381        6.5048569385651884     
  0.96679718229261002       0.95681511715518253       0.93925649786388798       0.93160384515351369        1.2736871073317704        3.7038078360846276        6.4341804613082676     
  4.85414801784338299E-003  1.13648455625261942E-002  3.05408517538839075E-002  0.11076464116779949       0.67027527836704348        3.4939618048304735        6.3673749286321319     
  4.11592010532293995E-003  9.73643116797008948E-003  2.67052985495859381E-002  0.10055362871908785       0.64162137225283022        3.4483465874342221        6.3080316856164567     
  3.45876141478031586E-003  8.27535092054708030E-003  2.32027675257528085E-002  9.08569795440381245E-002  0.61236698829845371        3.3997813009106435        6.2453495891017754     
  2.87633341412427612E-003  6.96913859590920625E-003  2.00172402443920747E-002  8.16903083111865103E-002  0.58263541173522149        3.3482412242676500        6.1792123761027566     
  2.36403243502372176E-003  5.80865509621491215E-003  1.71327174432165594E-002  7.30611713883450864E-002  0.55251710321217495        3.2936800819803191        6.1094912014402887     
  1.91831587647111777E-003  4.78625297070064092E-003  1.45339279395567452E-002  6.49714902346046064E-002  0.52209597812691810        3.2360490618218565        6.0360830093161608     
  1.53577308729134021E-003  3.89535331857208652E-003  1.22072604893712338E-002  5.74157972416745876E-002  0.49145269832779775        3.1753035802486740        5.9589549283598187     
  1.21268169551733921E-003  3.12965855728554801E-003  1.01431451181850096E-002  5.03908234259877880E-002  0.46068477706668043        3.1114122740669155        5.8781455660189463     
  9.44425896492825218E-004  2.48129108635166198E-003  8.33141956607866101E-003  4.38891897596975361E-002  0.42989134616757829        3.0443384851606625        5.7936914665370578     
  7.25579334203975000E-004  1.94091348577570639E-003  6.76031938684437065E-003  3.79052301177049203E-002  0.39917906384883317        2.9740364075936312        5.7056131017977156     
  5.50132983261294051E-004  1.49787546572787453E-003  5.41586213518156084E-003  3.24341139243239443E-002  0.36866348220524642        2.9004815496825902        5.6139552955352325     
  4.11703703485966554E-004  1.14043936575171671E-003  4.28152368543126185E-003  2.74695837967904831E-002  0.33845941076731167        2.8236764761942403        5.5188116553767292     
  3.04013655860323466E-004  8.56571791643697300E-004  3.33914366478994850E-003  2.30072894123667937E-002  0.30871279640033455        2.7436655643939485        5.4203048942944285     
  2.21243294823824678E-004  6.34326288920883364E-004  2.56839522785459046E-003  1.90392141008635975E-002  0.27957431664477173        2.6605038990196817        5.3185610337708260     
  1.58397212860239886E-004  4.62663388244734740E-004  1.94785560909377440E-003  1.55539742927156138E-002  0.25120544571853842        2.5742495018679636        5.2136954216507680     
  1.11417543993887745E-004  3.31935083115352165E-004  1.45600933206347879E-003  1.25354554823562166E-002  0.22377651701223647        2.4849621757446489        5.1058073483011484     
  7.70448387939590032E-005  2.34073192150952437E-004  1.07233092147657975E-003  9.96140385469377818E-003  0.19745897325661904        2.3926855616341189        4.9949663930892685     
  5.26152095584751838E-005  1.62458202355669258E-004  7.78147529864694305E-004  7.80425714662167248E-003  0.17244150380385698        2.2974809281342448        4.8812044244915276     
  3.58815724631738199E-005  1.11569586448274642E-004  5.56948907542086763E-004  6.02981162017193761E-003  0.14890187412613967        2.1993973271655820        4.7644891575284296     
  2.49264175883475187E-005  7.67083437327373263E-005  3.94406982229721309E-004  4.59847000467397769E-003  0.12700605543205484        2.0984753443121824        4.6447082108193163     
  1.81241487805923057E-005  5.38447779220245487E-005  2.78190753729460998E-004  3.46698742532569907E-003  0.10690044656201299        1.9947592932221283        4.5216611578857302     
  1.41510123488970164E-005  3.95800562841827017E-005  1.97723154655869970E-004  2.59056089206425840E-003  8.86850204639212381E-002   1.8882965858466882        4.3950711676447796     
  1.19850898507530767E-005  3.11562410145694381E-005  1.43915839907832568E-004  1.92562262915152091E-003  7.24373529155808854E-002   1.7791756543045156        4.2645794806409949     
  1.08867878159360858E-005  2.64552396043255398E-005  1.09182193730384070E-004  1.43161949759971758E-003  5.82085957980146146E-002   1.6675148511051674        4.1296918975531884     
  1.03681450419723745E-005  2.39540378670429072E-005  8.74056775261137522E-005  1.07192412596250250E-003  4.59801708600642775E-002   1.5534665227089464        3.9897426059611436     
  1.01376852644505235E-005  2.26553309146067338E-005  7.39257781199876543E-005  8.14638936234646574E-004  3.57086706299810930E-002   1.4372342944518193        3.8438268906927435     
  1.00375440696718569E-005  2.19653753259933485E-005  6.54400505640033122E-005  6.32584341663875414E-004  2.72976980546800196E-002   1.3190879659511634        3.6907470107425904     
  9.99147661433321349E-006  2.15665518159279328E-005  5.98105256704256641E-005  5.03537648358793818E-004  2.05982729266528525E-002   1.1993991214535844        3.5289625730116807     
  9.96675092906539030E-006  2.13067610574366509E-005  5.57987419797072520E-005  4.10435086027899495E-004  1.54149424744230972E-002   1.0786832515962748        3.3564914369471603     
  9.95094944803598418E-006  2.11198184192616271E-005  5.27473908213885658E-005  3.40871649394074779E-004  1.15138606865497744E-002  0.95761683628308136        3.1708471983444775     
  9.93978770882866333E-006  2.09787915777304143E-005  5.03357426226046440E-005  2.86632913617379439E-004  8.64145660723242802E-003  0.83708212891721778        2.9689253967742149     
  9.93170474228430044E-006  2.08717836572153362E-005  4.84097674711630544E-005  2.42788239581254406E-004  6.54807600259306455E-003  0.71818325069063738        2.7469026789408271     
  9.92591052059126050E-006  2.07916229557406266E-005  4.68800407356882178E-005  2.06531371049910800E-004  5.00769066173863998E-003  0.60214787786418389        2.5000000137285134     
  9.92183654270607165E-006  2.07328848229567800E-005  4.56862465841917888E-005  1.76463574783871833E-004  3.83976523882326821E-003  0.49009855755204756        2.2223663507300482     
  9.91898400536432976E-006  2.06906580166457526E-005  4.47702681633250756E-005  1.51652707469592489E-004  2.91155617570225183E-003  0.38245768671476144        1.9068416054711204     
  9.91687055070283573E-006  2.06606523647621609E-005  4.40797831771665610E-005  1.31401244151844288E-004  2.13587320053976702E-003  0.27987170463974820        1.5453963688774532     
  9.91462808600985982E-006  2.06382219813527579E-005  4.35618857822069335E-005  1.14959741607933112E-004  1.45955723432364057E-003  0.18425329063686688        1.1275686027825955     
