   7.8349708275958960     
   7.8331848821770063     
   7.8282489183910373     
   7.8196071171532564     
   7.8070529033825080     
   7.7905011455438951     
   7.7699256504634029     
   7.7452898328878881     
   7.7165603452974043     
   7.6836905323289288     
   7.6466017708825689     
   7.6052070103260316     
   7.5593891009180112     
   7.5090239207930161     
   7.4539618774998440     
   7.3940368887631038     
   7.3290613314998048     
   7.2588230156665983     
   7.1830871187588281     
   7.1015921848421613     
   7.0140461659026645     
   6.9201299748105667     
   6.8194901673761139     
   6.7117313007663579     
   6.5964163470975405     
   6.4730588138480831     
   6.3411181112578250     
   6.1999795366563166     
   6.0489414079436088     
   5.8871991797169105     
   5.7138280968985811     
   5.5277373209197274     
   5.3276377976666751     
   5.1120194530909622     
   4.8790542498695331     
   4.6264892522320062     
   4.3515550590653085     
   4.0507483431107341     
   3.7195578546597634     
   3.3520104787648801     
   2.9400214568975747     
   2.4720257652810909     
   1.9307291499463564     
   1.2900842669681574     
  0.49682761554110011     
  0.48101950525179310     
  0.46514172082816868     
  0.44922436311465175     
  0.43328471575061661     
  0.41733646680874520     
  0.40139085085730419     
  0.38546664292471550     
  0.36958078304344688     
  0.35375155004398506     
  0.33800073403523451     
  0.32235079186941690     
  0.30683533807348762     
  0.29148790274586067     
  0.27634331816299013     
  0.26143687108012648     
  0.24680076140157664     
  0.23247087723312782     
  0.21847716493187630     
  0.20484382673772414     
  0.19158875985871668     
  0.17871779946875849     
  0.16623397413387186     
  0.15413638977407268     
  0.14240934359952101     
  0.13103486251354129     
  0.11998606858878048     
  0.10922931246163804     
  9.87277863943905598E-002
  8.84439644686354220E-002
  7.83462146110052715E-002
  6.84147235400400650E-002
  5.86378701525561291E-002
  4.90016392708096729E-002
  3.94491050220506650E-002
  2.99435310717051789E-002
  2.05225911297384871E-002
