  0.65247204897157818       0.66003855476984830       0.67767644477225586       0.72635603884377498       0.91264587995622548        1.8030743149965920        5.9780943744011052     
  0.67306079620868930       0.67997594912641091       0.69660857405637999       0.74478997558516280       0.93235945670785270        1.8454299911499805        6.2751566826758953     
  0.69361206160465028       0.69991255904105487       0.71547548750467893       0.76274319634128851       0.95138103724176248        1.8875916708220066        6.5841405778547673     
  0.71400338213363534       0.71972519687610548       0.73424394649509295       0.78043416373723551       0.96997155411417191        1.9297819050742542        6.9057748756428801     
  0.73414974937266253       0.73932910984532418       0.75287599374228320       0.79787095128631014       0.98823070722254958        1.9721088557029847        7.2407580843838382     
  0.75397710496293646       0.75865124352821578       0.77125813611174510       0.81504613682615568        1.0062010130223624        2.0146142685340531        7.5897393452333928     
  0.77341825468918501       0.77762534111547521       0.78933781245696255       0.83193913406510156        1.0238974577186151        2.0573056833205401        7.9533187158422027     
  0.79241331440827301       0.79619353899342571       0.80707637076886596       0.84852553796447361        1.0413257394394899        2.1001848740856466        8.3321314887720206     
  0.81090914231571620       0.81425686418907106       0.82441530875512037       0.86477456470363312        1.0584784071110052        2.1432330630769414        8.7267664500074833     
  0.82886270509714277       0.83179329412633962       0.84129964014009895       0.88065555521121330        1.0753429139037789        2.1864280867552055        9.1378282060374119     
  0.84623679454013734       0.84875051364065790       0.85769297797008792       0.89614167369189524        1.0919066749732860        2.2297543785438361        9.5659778280845966     
  0.86299704012920098       0.86514119837039682       0.87356379164916675       0.91120504356209708        1.1081527542965666        2.2731861187306679        10.011855482024886     
  0.87910818493736387       0.88093900701259042       0.88888850417392373       0.92582684526926673        1.1240733273836008        2.3167229539416674        10.476248265503877     
  0.89441093828746610       0.89610990076936503       0.90364289645579587       0.93998410382694275        1.1396503451153781        2.3603432784079375        10.959861692434966     
  0.90901399182034970       0.91062956241879855       0.91780483328524165       0.95366011026063657        1.1548701775058188        2.4040387841721897        11.463488228067268     
  0.92295133779948824       0.92446880405552911       0.93135648767805612       0.96684009154879347        1.1697195219609260        2.4478014417888141        11.987938884427439     
  0.93618746698149991       0.93760543726749934       0.94427981083958956       0.97950707143209648        1.1841804478034827        2.4916156815298338        12.534005788077122     
  0.94869879914839417       0.95002778873430782       0.95655999613763698       0.99164686682604808        1.1982360105087939        2.5354656832596487        13.102488518314564     
  0.96046215396331547       0.96172951093570480       0.96818439989780747        1.0032473663002326        1.2118694562480434        2.5793369982454797        13.694197956954110     
  0.97145886284174798       0.97270542191867371       0.97914207104793261        1.0142946296842883        1.2250601101405350        2.6232053555941159        14.309891865694256     
  0.98168595527735103       0.98295282851207399       0.98942851946268728        1.0247790716426066        1.2377933678638320        2.6670617846680660        14.950422019157470     
  0.99114637120441451       0.99246898177492771       0.99903929363553579        1.0346925269893779        1.2500514037350481        2.7108880267094095        15.616584115987864     
  0.99984645665292426        1.0012524471227660        1.0079714184973436        1.0440230668050470        1.2618164781437176        2.7546653985165448        16.309172009357731     
   1.0077933249277706        1.0093057601518642        1.0162258874522314        1.0527718542755402        1.2730754956700585        2.7983883805992136        17.029052330204355     
   1.0149963150754280        1.0166356065248445        1.0238078685088969        1.0609351843905797        1.2838177763785346        2.8420574865539452        17.777140079152222     
   1.0214628964733805        1.0232494174908568        1.0307208383699575        1.0685087374258255        1.2940292174456842        2.8856639941263698        18.554284261757882     
   1.0271973300191262        1.0291517822351004        1.0369648583679583        1.0754852986775165        1.3036898497671383        2.9291832313299557        19.361207068928270     
   1.0322067423564389        1.0343491457002982        1.0425415396612454        1.0818588148645905        1.3127814773194322        2.9725942897079536        20.198650665692661     
   1.0365022456391475        1.0388505780848896        1.0474558142736945        1.0876237101421324        1.3212907281935671        3.0158923570602099        21.067435528800203     
   1.0400971803844037        1.0426665122505892        1.0517153616555017        1.0927807999497681        1.3292080484880737        3.0590841306910881        21.968477161646678     
   1.0429942171216293        1.0457969592920384        1.0553169242165150        1.0973280982825451        1.3365086025260526        3.1021351645068500        22.902341851544428     
   1.0451976645438761        1.0482445158181855        1.0582599253861433        1.1012557627926360        1.3431728320652603        3.1450286132433511        23.869706092879611     
   1.0467028412350741        1.0500032968138164        1.0605356720683035        1.1045447125146011        1.3491701834065108        3.1877166519265452        24.870986851407345     
   1.0475029111403278        1.0510659416559867        1.0621351068570337        1.1071763336263076        1.3544734291687361        3.2301732223804862        25.906648598667434     
   1.0475821522593876        1.0514168077028778        1.0630415792873487        1.1091228696297133        1.3590461854490496        3.2723508446975504        26.976966605179452     
   1.0469163599399662        1.0510324542789491        1.0632313999629053        1.1103498203108697        1.3628474137414310        3.3141999810777847        28.082122742328796     
   1.0454683936340636        1.0498770054721018        1.0626672552304819        1.1108112651168953        1.3658246471616875        3.3556513120607767        29.222059209953702     
   1.0431874820349436        1.0479013915900712        1.0612965105477390        1.1104444719100217        1.3679171296290198        3.3966370130700718        30.396578456283862     
   1.0400044266548194        1.0450376561831025        1.0590427840546033        1.1091646940740760        1.3690489370118486        3.4370639700799219        31.605308774806787     
   1.0358276611904664        1.0411913994111224        1.0558017333325507        1.1068648680927005        1.3691385515034789        3.4768657628301849        32.848016341174635     
   1.0305142677884211        1.0362110531219799        1.0514174142852259        1.1033920448291290        1.3680774477898110        3.5159435581915655        34.124083269941572     
   1.0238356329478593        1.0298644203173430        1.0456580511908076        1.0985311032080676        1.3657278961587545        3.5541725916674163        35.432493961162045     
   1.0154200660189741        1.0217825181160081        1.0381640609729288        1.0919911493594769        1.3619395592952455        3.5914329027341179        36.771875484978828     
   1.0045345138377983        1.0112316039477049        1.0282309193038504        1.0832993445597026        1.3564926641586692        3.6274542345792136        38.139531559140174     
  0.74855225313931018       0.75544736391146639       0.77269619670903211       0.82791100654244687        1.1105491316518219        3.5390700812230693        39.529375014978186     
  0.73254964489250252       0.73992435811224189       0.75843770995897186       0.81650482362862120        1.1056522015064454        3.5776016491709370        40.942439349092624     
  0.71805108064195100       0.72554256247132409       0.74463281722493568       0.80493621378330593        1.0999851463713852        3.6140660613611990        42.371347625155458     
  0.70483831852861711       0.71229004910144822       0.73149457049299649       0.79332491267949634        1.0935994909814313        3.6483083054547611        43.813245911169012     
  0.69278985401382298       0.70018609320666969       0.71921062600757546       0.78176151978306985        1.0865498239252911        3.6803030966047294        45.266811955346981     
  0.68159876720350054       0.68898453642516000       0.70780841983631115       0.77035162829929693        1.0789159045944166        3.7101489872871039        46.732113165454912     
  0.67116711659571160       0.67850164231389032       0.69714872903324021       0.75916777592448981        1.0707402850853776        3.7378413305555873        48.207974679334590     
  0.66154478681458084       0.66872733346774715       0.68708514869528103       0.74824349261968870        1.0619563458902541        3.7629919180218305        49.688097437898634     
  0.65277716939572095       0.65969445849213615       0.67756893768039117       0.73756752360902389        1.0524797399031771        3.7851284761714905        51.164397635426141     
  0.64492904071222656       0.65145294184056035       0.66862384797660213       0.72717326599479004        1.0422727758384192        3.8039119674869468        52.630202657358780     
  0.63806914447557883       0.64406575915336439       0.66029282113301246       0.71706813381448786        1.0313123864951781        3.8190444977843034        54.078801610156184     
  0.63223479812645578       0.63758470161586023       0.65261809832342466       0.70724341969840110        1.0195366615947274        3.8300497355190015        55.500406352471913     
  0.62741561983341299       0.63203725087887963       0.64564405698833682       0.69769143811041645        1.0068470361734709        3.8362758032740061        56.881888693441823     
  0.62353110707529147       0.62740576338362442       0.63941424605901442       0.68841883520556646       0.99313212598510336        3.8369810310865620        58.207582164424508     
  0.62044435349491522       0.62362103664935065       0.63395906349259168       0.67945403651247704       0.97828744371288301        3.8313634634449278        59.460014777464174     
  0.61800927233859182       0.62057970929083195       0.62928709142838968       0.67085562247610520       0.96224212264716769        3.8185951898969979        60.619430922584726     
  0.61609818360104185       0.61815677885605580       0.62536155797700621       0.66268182191498759       0.94489568117072775        3.7977893464456476        61.664388479738975     
  0.61461892280646713       0.61624528656235400       0.62212302112116724       0.65502014580791890       0.92620261980304008        3.7680472281468975        62.571335906248905     
  0.61350184612834535       0.61476180702332972       0.61949660883081759       0.64796688117227108       0.90618324888645796        3.7285505833926615        63.316205233777886     
  0.61268913348047505       0.61364089069807315       0.61740407654451290       0.64161160598474165       0.88490498404102225        3.6785684087360564        63.875215635578471     
  0.61212649213386316       0.61282484533888582       0.61576862810349975       0.63602599271107574       0.86255653340067973        3.6175058716317898        64.225215426932735     
  0.61175930458929484       0.61225811247758721       0.61452347946687702       0.63123686673448121       0.83944554663216964        3.5448401110337029        64.342924966759853     
  0.61153659652175629       0.61188549623035526       0.61360602628648164       0.62722994343278804       0.81587993804035797        3.4600487667587458        64.203675588897568     
  0.61141142420353822       0.61165554978298320       0.61295407662403756       0.62395584058772480       0.79221361807351853        3.3627511933168441        63.783808968485182     
  0.61134599652765942       0.61152120153733558       0.61250760852918873       0.62133592150190120       0.76890676334443819        3.2526419032200526        63.060347730582073     
  0.61131371768158493       0.61144529870869757       0.61221005514605331       0.61928325559330544       0.74638624710023183        3.1296899611291140        62.014274138835653     
  0.61129783071774091       0.61140162154643585       0.61201172431988393       0.61770081664653198       0.72515207650716351        2.9942059710618198        60.632678757073542     
  0.61128921165870309       0.61137403037804539       0.61187401273828101       0.61649180237146795       0.70567957550896521        2.8467717365871095        58.907988125402625     
  0.61128354800262774       0.61135397780562128       0.61177053185294938       0.61556231330277655       0.68838960515972758        2.6884105850368112        56.841970808222420     
  0.61127910777889094       0.61133755939462797       0.61168602580961362       0.61483066644201112       0.67353829239251262        2.5204368411834399        54.444262570157704     
  0.61127532703679599       0.61132332441005022       0.61161297814405458       0.61423177633488457       0.66119430276118796        2.3446327618811984        51.736062253833225     
  0.61127205743372204       0.61131084475706454       0.61154843646396684       0.61372228878139057       0.65120333029279842        2.1631226836595006        48.748422196790848     
  0.61126926975978224       0.61130004840700558       0.61149167268582205       0.61327851306930636       0.64326579311687015        1.9791404837048414        45.540006948425393     
  0.61126694739608722       0.61129090566506783       0.61144258599678081       0.61289025385069451       0.63697522313277677        1.7963484247226964        42.182096544855128     
  0.61126506177857376       0.61128334397282713       0.61140099154188632       0.61255348813452604       0.63192581728350927        1.6184318592144811        38.748019143153563     
  0.61126357686775279       0.61127726742568411       0.61136664789993311       0.61226729744820019       0.62780432987072543        1.4502564901817316        35.339276103432915     
  0.61135546621581194       0.61136554256875808       0.61143200563964284       0.61212232620496387       0.62448661611549339        1.2967750961100339        32.068229247587261     
