  1.16928221207982842E-004  1.08066041591351261E-003  4.16694830400242324E-003  6.52546759428883957E-003  4.16694830400241023E-003  1.08066041591350307E-003  1.16928221207981866E-004
  1.16824517308089599E-004  1.07970197578303572E-003  4.16325262826803145E-003  6.51968014254137272E-003  4.16325262826801757E-003  1.07970197578302835E-003  1.16824517308088257E-004
  1.16716665252200114E-004  1.07870519804733689E-003  4.15940912550430333E-003  6.51366119272406025E-003  4.15940912550432501E-003  1.07870519804733798E-003  1.16716665252198948E-004
  1.16604665040315512E-004  1.07767008270642892E-003  4.15541779571123020E-003  6.50741074483681282E-003  4.15541779571120765E-003  1.07767008270642610E-003  1.16604665040313438E-004
  1.16492072234716495E-004  1.07662949056476259E-003  4.15140534777104411E-003  6.50112722579669535E-003  4.15140534777106232E-003  1.07662949056476650E-003  1.16492072234715112E-004
  1.16380664616545115E-004  1.07559985202460430E-003  4.14743513612501283E-003  6.49490984906228499E-003  4.14743513612498942E-003  1.07559985202459324E-003  1.16380664616543692E-004
  1.16269849592086320E-004  1.07457569028517031E-003  4.14348604262602341E-003  6.48872554348070129E-003  4.14348604262600867E-003  1.07457569028517573E-003  1.16269849592086090E-004
  1.16159627161343363E-004  1.07355700534649944E-003  4.13955806727408192E-003  6.48257430905199803E-003  4.13955806727405937E-003  1.07355700534649554E-003  1.16159627161342577E-004
  1.16047626949458476E-004  1.07252189000558973E-003  4.13556673748098971E-003  6.47632386116476014E-003  4.13556673748096456E-003  1.07252189000558453E-003  1.16047626949457446E-004
  1.15931478581576995E-004  1.07144843705945700E-003  4.13142758065851087E-003  6.46984191520760723E-003  4.13142758065846404E-003  1.07144843705945202E-003  1.15931478581576697E-004
  1.15809996870273790E-004  1.07032569290661642E-003  4.12709836051251226E-003  6.46306232887491113E-003  4.12709836051249491E-003  1.07032569290661751E-003  1.15809996870272231E-004
  1.15680811440691715E-004  1.06913175034408729E-003  4.12249460445489671E-003  6.45585281755518391E-003  4.12249460445483600E-003  1.06913175034407558E-003  1.15680811440690685E-004
  1.15545107480259995E-004  1.06787756297334400E-003  4.11765854877961090E-003  6.44827952355424457E-003  4.11765854877961263E-003  1.06787756297333641E-003  1.15545107480258559E-004
  1.15401107207835913E-004  1.06654670039217506E-003  4.11252683904561860E-003  6.44024323341345177E-003  4.11252683904561166E-003  1.06654670039216595E-003  1.15401107207835168E-004
  1.15248810623420702E-004  1.06513916260055986E-003  4.10709947525289554E-003  6.43174394713293650E-003  4.10709947525287212E-003  1.06513916260055595E-003  1.15248810623420201E-004
  1.15088217727014864E-004  1.06365494959850685E-003  4.10137645740138966E-003  6.42278166471259380E-003  4.10137645740138185E-003  1.06365494959850056E-003  1.15088217727013549E-004
  1.14918143331188430E-004  1.06208310778452514E-003  4.09531554919705977E-003  6.41329024384677641E-003  4.09531554919704416E-003  1.06208310778452058E-003  1.14918143331187807E-004
  1.14737402248517355E-004  1.06041268355712816E-003  4.08887451434574844E-003  6.40320354222980240E-003  4.08887451434572675E-003  1.06041268355712556E-003  1.14737402248516339E-004
  1.14544809291571508E-004  1.05863272331481852E-003  4.08201111655336416E-003  6.39245541755596811E-003  4.08201111655336936E-003  1.05863272331481093E-003  1.14544809291571183E-004
  1.14337994085498461E-004  1.05672131985461181E-003  4.07464088323169701E-003  6.38091358521387583E-003  4.07464088323170135E-003  1.05672131985459772E-003  1.14337994085497539E-004
  1.14116364036584029E-004  1.05467299637576053E-003  4.06674269623371210E-003  6.36854497405071537E-003  4.06674269623371904E-003  1.05467299637576639E-003  1.14116364036582010E-004
  1.13878141363684833E-004  1.05247132247605186E-003  4.05825320111820754E-003  6.35525037060802930E-003  4.05825320111819800E-003  1.05247132247604795E-003  1.13878141363684033E-004
  1.13621548285662682E-004  1.05009986775321550E-003  4.04910904344409159E-003  6.34093056142720490E-003  4.04910904344403348E-003  1.05009986775321117E-003  1.13621548285661720E-004
  1.13345992208803149E-004  1.04755315540652175E-003  4.03928910506421920E-003  6.32555247535540772E-003  4.03928910506419839E-003  1.04755315540652392E-003  1.13345992208801685E-004
  1.13051473133105190E-004  1.04483118543597557E-003  4.02879338597864241E-003  6.30911611239261087E-003  4.02879338597862419E-003  1.04483118543596864E-003  1.13051473133103834E-004
  1.12736805871142508E-004  1.04192300424007589E-003  4.01757964989324107E-003  6.29155533023319311E-003  4.01757964989322112E-003  1.04192300424007156E-003  1.12736805871141248E-004
  1.12399027454345674E-004  1.03880122781509752E-003  4.00554230607274783E-003  6.27270477311293439E-003  4.00554230607275477E-003  1.03880122781509188E-003  1.12399027454345240E-004
  1.12035767507861689E-004  1.03544394895805280E-003  3.99259688192896492E-003  6.25243215642041009E-003  3.99259688192896926E-003  1.03544394895805606E-003  1.12035767507860822E-004
  1.11645840844261466E-004  1.03184021406747058E-003  3.97870114116777741E-003  6.23067133785000071E-003  3.97870114116780083E-003  1.03184021406746667E-003  1.11645840844261276E-004
  1.11229247463546889E-004  1.02799002314333567E-003  3.96385508378919657E-003  6.20742231740164206E-003  3.96385508378921479E-003  1.02799002314333003E-003  1.11229247463546333E-004
  1.10781839209720645E-004  1.02385503858042634E-003  3.94791088276384445E-003  6.18245359700548853E-003  3.94791088276383664E-003  1.02385503858041876E-003  1.10781839209719398E-004
  1.10301245707928057E-004  1.01941335317576516E-003  3.93078406550347297E-003  6.15563289205013891E-003  3.93078406550347384E-003  1.01941335317576299E-003  1.10301245707927095E-004
  1.09782726208460730E-004  1.01462115252339761E-003  3.91230568683169268E-003  6.12669563331287928E-003  3.91230568683169095E-003  1.01462115252338655E-003  1.09782726208459145E-004
  1.09222725149035144E-004  1.00944557581882479E-003  3.89234903786615620E-003  6.09544339387664211E-003  3.89234903786616271E-003  1.00944557581882088E-003  1.09222725149034318E-004
  1.08616501779942770E-004  1.00384280865610325E-003  3.87074517343047320E-003  6.06161160451868571E-003  3.87074517343044934E-003  1.00384280865610043E-003  1.08616501779941780E-004
  1.07959315351474196E-004  9.97769036629259217E-004  3.84732514834816575E-003  6.02493569601622939E-003  3.84732514834816098E-003  9.97769036629257483E-004  1.07959315351473559E-004
  1.07245239926492581E-004  9.91169491730845573E-004  3.82187778114873120E-003  5.98508495684089547E-003  3.82187778114872687E-003  9.91169491730844923E-004  1.07245239926492499E-004
  1.06468349567862244E-004  9.83989405953402405E-004  3.79419189036163873E-003  5.94172867546426033E-003  3.79419189036160967E-003  9.83989405953401321E-004  1.06468349567860970E-004
  1.05622718338444960E-004  9.76174011289468718E-004  3.76405629451632886E-003  5.89453614035787693E-003  3.76405629451633059E-003  9.76174011289462863E-004  1.05622718338443402E-004
  1.04704790675957696E-004  9.67690446934572793E-004  3.73134428473051276E-003  5.84330892460470461E-003  3.73134428473050712E-003  9.67690446934571383E-004  1.04704790675957046E-004
  1.03709233236979364E-004  9.58489421682014045E-004  3.69586579768068453E-003  5.78774938782916203E-003  3.69586579768067759E-003  9.58489421682007540E-004  1.03709233236978985E-004
  1.02629527490658923E-004  9.48510690723580827E-004  3.65738853374924719E-003  5.72749374734992951E-003  3.65738853374925500E-003  9.48510690723573888E-004  1.02629527490658489E-004
  1.01460340093573781E-004  9.37704962852561278E-004  3.61572242961276770E-003  5.66224436279153236E-003  3.61572242961274775E-003  9.37704962852558025E-004  1.01460340093572737E-004
  1.00186263609167649E-004  9.25929841249576975E-004  3.57031841344781489E-003  5.59114138417995173E-003  3.57031841344779407E-003  9.25929841249575674E-004  1.00186263609166809E-004
  9.87936683820248712E-005  9.13059359497479881E-004  3.52069076787214731E-003  5.51342417499985256E-003  3.52069076787212909E-003  9.13059359497477387E-004  9.87936683820239903E-005
  9.72724803190150571E-005  8.99000411983599422E-004  3.46648048438588478E-003  5.42853052565292829E-003  3.46648048438588912E-003  8.99000411983592374E-004  9.72724803190141762E-005
  9.56108475458638553E-005  8.83643462693007968E-004  3.40726520004796564E-003  5.33579901308229958E-003  3.40726520004794439E-003  8.83643462693006884E-004  9.56108475458629744E-005
  9.38099552499971275E-005  8.66999465227212898E-004  3.34308715115248355E-003  5.23529577959366658E-003  3.34308715115246534E-003  8.66999465227207152E-004  9.38099552499973172E-005
  9.18804701182640414E-005  8.49167001999626332E-004  3.27432646434637356E-003  5.12761610593819462E-003  3.27432646434636663E-003  8.49167001999623513E-004  9.18804701182627268E-005
  8.98395773683589383E-005  8.30304900231873012E-004  3.20159556589422667E-003  5.01371905554831576E-003  3.20159556589422536E-003  8.30304900231867591E-004  8.98395773683577863E-005
  8.76979436871280858E-005  8.10511742337372107E-004  3.12527458244296705E-003  4.89419990917515976E-003  3.12527458244298093E-003  8.10511742337367120E-004  8.76979436871275301E-005
  8.54454949814399971E-005  7.89694422703446429E-004  3.04500450549273710E-003  4.76849645722048250E-003  3.04500450549273233E-003  7.89694422703440032E-004  8.54454949814393465E-005
  8.30697867833074505E-005  7.67737928514441873E-004  2.96034185395539339E-003  4.63591420547451033E-003  2.96034185395537865E-003  7.67737928514441656E-004  8.30697867833065832E-005
  8.05690413115881638E-005  7.44625829368122309E-004  2.87122327338972753E-003  4.49635394047879014E-003  2.87122327338974141E-003  7.44625829368122309E-004  8.05690413115877979E-005
  7.79450363474243108E-005  7.20374555666728747E-004  2.77771211823697869E-003  4.34991487569179151E-003  2.77771211823698650E-003  7.20374555666726687E-004  7.79450363474237958E-005
  7.51930311411063730E-005  6.94940293004284041E-004  2.67963944332067503E-003  4.19633244189079272E-003  2.67963944332064944E-003  6.94940293004285342E-004  7.51930311411058445E-005
  7.23035441932151916E-005  6.68235412568873584E-004  2.57666735828795262E-003  4.03507750063034163E-003  2.57666735828793745E-003  6.68235412568869030E-004  7.23035441932145140E-005
  6.92670940043311470E-005  6.40172285548551868E-004  2.46845797278596275E-003  3.86562091346487943E-003  2.46845797278595928E-003  6.40172285548553277E-004  6.92670940043314180E-005
  6.60777546373196719E-005  6.10696143935877955E-004  2.35480010534419451E-003  3.68763196886605360E-003  2.35480010534419018E-003  6.10696143935876221E-004  6.60777546373191027E-005
  6.27325631236102236E-005  5.79779603727119289E-004  2.23558816522736450E-003  3.50094531106962415E-003  2.23558816522734585E-003  5.79779603727118638E-004  6.27325631236099119E-005
  5.92338898380587403E-005  5.47444572125255278E-004  2.11090662502366700E-003  3.30569322468694544E-003  2.11090662502366397E-003  5.47444572125253869E-004  5.92338898380582795E-005
  5.55888459052284359E-005  5.13756770739233481E-004  1.98100890249777901E-003  3.10227256355216207E-003  1.98100890249777598E-003  5.13756770739233698E-004  5.55888459052282462E-005
  5.18128387616757129E-005  4.78858596388443542E-004  1.84644406947306189E-003  2.89154317763917063E-003  1.84644406947307230E-003  4.78858596388441319E-004  5.18128387616754147E-005
  4.79301647496608845E-005  4.42974597903446918E-004  1.70807796997873287E-003  2.67486098421451093E-003  1.70807796997872441E-003  4.42974597903447894E-004  4.79301647496604372E-005
  4.39728239297229766E-005  4.06400522524510922E-004  1.56705098395566755E-003  2.45401182553167717E-003  1.56705098395565606E-003  4.06400522524508808E-004  4.39728239297224074E-005
  3.99775571121094157E-005  3.69475931897856268E-004  1.42467243652117282E-003  2.23104611306693731E-003  1.42467243652117173E-003  3.69475931897855618E-004  3.99775571121089007E-005
  3.59828828882095784E-005  3.32556818071947930E-004  1.28231500723373771E-003  2.00811347175502237E-003  1.28231500723373078E-003  3.32556818071945708E-004  3.59828828882093480E-005
  3.20314680054082298E-005  2.96037510700464690E-004  1.14149920268120258E-003  1.78759502460061788E-003  1.14149920268119434E-003  2.96037510700465612E-004  3.20314680054078097E-005
  2.81677569922310754E-005  2.60328769839329537E-004  1.00380888389257645E-003  1.57197110806692056E-003  1.00380888389257059E-003  2.60328769839327369E-004  2.81677569922308823E-005
  2.44391573457724122E-005  2.25868739548182811E-004  8.70933502632147442E-004  1.36388741438133593E-003  8.70933502632144948E-004  2.25868739548181646E-004  2.44391573457722665E-005
  2.08942617505538659E-005  1.93106517488163070E-004  7.44604746958294427E-004  1.16605577807694667E-003  7.44604746958284886E-004  1.93106517488162853E-004  2.08942617505535305E-005
  1.75781073288147032E-005  1.62458340515935770E-004  6.26427596047071438E-004  9.80989606769803492E-004  6.26427596047070137E-004  1.62458340515936393E-004  1.75781073288144389E-005
  1.45315830467988347E-005  1.34302107882944592E-004  5.17859202045184799E-004  8.10970810006036904E-004  5.17859202045185233E-004  1.34302107882944592E-004  1.45315830467986941E-005
  1.17866889650448426E-005  1.08933566829449950E-004  4.20039944893517360E-004  6.57785230039155074E-004  4.20039944893512156E-004  1.08933566829449530E-004  1.17866889650447206E-005
  9.36594364467230096E-006  8.65608357837838405E-005  3.33772314180089255E-004  5.22689570677163846E-004  3.33772314180088008E-004  8.65608357837830273E-005  9.36594364467231790E-006
  7.27942117881404068E-006  6.72770203586206458E-005  2.59415318404822835E-004  4.06246041518398880E-004  2.59415318404820721E-004  6.72770203586204831E-005  7.27942117881393056E-006
  5.52949194232444999E-006  5.11040277569431103E-005  1.97053430155927058E-004  3.08586927174224349E-004  1.97053430155925757E-004  5.11040277569428664E-005  5.52949194232439578E-006
  4.10311887350277494E-006  3.79213683623486314E-005  1.46222050198224643E-004  2.28984662282105786E-004  1.46222050198224182E-004  3.79213683623483264E-005  4.10311887350273767E-006
  2.97245006780617562E-006  2.74716325397949448E-005  1.05928625620203801E-004  1.65884902658440249E-004  1.05928625620203896E-004  2.74716325397948804E-005  2.97245006780614767E-006
  2.10370768355502204E-006  1.94426426467847403E-005  7.49694220398177324E-005  1.17402592591201016E-004  7.49694220398172716E-005  1.94426426467846556E-005  2.10370768355498816E-006
  1.45422497336451030E-006  1.34400690296365178E-005  5.18239328692148948E-005  8.11566090757208147E-005  5.18239328692145289E-005  1.34400690296364856E-005  1.45422497336448849E-006
