  0.61598742559905140       0.61961648182040485       0.62599935656313899       0.63470139433578132       0.64525034506172485       0.67741491912280527       0.77616336028148125     
  0.61298818399867450       0.61629590964724090       0.62231142867629163       0.63165189958242463       0.64470499170475215       0.68316366630625514       0.78991161458957337     
  0.61041762970643254       0.61342261543269327       0.61900445903042534       0.62856649654417207       0.64383421194701707       0.68841721121933863       0.80291019111340378     
  0.60821616012082103       0.61093579336956028       0.61608548124370854       0.62568782379120902       0.64288384089044637       0.69342778277440753       0.81541928523149054     
  0.60634140101522094       0.60879184311463708       0.61354754350674334       0.62304676820542348       0.64195903275038824       0.69831243581864799       0.82752792849286894     
  0.60475195781196345       0.60695040171615167       0.61132180896715571       0.62065562371330729       0.64111617877787175       0.70313556926086318       0.83926569723197297     
  0.60340842298516129       0.60537405464006910       0.60937579817205234       0.61851186268498071       0.64038684772056886       0.70793636006967819       0.85063893281566505     
  0.60227495800261310       0.60402897235702002       0.60768896375661363       0.61660716055470932       0.63979177728385783       0.71274189390102116       0.86163661414281534     
  0.60132068288659024       0.60285155473017260       0.60622964295385073       0.61492769716108742       0.63934198892976279       0.71756948299498902       0.87223556191926477     
  0.60052145189832573       0.60183969136209681       0.60496544257297036       0.61345893580048594       0.63904350638501017       0.72243139029155623       0.88240826751810209     
  0.59985703860874384       0.60096555975098576       0.60387540133232309       0.61218783246652742       0.63890034554838504       0.72733746585795989       0.89212751598344131     
  0.59930963904715595       0.60023568573463182       0.60294448438916759       0.61110096709797779       0.63891444462366853       0.73229375383132456       0.90136806305085415     
  0.59885914376471394       0.59963873493986386       0.60216097751505648       0.61018926415938923       0.63909046100111389       0.73730782328424027       0.91011172878705815     
  0.59841731606961546       0.59915313475357346       0.60151225121851082       0.60944222460483577       0.63942859448417422       0.74238269121576972       0.91834458309598077     
  0.59806048033415771       0.59876699599822492       0.60098667976534492       0.60885278526318565       0.63993014162768880       0.74752186815864574       0.92606022801039267     
  0.59780207829116094       0.59846622243003089       0.60057563087149435       0.60841529084340951       0.64059616580977863       0.75272710271301657       0.93325695255300334     
  0.59762421245029218       0.59824007364192211       0.60027087608406660       0.60812350192366860       0.64142619942977286       0.75799953496203132       0.93994179278704126     
  0.59751442734416893       0.59808475139079009       0.60006640472975148       0.60797303713293338       0.64242046480431791       0.76333888697554242       0.94612504549232046     
  0.59746230891559016       0.59799938867691693       0.59995735797165339       0.60796087239034091       0.64357916894780209       0.76874422929904929       0.95182133010601977     
  0.59746005359653076       0.59798316336987922       0.59994028231757979       0.60808364774864887       0.64490114064871096       0.77421290693586731       0.95704838157095828     
  0.59750815257709711       0.59803590165932696       0.60001487455979119       0.60833956967884784       0.64638723682899635       0.77974358404526023       0.96182730085419799     
  0.59761030052801989       0.59815763974269776       0.60018091215198111       0.60872960925700925       0.64803732803414493       0.78533331929616068       0.96618066861865670     
  0.59777125750511917       0.59834929207837118       0.60043903970728241       0.60925062991859169       0.64985140936867591       0.79097882507004758       0.97013234466115217     
  0.59799549652665096       0.59861334909717812       0.60079190800328941       0.60991041610314789       0.65183079194432469       0.79667763343014386       0.97370730129514449     
  0.59828827756762748       0.59895416677855096       0.60124427472066666       0.61071020597097081       0.65397757133268430       0.80242757900474182       0.97693077716216248     
  0.59865424903968334       0.59937682340539833       0.60180033634212293       0.61165205943964029       0.65629256245226808       0.80822503524796352       0.97982750191109880     
  0.59909669381222896       0.59988545506873503       0.60246321599854002       0.61273743083986931       0.65877451433214207       0.81406440209328768       0.98242143357587008     
  0.59962033453809127       0.60048515067089026       0.60323699832899857       0.61396827244277341       0.66142271700449096       0.81994047964892836       0.98473608360668508     
  0.60023211030400792       0.60118261987804666       0.60412748111036607       0.61534551882841138       0.66423763527750768       0.82584899191125638       0.98679443874013995     
  0.60094036988291399       0.60198542185602943       0.60514207318892799       0.61687509774648175       0.66722091079531232       0.83178657887964025       0.98861861685273600     
  0.60174960566831481       0.60289757027481616       0.60628410192591431       0.61856548159513713       0.67036897168454701       0.83774575570903942       0.99022910598671043     
  0.60266580356730037       0.60392486465382078       0.60755856102278516       0.62041770155193310       0.67367958957931828       0.84372049643649760       0.99164562578407689     
  0.60369244106623765       0.60507055248216479       0.60896782512601377       0.62242936312773367       0.67714684198015385       0.84970253016481667       0.99288653620632750     
  0.60483329250215212       0.60633827026129594       0.61051499658634278       0.62459917672605825       0.68076556525065468       0.85568448164750321       0.99396933716546609     
  0.60609005779272995       0.60772972581742413       0.61220114904572476       0.62692314006307859       0.68452781158508169       0.86165782576434047       0.99491026941034766     
  0.60746220557399999       0.60924472985650935       0.61402582924790228       0.62939560456156762       0.68842327039952544       0.86761411849995607       0.99572448439084338     
  0.60894613167607325       0.61087996214769091       0.61598487607328933       0.63200936304372590       0.69243899979927059       0.87353732458777367       0.99642598091159984     
  0.61053525453385138       0.61262917142468598       0.61807008270648556       0.63475203506950573       0.69655918297898611       0.87940000182764488       0.99702771050843564     
  0.61221877622687626       0.61448191222030746       0.62026685616624144       0.63760509416088151       0.70076491514442896       0.88518567429268813       0.99754150416044707     
  0.61398168867957492       0.61642139687552622       0.62255411874324718       0.64054568235036002       0.70503751512317114       0.89086630541056677       0.99797827707757847     
  0.61579512190171348       0.61841511712167652       0.62489665179946130       0.64353956338629936       0.70935289442182159       0.89639752532064310       0.99834778827415283     
  0.61760653935543586       0.62040899280447470       0.62724013670781154       0.64653996301743688       0.71368634042770218       0.90174554705699772       0.99865880910889659     
  0.61931907333567615       0.62230729661896023       0.62949406045057710       0.64949182892651380       0.71802734757240305       0.90687653632282061       0.99891874320329743     
  0.62071555292543601       0.62389044904927371       0.63144347911797649       0.65225420707499071       0.72231735034961708       0.91176012443553112       0.99913495391024421     
   1.0000000000000000        1.0000000000000000        1.0000000000000000        1.0000000000000000        1.0000000000000000        1.0000000000000000        1.0000000000000000     
   1.0000000000000000        1.0000000000000000        1.0000000000000000        1.0000000000000000        1.0000000000000000        1.0000000000000000        1.0000000000000000     
   1.0000000000000000        1.0000000000000000        1.0000000000000000        1.0000000000000000        1.0000000000000000        1.0000000000000000        1.0000000000000000     
   1.0000000000000000        1.0000000000000000        1.0000000000000000        1.0000000000000000        1.0000000000000000        1.0000000000000000        1.0000000000000000     
   1.0000000000000000        1.0000000000000000        1.0000000000000000        1.0000000000000000        1.0000000000000000        1.0000000000000000        1.0000000000000000     
   1.0000000000000000        1.0000000000000000        1.0000000000000000        1.0000000000000000        1.0000000000000000        1.0000000000000000        1.0000000000000000     
   1.0000000000000000        1.0000000000000000        1.0000000000000000        1.0000000000000000        1.0000000000000000        1.0000000000000000        1.0000000000000000     
   1.0000000000000000        1.0000000000000000        1.0000000000000000        1.0000000000000000        1.0000000000000000        1.0000000000000000        1.0000000000000000     
   1.0000000000000000        1.0000000000000000        1.0000000000000000        1.0000000000000000        1.0000000000000000        1.0000000000000000        1.0000000000000000     
   1.0000000000000000        1.0000000000000000        1.0000000000000000        1.0000000000000000        1.0000000000000000        1.0000000000000000        1.0000000000000000     
   1.0000000000000000        1.0000000000000000        1.0000000000000000        1.0000000000000000        1.0000000000000000        1.0000000000000000        1.0000000000000000     
   1.0000000000000000        1.0000000000000000        1.0000000000000000        1.0000000000000000        1.0000000000000000        1.0000000000000000        1.0000000000000000     
   1.0000000000000000        1.0000000000000000        1.0000000000000000        1.0000000000000000        1.0000000000000000        1.0000000000000000        1.0000000000000000     
   1.0000000000000000        1.0000000000000000        1.0000000000000000        1.0000000000000000        1.0000000000000000        1.0000000000000000        1.0000000000000000     
   1.0000000000000000        1.0000000000000000        1.0000000000000000        1.0000000000000000        1.0000000000000000        1.0000000000000000        1.0000000000000000     
   1.0000000000000000        1.0000000000000000        1.0000000000000000        1.0000000000000000        1.0000000000000000        1.0000000000000000        1.0000000000000000     
   1.0000000000000000        1.0000000000000000        1.0000000000000000        1.0000000000000000        1.0000000000000000        1.0000000000000000        1.0000000000000000     
   1.0000000000000000        1.0000000000000000        1.0000000000000000        1.0000000000000000        1.0000000000000000        1.0000000000000000        1.0000000000000000     
   1.0000000000000000        1.0000000000000000        1.0000000000000000        1.0000000000000000        1.0000000000000000        1.0000000000000000        1.0000000000000000     
   1.0000000000000000        1.0000000000000000        1.0000000000000000        1.0000000000000000        1.0000000000000000        1.0000000000000000        1.0000000000000000     
   1.0000000000000000        1.0000000000000000        1.0000000000000000        1.0000000000000000        1.0000000000000000        1.0000000000000000        1.0000000000000000     
   1.0000000000000000        1.0000000000000000        1.0000000000000000        1.0000000000000000        1.0000000000000000        1.0000000000000000        1.0000000000000000     
   1.0000000000000000        1.0000000000000000        1.0000000000000000        1.0000000000000000        1.0000000000000000        1.0000000000000000        1.0000000000000000     
   1.0000000000000000        1.0000000000000000        1.0000000000000000        1.0000000000000000        1.0000000000000000        1.0000000000000000        1.0000000000000000     
   1.0000000000000000        1.0000000000000000        1.0000000000000000        1.0000000000000000        1.0000000000000000        1.0000000000000000        1.0000000000000000     
   1.0000000000000000        1.0000000000000000        1.0000000000000000        1.0000000000000000        1.0000000000000000        1.0000000000000000        1.0000000000000000     
   1.0000000000000000        1.0000000000000000        1.0000000000000000        1.0000000000000000        1.0000000000000000        1.0000000000000000        1.0000000000000000     
   1.0000000000000000        1.0000000000000000        1.0000000000000000        1.0000000000000000        1.0000000000000000        1.0000000000000000        1.0000000000000000     
   1.0000000000000000        1.0000000000000000        1.0000000000000000        1.0000000000000000        1.0000000000000000        1.0000000000000000        1.0000000000000000     
   1.0000000000000000        1.0000000000000000        1.0000000000000000        1.0000000000000000        1.0000000000000000        1.0000000000000000        1.0000000000000000     
   1.0000000000000000        1.0000000000000000        1.0000000000000000        1.0000000000000000        1.0000000000000000        1.0000000000000000        1.0000000000000000     
   1.0000000000000000        1.0000000000000000        1.0000000000000000        1.0000000000000000        1.0000000000000000        1.0000000000000000        1.0000000000000000     
   1.0000000000000000        1.0000000000000000        1.0000000000000000        1.0000000000000000        1.0000000000000000        1.0000000000000000        1.0000000000000000     
   1.0000000000000000        1.0000000000000000        1.0000000000000000        1.0000000000000000        1.0000000000000000        1.0000000000000000        1.0000000000000000     
   1.0000000000000000        1.0000000000000000        1.0000000000000000        1.0000000000000000        1.0000000000000000        1.0000000000000000        1.0000000000000000     
   1.0000000000000000        1.0000000000000000        1.0000000000000000        1.0000000000000000        1.0000000000000000        1.0000000000000000        1.0000000000000000     
   1.0000000000000000        1.0000000000000000        1.0000000000000000        1.0000000000000000        1.0000000000000000        1.0000000000000000        1.0000000000000000     
