  0.44319616075338181       0.41201921398086055       0.38991797725634703       0.63847408426767693        1.1494448249523628        2.7542104904902645        17.594981776438761     
  0.45436294270401045       0.42969494420107124       0.41707174371973793       0.67762118229556312        1.1859807471354682        2.7542419568499414        17.796555794691510     
  0.46214030581454846       0.44329891459029902       0.43999816659340296       0.71225588989898225        1.2019704297888383        2.6389521397404829        17.664247075587266     
  0.46736024885480870       0.45369770818144933       0.45936979752570595       0.74332505820538242        1.2013900952170982        2.4333045947206404        17.312376001203528     
  0.47065085166494119       0.46158194262280533       0.47576917135437569       0.77119078255401952        1.1850723021403515        2.1512330705932277        16.879250194189819     
  0.47248723219944538       0.46749507651312278       0.48967267471245191       0.79597713260988368        1.1535396192077940        1.8074205736334594        16.477416038588014     
  0.47319866782566128       0.47182694875027004       0.50142988719012671       0.81774375345731709        1.1069645769975518        1.4290991879124473        16.143688954635987     
  0.47302269975458794       0.47486169657217547       0.51128766658160629       0.83653543321238333        1.0461126065319044        1.0550945605106110        15.841730204907503     
  0.47212690050122053       0.47680293326177159       0.51942391672460608       0.85243140454397759       0.97293711146958195       0.71044059442257523        15.546220296602909     
  0.47062395259077833       0.47779215588685953       0.52598787222784960       0.86550956114829036       0.88993244056480414       0.40791447894687943        15.242621031823401     
  0.46858338678865280       0.47792933111170532       0.53110383606633205       0.87582365168741194       0.80013225451227588       0.14753559153522999        14.929580457470999     
  0.46604784369774410       0.47728395056964201       0.53487494393546819       0.88338442110087390       0.70610920589235027       -7.6487978950115901E-002   14.608460759925423     
  0.46304191321777310       0.47591011581855919       0.53737345994562313       0.88823833698650545       0.60978805871608233      -0.27030535694806501        14.281338938183259     
  0.45958052706035146       0.47385340245523666       0.53868050935944256       0.89040103808405879       0.51264897048172287      -0.43903415224892639        13.950391021647924     
  0.45566755572894824       0.47114259266711828       0.53887139299732101       0.88988747770567589       0.41584209452628274      -0.58671891228430384        13.617600638187159     
  0.45129800605189818       0.46779834266938342       0.53804924091485595       0.88669718783382689       0.32037155835086994      -0.71652773122805935        13.284682410900992     
  0.44645782322705035       0.46382496121633887       0.53632112471994697       0.88084797355858713       0.22721481497820900      -0.83096960699232725        12.953068221763573     
  0.44112739807199552       0.45923850607192390       0.53375874511646682       0.87239726232673820       0.13733029894851773      -0.93195885637629650        12.623932945978947     
  0.43529309428991941       0.45405857735100830       0.53040354933195943       0.86149896198086606        5.1589437872150840E-002  -1.0209970381761575        12.298223819528438     
  0.42893996003806889       0.44830686033875672       0.52628591939963898       0.84837500374751118       -2.9282305876942812E-002  -1.0992502821735968        11.976695914370321     
  0.42205061763951374       0.44199126375520831       0.52144589873664304       0.83322369490697834      -0.10436789430501588       -1.1676263704814349        11.659937903011068     
  0.41460789503091966       0.43510480923205008       0.51591706502187917       0.81627124338586754      -0.17277447984358954       -1.2268529050817498        11.348409214722729     
  0.40658874911235271       0.42763775842839202       0.50970520345186832       0.79777688492034204      -0.23363719150528736       -1.2774849385545726        11.042470310979549     
  0.39797462256181493       0.41956508742959348       0.50280057709216308       0.77800647558403857      -0.28616221785903556       -1.3199789212873603        10.742395799564290     
  0.38873393493065400       0.41086591412438062       0.49517798049324480       0.75723057980703479      -0.32966055610185541       -1.3547080059227870        10.448400105842175     
  0.37883949486212859       0.40150907628131505       0.48680076480098028       0.73589248534900975      -0.36356226092583510       -1.3819812226948189        10.160656153796651     
  0.36824035481768752       0.39146782914922557       0.47764210535927548       0.71433076086349823      -0.38740146195527447       -1.4020721287170175        9.8792974524195838     
  0.35689310995368229       0.38069316276641402       0.46765834666830047       0.69279597231333367      -0.40076652916456240       -1.4152183489656815        9.6044265487990952     
  0.34475124582979955       0.36911542409903514       0.45678535258858316       0.67148465602573992      -0.40331348607223061       -1.4216439021496077        9.3361180076577348     
  0.33175622417115075       0.35668962987715491       0.44496109909809722       0.65057326544386052      -0.39485022027060351       -1.4215691842303269        9.0744345531516384     
  0.31784321491775180       0.34336335373492699       0.43210756928203137       0.63024575566624419      -0.37506837306571361       -1.4152083860206319        8.8194405274926169     
  0.30296534154248950       0.32907785062008804       0.41812186506347199       0.61067063395475218      -0.34374289163795235       -1.4027677333321971        8.5711839639280534     
  0.28703009140037639       0.31378004180617530       0.40291681726182554       0.59205157149834520      -0.30083909384347085       -1.3844791253163682        8.3297132887523997     
  0.26994162948415662       0.29740441266333112       0.38638518990551873       0.57452674635623580      -0.24644051541039824       -1.3605851564367251        8.0950634026027029     
  0.25156042215879543       0.27986602366949981       0.36838411186571934       0.55817529002959643      -0.18074795928939738       -1.3313486563530648        7.8672693832045093     
  0.23173392217765901       0.26104610300338654       0.34871386741603688       0.54299451711936930      -0.10445583215551850       -1.2970556155367066        7.6463641010307368     
  0.21035284386664529       0.24074935437692832       0.32716571957357532       0.52885892982161764       -1.8137206353575783E-002  -1.2579926751482431        7.4323855884320098     
  0.18720302538567521       0.21870010946937304       0.30366458159921778       0.51554787355755372        7.7439537900211991E-002  -1.2144771049385059        7.2253673532360363     
  0.16207891259976023       0.19462036645371433       0.27801486382876900       0.50284637020728518       0.18086495694602228       -1.1667950558609610        7.0253432061447612     
  0.13483568236305329       0.16813672687362813       0.25019784113045740       0.49067649645957723       0.29170906730765683       -1.1152337328958162        6.8323544818483475     
  0.10533559609724873       0.13885263814475504       0.22037977173884829       0.47799553172221754       0.41045902384835925       -1.0599506929637585        6.6464679013392205     
   7.3298717137955882E-002  0.10618482369938034       0.18788470583324812       0.46400582676537167       0.53710035189739624       -1.0014278290401533        6.4677795756839398     
   3.8012757008454502E-002   7.0341430599600491E-002  0.15202126070499469       0.44903538901225765       0.67046711457390262      -0.94019552154594677        6.2964001614203289     
  -1.2671962793032552E-003   3.0496443530213909E-002  0.11437302245924860       0.43122770805458022       0.80894913557000425      -0.87686991905021094        6.1324779316818399     
  -4.2502242640912985E-002  -1.0791112188613753E-002   7.5032363029274615E-002  0.40995539159017230       0.95715602869213090      -0.81169302072310678        5.9762078689190439     
  -1.8592225341706483E-002   9.7052795657793806E-003   9.3385212468239900E-002  0.43488679063366120        1.1140488425206494      -0.74577851512147919        5.8279162308867836     
  -6.5090579301146550E-003   1.9303095252433393E-002   9.9925603503370181E-002  0.44718144209116012        1.2585094545700302      -0.67508632402865276        5.6852263138271297     
   5.7805719057350228E-004   2.2666969000293084E-002   9.8013862606037686E-002  0.44671213210712551        1.3887041613126379      -0.59947970353255609        5.5479081935174657     
   4.5024293266518814E-003   2.2727116748824886E-002   9.0583756731145021E-002  0.43428466791025683        1.5030748834690237      -0.51876768524777139        5.4157293973256611     
   5.8313575456942490E-003   2.0825909557191491E-002   8.0106948291736577E-002  0.41152588557409797        1.6000658004884620      -0.43267387047761252        5.2885118634344828     
   5.5896399586671088E-003   1.7723579367969700E-002   6.8331302954043369E-002  0.38050669003396481        1.6782868621185356      -0.34081954738563480        5.1661874050112697     
   4.5392676407228945E-003   1.4028690063248996E-002   5.6335743627705388E-002  0.34346274721007997        1.7369372108963044      -0.24243899174207842        5.0487937477769496     
   3.2907066397338956E-003   1.0372333859668030E-002   4.4775367417713041E-002  0.30256308169555485        1.7755898997370589      -0.13662092373953463        4.9363508805126637     
   2.1997801218034616E-003   7.2095059846162919E-003   3.4164731892456168E-002  0.25990542161559693        1.7908684851060082       -2.2636546865125499E-002   4.8288831522541962     
   1.3977267082853589E-003   4.7496592640404230E-003   2.4941604526568701E-002  0.21745509798453491        1.7794714057208203       0.10055772274694928        4.7265211235090137     
   8.5341499129666372E-004   2.9968558094429013E-003   1.7389572253079848E-002  0.17691104672642854        1.7404704554972514       0.23431899722552221        4.6295223221464274     
   5.0844560745029140E-004   1.8206014494000281E-003   1.1578954517037424E-002  0.13962460160710630        1.6737019673808911       0.38031902770522980        4.5381239888270981     
   3.1112188491244148E-004   1.0773090467739509E-003   7.3675988404395647E-003  0.10661766810997234        1.5799513830617209       0.54041699553563993        4.4524280758791388     
   2.1293975093908683E-004   6.4242316787649790E-004   4.4950636442148808E-003   7.8508507073910244E-002   1.4612673111529644       0.71687862892943532        4.3724444896331187     
   1.7169967548069063E-004   4.1365685100687975E-004   2.6518014672100537E-003   5.5446771397199487E-002   1.3210405705903685       0.91191584039240248        4.2981344627845957     
   1.5740960555572637E-004   3.0902300767290399E-004   1.5474860868625892E-003   3.7352797305527950E-002   1.1639644907329916        1.1277273404073116        4.2294075509178954     
   1.5349131511657705E-004   2.6889627209622578E-004   9.3888501273840309E-004   2.3916263317511385E-002  0.99618908297788444        1.3659994234125978        4.1661193291046956     
   1.5274370178735585E-004   2.5658570739868296E-004   6.3777510344049048E-004   1.4515476509033329E-002  0.82492070140945195        1.6268024134250962        4.1080335434998370     
   1.5271287388421030E-004   2.5394329779115173E-004   5.0749202273059368E-004   8.4920326005883829E-003  0.65756130674611113        1.9074249472398552        4.0548392351619063     
   1.5276393033330745E-004   2.5376576173048065E-004   4.5891778636083104E-004   4.9222439275868786E-003  0.50152057701373975        2.2022024962916964        4.0061605737292387     
   1.5278744098737076E-004   2.5387913165942581E-004   4.4265238052914474E-004   2.9412906839831133E-003  0.36382133535668176        2.5019951895159691        3.9615758947640232     
   1.5278563371136426E-004   2.5385548119762210E-004   4.3643752280077882E-004   1.9152955791376177E-003  0.24984401211928176        2.7864315209979669        3.9206146194778215     
   1.5277339588895525E-004   2.5371033262284011E-004   4.3247019567241605E-004   1.4040530432370857E-003  0.16161686004094161        3.0274372008860606        3.8827190779117258     
   1.5276097207731393E-004   2.5352894001832055E-004   4.2892174367078974E-004   1.1408806471452854E-003   9.8290090100242158E-002   3.1939462583316800        3.8472601481993633     
   1.5275236538924558E-004   2.5337469547479690E-004   4.2574449117342039E-004   9.8739449616556778E-004   5.6430180274831279E-002   3.2516763286257437        3.8133953291002456     
   1.5274761419377153E-004   2.5327182820514396E-004   4.2321334948121006E-004   8.8431511990996769E-004   3.1464499645540163E-002   3.1684855183716469        3.7797890059076211     
   1.5274539040480777E-004   2.5321521247450944E-004   4.2147282900316770E-004   8.1089064292214194E-004   1.7728421500103311E-002   2.9189581791538570        3.7447347800257678     
   1.5274445531877716E-004   2.5318905027277300E-004   4.2045248571909676E-004   7.6016379857803747E-004   1.0465587587003876E-002   2.5049128449106681        3.7058630719836909     
   1.5274401799037125E-004   2.5317889654685434E-004   4.1994384265077445E-004   7.2792435692537350E-004   6.5283658416069000E-003   1.9810671046029251        3.6602444447770903     
   1.5274366465424218E-004   2.5317548137349333E-004   4.1973130025911630E-004   7.0974693796957314E-004   4.2172838426470880E-003   1.4335083843566840        3.6046828619806330     
   1.5274318895618327E-004   2.5317406601360468E-004   4.1965944601062748E-004   7.0085428175221541E-004   2.7888534723523287E-003  0.94247519210545239        3.5366207781057537     
   1.5274242978515699E-004   2.5317271214593789E-004   4.1963973362980987E-004   6.9716622549454539E-004   1.9353359314418649E-003  0.56077825117171887        3.4565030101542762     
   1.5274112668625209E-004   2.5317054277338406E-004   4.1963309574462272E-004   6.9592265672333573E-004   1.4794055766111001E-003  0.30480848411966383        3.3748548085763947     
   1.5273867896281742E-004   2.5316648571312828E-004   4.1962602622869552E-004   6.9559579612679125E-004   1.2705636501530219E-003  0.15676524925672852        3.3302465908381236     
   1.5273328135836288E-004   2.5315754131150479E-004   4.1961118436970425E-004   6.9551477848440134E-004   1.1895574500971388E-003   7.9916861557924782E-002   3.3744995605970529     
   1.5271589995050698E-004   2.5312873983373484E-004   4.1956348146951754E-004   6.9542885576628368E-004   1.1624691984592603E-003   4.0129596026282757E-002   3.5091493837272401     
