  0.64380978102410902       0.66223880757317166       0.68782247884491965       0.71309843146264418       0.74524762376337184       0.91935813798726096        1.5474714932844009     
  0.65704538343763774       0.67350516495811819       0.69795930506389126       0.72589441509814945       0.76847465020080996       0.96592348130352312        1.6864874722335983     
  0.67187941087763769       0.68637273261937759       0.70908481548703195       0.73834484825623536       0.79122421161967760        1.0127599157999745        1.8343707155354860     
  0.68784275323334876       0.70036842984466829       0.72112985421919062       0.75099537394343374       0.81402017732678500        1.0600132424411057        1.9908650200655267     
  0.70457117781165601       0.71518336967168472       0.73394394383473360       0.76398137086055951       0.83704528273450041        1.1070967768610507        2.1564700283544505     
  0.72177991654436358       0.73060145532569909       0.74737278892350356       0.77733731994298172       0.86025005298324220        1.1534082699466128        2.3324084786042500     
  0.73927994315388190       0.74644816201653064       0.76126893899569681       0.79103723548070493       0.88346370578982081        1.1984454818259584        2.5199758399098071     
  0.75692600610096361       0.76257163414767504       0.77547748385380222       0.80503617749051670       0.90640702939056350        1.2427587901483812        2.7201186329425804     
  0.77455541645425807       0.77883989868935977       0.78986925187726220       0.81925220339759797       0.92881662304938462        1.2868646815425104        2.9335444080760151     
  0.79201353852195644       0.79511654963104583       0.80439417403012992       0.83359464251823479       0.95037653909257103        1.3311179248974039        3.1609568989977026     
  0.80915717419761179       0.81126862499558727       0.81893125446293302       0.84797185410046216       0.97099038760258694        1.3757229125540129        3.4031032617297918     
  0.82585151714711902       0.82714532636071159       0.83336870978955946       0.86227769262701481       0.99057493141034492        1.4207714534223823        3.6607132478539288     
  0.84198487106001141       0.84262522915818616       0.84758629221901649       0.87643092618577323        1.0091099481329942        1.4663516193863859        3.9346509623752119     
  0.85747498850388859       0.85760563479780194       0.86146788151929832       0.89032817327417624        1.0265957188363741        1.5124861920060686        4.2257161152318892     
  0.87226565645351095       0.87200026820368592       0.87490991914614880       0.90386342418244869        1.0430349337091458        1.5592005440905934        4.5347932178789971     
  0.88632111961687920       0.88576178311115383       0.88780968543696737       0.91696024137733945        1.0584861436418018        1.6065101630878451        4.8627996635706614     
  0.89961034506855897       0.89882543713635843       0.90017275254167872       0.92957406879967974        1.0730242552250255        1.6544080215656358        5.2106277638814982     
  0.91210004138804279       0.91114468858266529       0.91196372619619115       0.94157537076407549        1.0867660406982502        1.7028804624935676        5.5791934811614210     
  0.92376729172940120       0.92266749128122705       0.92312576456608730       0.95291476288428623        1.0997967352075453        1.7519108325608304        5.9694266353372791     
  0.93458433844864797       0.93337431950296224       0.93360057840433441       0.96362318545524717        1.1120091666277163        1.8014609955790264        6.3822043748691755     
  0.94452593433856491       0.94325157064255294       0.94333116182462762       0.97366527207104203        1.1234456798094308        1.8515175137192486        6.8185030287155408     
  0.95356685425986709       0.95225902474717716       0.95228563786281906       0.98299628624843205        1.1341411665209034        1.9020472531019110        7.2792293771227934     
  0.96170086577970981       0.96037064727539256       0.96046102328215222       0.99161433788652176        1.1441146624352594        1.9530129028146583        7.7653020124455701     
  0.96891768807327372       0.96757646308075207       0.96785356326441840       0.99952569412831260        1.1533963045612188        2.0043973544001878        8.2777139211071038     
  0.97519613363885449       0.97386358310803822       0.97445129106560424        1.0065730345422912        1.1620192210802032        2.0561946414428252        8.8175160596652038     
  0.98056275466306564       0.97920225562080754       0.98022075723997992        1.0128191884599260        1.1699926499026954        2.1083789181076731        9.3856849630969936     
  0.98495987829642684       0.98359166666483655       0.98512055545965227        1.0182952625664010        1.1773078730885824        2.1608906053119159        9.9829995410020445     
  0.98837271093507162       0.98703557406471321       0.98913070809293013        1.0229995975290018        1.1839475354204818        2.2136747246538211        10.610303112357684     
  0.99077627201487861       0.98947757233320566       0.99223533944260245        1.0269176298162419        1.1899500580869593        2.2667004532397756        11.268504827940856     
  0.99215534264444749       0.99090209575361032       0.99442581500969951        1.0300364608909032        1.1953269275239207        2.3199614641947539        11.958626055393291     
  0.99245927130115841       0.99130457559648300       0.99565361358218596        1.0323157314869549        1.2000398816751223        2.3733658993210081        12.681230597577935     
  0.99166794268862002       0.99068966101718425       0.99588075382884900        1.0336828346865448        1.2040854371045464        2.4268546820995662        13.436850883114758     
  0.98971129948910053       0.98900125456133026       0.99504282987744541        1.0341267942021610        1.2074423878670439        2.4803071370937833        14.225848703371803     
  0.98654755567335684       0.98618972484666301       0.99306746911214405        1.0336118419589040        1.2100914814574502        2.5336275320374289        15.048545201682400     
  0.98206711154738935       0.98218889193549630       0.98988249231636960        1.0320702539781543        1.2119914606169635        2.5866849282958695        15.904956707959759     
  0.97618264340132266       0.97691497019982798       0.98537567412800975        1.0294323975178639        1.2130843127042539        2.6393396736342987        16.794917375817459     
  0.96889147401527898       0.97004895354168530       0.97924583084967320        1.0255844474116234        1.2132614286046837        2.6914089915027555        17.717555575992069     
  0.96005248757048112       0.96121221647634159       0.97159943401455939        1.0203110366582289        1.2124718658043778        2.7426893570948003        18.672118047247352     
  0.94934641735134517       0.94986884230285673       0.96185013242042716        1.0133640818401823        1.2106820976513206        2.7929687722352261        19.657440432640133     
  0.93530937225526078       0.93559323713402809       0.94944336543577923        1.0049085790410390        1.2074595017527152        2.8420794184780767        20.672466499821113     
  0.91597476569131031       0.91845759161028229       0.93477936759452462       0.99445476377797126        1.2026993429868962        2.8897952723653644        21.715501094369412     
  0.89227553132747928       0.89718386395215932       0.91739337310266822       0.98121007540890381        1.1963694346564742        2.9359754842916375        22.784473860336735     
  0.86435289989287345       0.87279607566785822       0.89516588795002872       0.96518949511021790        1.1881551633319771        2.9802670562708804        23.876967634548944     
  0.83105076441841941       0.84260933860553855       0.86924760059030404       0.94569663008215077        1.1779770147443986        3.0221071438126517        24.987484250588292     
  0.80498504944194249       0.82003312064146061       0.85031238900797701       0.92767176209382851        1.1667162274010137        3.0610536452047721        26.109958538214752     
  0.76679147786303936       0.78540873024035185       0.82102061208571087       0.90507018380365856        1.1538295836952612        3.0961403029875294        27.237023569563441     
  0.73129382098847007       0.75313501436652464       0.79363029824889786       0.88377215235464912        1.1410229159192886        3.1269105330759936        28.360273574426436     
  0.69900742654609271       0.72298293066266639       0.76773363562952968       0.86358326174936639        1.1281331655691120        3.1530838604644993        29.473990852922395     
  0.67075106841871812       0.69523041760705495       0.74315943579165111       0.84433830872278237        1.1153039039236861        3.1746839169753618        30.575013961434731     
  0.64803221613862694       0.67039459821821701       0.71989767679545447       0.82588858791038677        1.1026988129670368        3.1919781546916473        31.662592399398182     
  0.62995407164580874       0.64969438813245839       0.69802727357302397       0.80818217890983546        1.0902345682170014        3.2050389420751388        32.734189960163064     
  0.61475641800028868       0.63274292422514200       0.67763827628599904       0.79095351277234949        1.0779220612375158        3.2131881995671208        33.779297701014464     
  0.60217898893013522       0.61831939857357043       0.65890512303839288       0.77381136183455035        1.0669234434985704        3.2155909596255308        34.784739592138536     
  0.59269443286475454       0.60606701351184489       0.64207879030336146       0.75658568690237726        1.0564251240504128        3.2117543901110102        35.739916230870890     
  0.58665526717705108       0.59624122570920635       0.62730829562708690       0.73920209899286271        1.0455533776135499        3.2012891012157070        36.634550092404623     
  0.58334394724977534       0.58922263933469177       0.61456300915170969       0.72158611436830977        1.0340405270802593        3.1834967440120412        37.453976139378696     
  0.58165876254386983       0.58485558625759437       0.60384018614478985       0.70370118978519069        1.0214321668112969        3.1574163559408253        38.178960080195800     
  0.58093829370907424       0.58243541494506357       0.59528766371527375       0.68555664904316582        1.0072420639137381        3.1219654330911029        38.787317191218769     
  0.58071880448670987       0.58127260043353046       0.58902597854509187       0.66733080618095397       0.99107693634376970        3.0761336261639443        39.255540464940033     
  0.58066959953962394       0.58083014442334491       0.58490924842713321       0.64933424828150432       0.97251872884656332        3.0189004861049504        39.558502174939100     
  0.58066052725006900       0.58070026455792778       0.58253330504739909       0.63203108006631981       0.95111033000824474        2.9493332217257913        39.670967463974264     
  0.58065910023718692       0.58066921408935435       0.58135914458771420       0.61630499580183495       0.92647836661107275        2.8669865096341303        39.567736842604084     
  0.58065888388933773       0.58066272871147939       0.58088184550270705       0.60325911544922295       0.89846122911826343        2.7715044225574137        39.226700260961557     
  0.58065884967719927       0.58066146525112206       0.58072450075258186       0.59341909769195400       0.86689861965355131        2.6628448764598782        38.630722243812279     
  0.58065884248381094       0.58066119850574804       0.58068050622103362       0.58688583030848329       0.83191037390915012        2.5416265497417241        37.768542033424808     
  0.58065883987750277       0.58066112117992319       0.58066947852945039       0.58329945936567784       0.79385883046578709        2.4111145848379425        36.634041193928091     
  0.58065883865566903       0.58066108798243798       0.58066660147362603       0.58162883060502757       0.75340361805516809        2.2722256960369114        35.225249370036785     
  0.58065883809698049       0.58066107157387126       0.58066561127415217       0.58098219162192277       0.71178940863322271        2.1252876371837917        33.547815832202154     
  0.58065883786859729       0.58066106385175675       0.58066514830644589       0.58077169842767129       0.67129373491824917        1.9733772481795397        31.614709683818955     
  0.58065883778780691       0.58066106062580858       0.58066491405234477       0.58070842925180133       0.63558954080438546        1.8190603683972997        29.449773109234798     
  0.58065883776316496       0.58066105947560775       0.58066480461192727       0.58068737713425467       0.60873123526985473        1.6651037484233915        27.088652189612052     
  0.58065883775666594       0.58066105913075416       0.58066476049701132       0.58067833503920852       0.59245195989163291        1.5131124176325910        24.576232145225955     
  0.58065883775522908       0.58066105904333332       0.58066474579139793       0.58067392147068586       0.58484201751835663        1.3626686601138887        21.967700322081772     
  0.58065883775497640       0.58066105902464160       0.58066474183807359       0.58067191055640266       0.58206017709257618        1.2118793570131459        19.323438435251024     
  0.58065883775494220       0.58066105902145859       0.58066474098477527       0.58067114146996213       0.58117779408139392        1.0636675058253280        16.708208600357409     
  0.58065883775493743       0.58066105902104581       0.58066474083554787       0.58067090823720779       0.58087500759721999       0.92278587934638434        14.184993785700067     
  0.58065883775493743       0.58066105902100418       0.58066474081535480       0.58067085408089214       0.58075305388721010       0.79689432999991228        11.822306444640198     
  0.58065883775493710       0.58066105902100140       0.58066474081328612       0.58067084472366037       0.58070406812891184       0.69694412644765658        9.6760790103464291     
  0.58065883775493765       0.58066105902100185       0.58066474081313257       0.58067084356532028       0.58068692963050117       0.63217699589327037        7.7819025081140438     
  0.58065883775493754       0.58066105902100196       0.58066474081312514       0.58067084346256470       0.58068211617783805       0.60026733376222252        6.1685905796542500     
  0.58075186101219822       0.58075408227831971       0.58075776407047952       0.58076386671354874       0.58077413958171964       0.58794324655489061        4.8779554317644962     
