  0.58518652944475547       0.59475828854853741       0.60396871959665133       0.59762380991926389       0.55464339997868084       0.51251466968439574       0.51431310503927474     
  0.57818050612366245       0.58700663084764582       0.59669304312174232       0.59494238005534650       0.56249373201679487       0.53415234237776466       0.55204145471375865     
  0.57252097761704979       0.58051838697834912       0.59012222974428163       0.59174192296469919       0.56917304962273307       0.55443798442823244       0.58924267031265987     
  0.56794325567157766       0.57504831405223744       0.58432894455819684       0.58854213174015824       0.57525122347890800       0.57374086418906878       0.62538362894180355     
  0.56424461096729750       0.57044137882038048       0.57927294099267557       0.58552276404926085       0.58097971573691864       0.59196028778839227       0.65988123559533496     
  0.56127578425685953       0.56659258277291791       0.57489154399641651       0.58276825572817637       0.58646673051071119       0.60875267408541078       0.69290478286061030     
  0.55893581820055704       0.56341870684297080       0.57111824878650030       0.58031452525199911       0.59174806594949014       0.62382184210535085       0.72474839640917721     
  0.55714659200209193       0.56084493983314143       0.56787958568623975       0.57817808930486259       0.59678674976070356       0.63742806961471310       0.75538119419755778     
  0.55582366740385480       0.55880308217685570       0.56512745793680064       0.57635215162438680       0.60152834094354624       0.64998988426498783       0.78450319120436973     
  0.55488032975060941       0.55722455472093124       0.56285301473697180       0.57482061903155868       0.60588605334800549       0.66183636269212576       0.81180748155018112     
  0.55423420165623960       0.55603885255200669       0.56099966468373186       0.57356599611597670       0.60985597805198710       0.67318140653609304       0.83703758595853428     
  0.55380673892549415       0.55516963645438999       0.55950967860020462       0.57256201688150687       0.61343341087391456       0.68415404867370866       0.86001166175096211     
  0.55352938124847839       0.55454938687554445       0.55833160101577983       0.57179319643195980       0.61663951554680374       0.69485274286803533       0.88064659140926649     
  0.55335159368835174       0.55411667017584409       0.55741003898718855       0.57123034994851285       0.61949902186300965       0.70533317090957626       0.89893961687834112     
  0.55324190775080950       0.55382246554073367       0.55669351729077821       0.57084647180045267       0.62203768555669792       0.71563570046060632       0.91496768635991432     
  0.55318072856322309       0.55363130973513131       0.55613686906614745       0.57062010679807618       0.62429471104664658       0.72578701013170521       0.92886550200979179     
  0.55315411306410323       0.55351591852772952       0.55574038447158736       0.57053801688084449       0.62633653671493572       0.73579957581403321       0.94080471695426460     
  0.55315216537890455       0.55345823397014215       0.55548685163601974       0.57057179915630007       0.62824071333369669       0.74568090006682619       0.95097871022387237     
  0.55316854701325258       0.55343670783117738       0.55534923214984033       0.57070756286976865       0.63006133601713377       0.75543371983248386       0.95958798572079074     
  0.55319611133997126       0.55344628370256677       0.55529893374955452       0.57094570019751301       0.63178379264791595       0.76505378737746899       0.96682767433925798     
  0.55323143747952963       0.55348391712099410       0.55531414910515553       0.57127847031658530       0.63344664191779654       0.77454125878247504       0.97288331653032245     
  0.55327082135530736       0.55353736047178026       0.55537878854529821       0.57169376543154860       0.63508049014536816       0.78388991034645061       0.97792337666014373     
  0.55331246010606305       0.55360059323112965       0.55549346311284342       0.57218908847384631       0.63671005531328473       0.79309483142287229       0.98209881403425392     
  0.55335561031122649       0.55367183404528053       0.55565951470571773       0.57276804577171037       0.63836540493768146       0.80215381725932333       0.98554348571259465     
  0.55339842464703881       0.55374942626979740       0.55587737866211617       0.57339790251876788       0.64007595705546227       0.81106615485415856       0.98837390904137046     
  0.55344493739950307       0.55382838994784866       0.55613944653949388       0.57410215657756269       0.64185705020481376       0.81982716358790098       0.99068995065044752     
  0.55348632926853136       0.55390783368224694       0.55642948423788663       0.57489021502457593       0.64371618338642966       0.82842455464545250       0.99257665314149945     
  0.55351867403227439       0.55398677889660564       0.55674074010647012       0.57576294036516118       0.64566065361226366       0.83685220581677378       0.99410685614314231     
  0.55353666622847053       0.55405487172629586       0.55707024447476416       0.57672026409792265       0.64771442119631906       0.84510623069812163       0.99534271204805236     
  0.55353819774245139       0.55410071202361477       0.55741856634523435       0.57776308349361705       0.64989219817098287       0.85318610547974438       0.99633668986434698     
  0.55350914284473374       0.55412966424591925       0.55777046068981007       0.57887952339351223       0.65218586043779914       0.86107966046512485       0.99713221505409733     
  0.55344552600928054       0.55414821383903634       0.55811417232865490       0.58005558336381002       0.65460591473392060       0.86877588274391249       0.99776584781438127     
  0.55332597500947678       0.55413327914778765       0.55842746510232277       0.58128497204139662       0.65717214889171116       0.87626644785834351       0.99826789062681620     
  0.55313866766881292       0.55406768489497427       0.55868867331521588       0.58255868156474389       0.65988961697139892       0.88354307704153878       0.99866372472345566     
  0.55285484696924003       0.55392729275288199       0.55887225139281682       0.58385878157464821       0.66275849400110687       0.89059353694096655       0.99897420465208275     
  0.55244303678402173       0.55367435702756129       0.55893980633510876       0.58516545575359469       0.66577398206792071       0.89740510024507003       0.99921646036806744     
  0.55188202239800177       0.55318951290370433       0.55880689187648858       0.58644400445378886       0.66889772947118342       0.90395323310541975       0.99940442195015089     
  0.55112079124347657       0.55232160584484313       0.55847603994575823       0.58763804737087377       0.67215763822710672       0.91021720168573750       0.99954943774699156     
  0.55006272887147722       0.55087153518362664       0.55779522157843098       0.58868008581783571       0.67559611691060850       0.91616785618306962       0.99966073770027009     
  0.54815059849013792       0.54865738257437191       0.55659906144174010       0.58963146671330668       0.67895427388372631       0.92177432840844364       0.99974574029997509     
  0.54435224591692000       0.54563759955221292       0.55488409430485452       0.59035743061740054       0.68222991935358934       0.92700913762252612       0.99981031672960907     
  0.53900896329029857       0.54149756845119301       0.55265336136981591       0.59059703153287668       0.68547458309715692       0.93185887059881767       0.99985916376724848     
  0.53216058883400374       0.53637814334593836       0.54917205490583487       0.59044303478665217       0.68857294904432587       0.93628625783970354       0.99989586823296539     
  0.52364970562583857       0.52965206202303194       0.54484018748450014       0.58970555266784774       0.69152365925978254       0.94025008117047060       0.99992326222776540     
   1.0000000000000000        1.0000000000000000        1.0000000000000000        1.0000000000000000        1.0000000000000000        1.0000000000000000        1.0000000000000000     
   1.0000000000000000        1.0000000000000000        1.0000000000000000        1.0000000000000000        1.0000000000000000        1.0000000000000000        1.0000000000000000     
   1.0000000000000000        1.0000000000000000        1.0000000000000000        1.0000000000000000        1.0000000000000000        1.0000000000000000        1.0000000000000000     
   1.0000000000000000        1.0000000000000000        1.0000000000000000        1.0000000000000000        1.0000000000000000        1.0000000000000000        1.0000000000000000     
   1.0000000000000000        1.0000000000000000        1.0000000000000000        1.0000000000000000        1.0000000000000000        1.0000000000000000        1.0000000000000000     
   1.0000000000000000        1.0000000000000000        1.0000000000000000        1.0000000000000000        1.0000000000000000        1.0000000000000000        1.0000000000000000     
   1.0000000000000000        1.0000000000000000        1.0000000000000000        1.0000000000000000        1.0000000000000000        1.0000000000000000        1.0000000000000000     
   1.0000000000000000        1.0000000000000000        1.0000000000000000        1.0000000000000000        1.0000000000000000        1.0000000000000000        1.0000000000000000     
   1.0000000000000000        1.0000000000000000        1.0000000000000000        1.0000000000000000        1.0000000000000000        1.0000000000000000        1.0000000000000000     
   1.0000000000000000        1.0000000000000000        1.0000000000000000        1.0000000000000000        1.0000000000000000        1.0000000000000000        1.0000000000000000     
   1.0000000000000000        1.0000000000000000        1.0000000000000000        1.0000000000000000        1.0000000000000000        1.0000000000000000        1.0000000000000000     
   1.0000000000000000        1.0000000000000000        1.0000000000000000        1.0000000000000000        1.0000000000000000        1.0000000000000000        1.0000000000000000     
   1.0000000000000000        1.0000000000000000        1.0000000000000000        1.0000000000000000        1.0000000000000000        1.0000000000000000        1.0000000000000000     
   1.0000000000000000        1.0000000000000000        1.0000000000000000        1.0000000000000000        1.0000000000000000        1.0000000000000000        1.0000000000000000     
   1.0000000000000000        1.0000000000000000        1.0000000000000000        1.0000000000000000        1.0000000000000000        1.0000000000000000        1.0000000000000000     
   1.0000000000000000        1.0000000000000000        1.0000000000000000        1.0000000000000000        1.0000000000000000        1.0000000000000000        1.0000000000000000     
   1.0000000000000000        1.0000000000000000        1.0000000000000000        1.0000000000000000        1.0000000000000000        1.0000000000000000        1.0000000000000000     
   1.0000000000000000        1.0000000000000000        1.0000000000000000        1.0000000000000000        1.0000000000000000        1.0000000000000000        1.0000000000000000     
   1.0000000000000000        1.0000000000000000        1.0000000000000000        1.0000000000000000        1.0000000000000000        1.0000000000000000        1.0000000000000000     
   1.0000000000000000        1.0000000000000000        1.0000000000000000        1.0000000000000000        1.0000000000000000        1.0000000000000000        1.0000000000000000     
   1.0000000000000000        1.0000000000000000        1.0000000000000000        1.0000000000000000        1.0000000000000000        1.0000000000000000        1.0000000000000000     
   1.0000000000000000        1.0000000000000000        1.0000000000000000        1.0000000000000000        1.0000000000000000        1.0000000000000000        1.0000000000000000     
   1.0000000000000000        1.0000000000000000        1.0000000000000000        1.0000000000000000        1.0000000000000000        1.0000000000000000        1.0000000000000000     
   1.0000000000000000        1.0000000000000000        1.0000000000000000        1.0000000000000000        1.0000000000000000        1.0000000000000000        1.0000000000000000     
   1.0000000000000000        1.0000000000000000        1.0000000000000000        1.0000000000000000        1.0000000000000000        1.0000000000000000        1.0000000000000000     
   1.0000000000000000        1.0000000000000000        1.0000000000000000        1.0000000000000000        1.0000000000000000        1.0000000000000000        1.0000000000000000     
   1.0000000000000000        1.0000000000000000        1.0000000000000000        1.0000000000000000        1.0000000000000000        1.0000000000000000        1.0000000000000000     
   1.0000000000000000        1.0000000000000000        1.0000000000000000        1.0000000000000000        1.0000000000000000        1.0000000000000000        1.0000000000000000     
   1.0000000000000000        1.0000000000000000        1.0000000000000000        1.0000000000000000        1.0000000000000000        1.0000000000000000        1.0000000000000000     
   1.0000000000000000        1.0000000000000000        1.0000000000000000        1.0000000000000000        1.0000000000000000        1.0000000000000000        1.0000000000000000     
   1.0000000000000000        1.0000000000000000        1.0000000000000000        1.0000000000000000        1.0000000000000000        1.0000000000000000        1.0000000000000000     
   1.0000000000000000        1.0000000000000000        1.0000000000000000        1.0000000000000000        1.0000000000000000        1.0000000000000000        1.0000000000000000     
   1.0000000000000000        1.0000000000000000        1.0000000000000000        1.0000000000000000        1.0000000000000000        1.0000000000000000        1.0000000000000000     
   1.0000000000000000        1.0000000000000000        1.0000000000000000        1.0000000000000000        1.0000000000000000        1.0000000000000000        1.0000000000000000     
   1.0000000000000000        1.0000000000000000        1.0000000000000000        1.0000000000000000        1.0000000000000000        1.0000000000000000        1.0000000000000000     
   1.0000000000000000        1.0000000000000000        1.0000000000000000        1.0000000000000000        1.0000000000000000        1.0000000000000000        1.0000000000000000     
   1.0000000000000000        1.0000000000000000        1.0000000000000000        1.0000000000000000        1.0000000000000000        1.0000000000000000        1.0000000000000000     
