   5.3408455228781753     
   5.3514349065006250     
   5.3471568264155929     
   5.3287108831968428     
   5.2970136919637971     
   5.2539997660869195     
   5.2013569745586654     
   5.1404110765018016     
   5.0721947178077507     
   4.9975829126618452     
   4.9172594754705967     
   4.8318931459398282     
   4.7420789878268694     
   4.6482996094420539     
   4.5510952964609768     
   4.4510373626229995     
   4.3485835534589352     
   4.2441317587221867     
   4.1380377035884592     
   4.0305847463605122     
   3.9220367882201641     
   3.8126149087939316     
   3.7025180209693147     
   3.5918714191405603     
   3.4807543584116623     
   3.3691809793789935     
   3.2570902838235001     
   3.1443446760338549     
   3.0307378450811933     
   2.9159177637832037     
   2.7993720125724422     
   2.6804319159768584     
   2.5582243139236547     
   2.4314680484906477     
   2.2983944576870341     
   2.1567227381942664     
   2.0034137979228164     
   1.8351665754420392     
   1.6481976680354051     
   1.4371970550031781     
   1.1949049668171319     
  0.91131944812924870     
  0.57142427975702148     
  0.15257067762492268     
 -0.40009548895807973     
 -0.33939378243827484     
 -0.28232016111272101     
 -0.22877846250565845     
 -0.17876603376202438     
 -0.13233274870747014     
  -8.9524684400790824E-002
  -5.0363944642350750E-002
  -1.4854106953712342E-002
   1.7018583817670740E-002
   4.5303025585916888E-002
   7.0081518648228050E-002
   9.1471119863149417E-002
  0.10962223810522931     
  0.12470890038407435     
  0.13689191502759510     
  0.14634691817232021     
  0.15328600950090504     
  0.15788633059918442     
  0.16036630267885235     
  0.16094135226522097     
  0.15982134719683527     
  0.15724615962481908     
  0.15345371843172206     
  0.14867012459508375     
  0.14313735590208845     
  0.13706327247972805     
  0.13063043681910319     
  0.12394729306939001     
  0.11703952206459185     
  0.10986642662162033     
  0.10230488803498279     
   9.4174601517583112E-002
   8.5256645501613243E-002
   7.5203520294600076E-002
   6.3133031096826275E-002
   4.8363154393336653E-002
