   5.8041565696288480        5.7123747697719143        5.5273691287585160        5.1597812612307408        4.7849813723787840        6.7425885484062826        13.623799620890216     
   5.8144864635077145        5.7263132924161306        5.5454488494122529        5.1774410452645920        4.7799531098797354        6.7179989674244842        13.829782449343961     
   5.8136547605146891        5.7291736457577285        5.5525307098458931        5.1838230671899685        4.7590991973133843        6.6522045201887519        13.927016392937919     
   5.8024094681726783        5.7212526850441998        5.5482534500573770        5.1781815315696624        4.7228012417251968        6.5563406680363761        13.952656028168256     
   5.7813609441248435        5.7029811140299262        5.5328842603133621        5.1604609010269273        4.6717715772978305        6.4372294164525572        13.941875758929811     
   5.7510225009252096        5.6748110261854539        5.5068708520781557        5.1312271179541549        4.6076018054856762        6.3104534611573913        13.926136245903157     
   5.7120127771565992        5.6374119329977317        5.4709047427425084        5.0912504811836117        4.5324489049941130        6.1849239005068437        13.919949057914039     
   5.6649561212600386        5.5914906334615164        5.4257493824157210        5.0419400229161706        4.4476671744662903        6.0654679483955602        13.912396903643870     
   5.6105476644355310        5.5377288950506802        5.3724235061117458        4.9844232990044466        4.3546776127936262        5.9516415276705059        13.902630816967148     
   5.5495791499148863        5.4770929678209592        5.3119009480075894        4.9196472231959989        4.2548743717722264        5.8416886086716637        13.888354968139687     
   5.4826193202001985        5.4103443923483159        5.2449410570424178        4.8484164840871511        4.1492238478246852        5.7343421904426197        13.867873032646015     
   5.4104067842807808        5.3380860083142645        5.1721698200810389        4.7714944681832892        4.0387356757547739        5.6287207059952005        13.840389042853705     
   5.3334381885044637        5.2608530143633763        5.0941261178077406        4.6895126274168053        3.9243526626964957        5.5241676470499446        13.805811902141320     
   5.2520860450119287        5.1791225160301124        5.0114459587324536        4.6029870072453933        3.8066173711113893        5.4201490415956641        13.764284973033876     
   5.1667693371535997        5.0932977604544156        4.9244914395379267        4.5123784308455424        3.6866806932972183        5.3162462630382299        13.715637930416573     
   5.0778605424042000        5.0038096176726539        4.8338343488666062        4.4180869937548533        3.5656321439183754        5.2121919087740540        13.660116863150838     
   4.9857119956252136        4.9109932781136818        4.7398747306688662        4.3205005945128612        3.4442553198989385        5.1079171237678196        13.598200540790751     
   4.8905837492119240        4.8152062323364175        4.6429865986900358        4.2199412880834357        3.3232043066004224        5.0033758004964808        13.530526488832534     
   4.7927430332908587        4.7166309139813141        4.5435128453187099        4.1167423527311673        3.2030211265048831        4.8985318988980620        13.457415215087368     
   4.6924219469817761        4.6156074116236798        4.4416714378025564        4.0112053704682529        3.0840954520534276        4.7933381160526238        13.378972176486572     
   4.5898112459793872        4.5124061777224442        4.3377134405509539        3.9036590368586475        2.9666806478368102        4.6877528587940507        13.295316034457912     
   4.4850878570583523        4.4072130418039297        4.2318822291792850        3.7943958192758678        2.8509283699883219        4.5817472573748050        13.206627578338146     
   4.3784441481162526        4.3001898106192895        4.1243233179589884        3.6837610661163041        2.7369206490807487        4.4752940349169279        13.113118712590262     
   4.2699673936855191        4.1914195999384214        4.0150992861537134        3.5720056635101884        2.6246864153337697        4.3683728838358657        13.015029650450398     
   4.1597333766202267        4.0809357328476272        3.9042433152285478        3.4593131476896186        2.5142104302395305        4.2609759115470931        12.912588098195267     
   4.0476998464585199        3.9687171581381921        3.7916950170364045        3.3457902125422163        2.4054380367333126        4.1531056353110127        12.805938549029706     
   3.9336900134061943        3.8546361629918584        3.6773232341095206        3.2314310910227357        2.2982811342995886        4.0447694749007308        12.695184431014008     
   3.8174643998640723        3.7384154997691899        3.5609342167351166        3.1161290902122656        2.1926070156628743        3.9359627937248800        12.580372672435452     
   3.6986588631894026        3.6196796058221987        3.4422362542073546        2.9997280658629326        2.0882037218197849        3.8266738343726669        12.461513376364820     
   3.5767253542394890        3.4979063612943100        3.3208050306630703        2.8818852825464707        1.9847290750007853        3.7168551836613042        12.338646377085091     
   3.4509215920217433        3.3723862975627164        3.1960436059353503        2.7620568070816613        1.8817145336505392        3.6064842589037931        12.211831931125850     
   3.3202881806829829        3.2421879302250010        3.0671075752757897        2.6395952638775095        1.7785339053995477        3.4954868041632343        12.081126117887546     
   3.1835734177736206        3.1061119393666075        2.9328479467722812        2.5134798348156897        1.6746169452497437        3.3840330917550143        11.946606130758923     
   3.0392445924021412        2.9626252146524905        2.7917390451784447        2.3822772853820084        1.5688167403983246        3.2723170212937904        11.808402440246510     
   2.8852551356228187        2.8097793641213071        2.6418417887671630        2.2440077496764368        1.4594152686422732        3.1603165687635717        11.666714121913385     
   2.7190437501124647        2.6451434386661896        2.4807049445862690        2.0963591345195156        1.3437646132508232        3.0479370601817188        11.521834069066974     
   2.5374756455679490        2.4655138097784013        2.3054326800671943        1.9352637516675792        1.2194900844572287        2.9350697886444124        11.374099374062732     
   2.3364419519308099        2.2670133194109710        2.1122137194934272        1.7567614591367346        1.0840617429968151        2.8216799809646957        11.223956301712688     
   2.1108290952169231        2.0443153223594264        1.8961960126062645        1.5564265105011839       0.93520916967579371        2.7073409901021983        11.072026360150337     
   1.8540625305226210        1.7909209762630347        1.6506630697234896        1.3289747856587566       0.76796937490441319        2.5913213631351537        10.919134998676984     
   1.5570433726999335        1.4979434648581191        1.3669005087125430        1.0671207636255775       0.57515739904270424        2.4727204938082030        10.766406178715517     
   1.2065210160770257        1.1523389835671263        1.0326195991741041       0.75992298002583891       0.34867108015191950        2.3507113627558929        10.615273871050375     
  0.78234631052929049       0.73449171367558919       0.62894183744055776       0.39108631583660231       7.67495008378809296E-002   2.2234039025946215        10.467575631832911     
  0.24827488666039763       0.20942484626980024       0.12381121519330493      -6.47426642984475498E-002 -0.25220252463155801        2.0886767994822275        10.325755576449456     
 -0.48416565148142432      -0.50792136316483238      -0.55991528988792083      -0.66832470161919466      -0.66818667469805271        1.9434423536090801        10.193015362334297     
 -0.41665172992710925      -0.44013787321483844      -0.49189153168801408      -0.60009845908622805      -0.60509939023188175        1.9272057376110485        10.073168988570940     
 -0.35532202458109147      -0.37817439665051528      -0.42883914024461095      -0.53567911298778714      -0.54411191295481620        1.9103001783238622        9.9500151947435160     
 -0.30007446549368100      -0.32190281089194683      -0.37066864468885008      -0.47497527063896688      -0.48511131500440074        1.8928085239448094        9.8234179949724219     
 -0.25102007465288950      -0.27137078054805841      -0.31741253380733297      -0.41793415400013179      -0.42812704499974230        1.8747683533664425        9.6932448028503924     
 -0.20813456640096514      -0.22665614263797995      -0.26918974511441079      -0.36455907532274745      -0.37322761244693153        1.8562175529449472        9.5593967757606091     
 -0.17108964444618138      -0.18761075821223863      -0.22605704184162398      -0.31491273743399956      -0.32050401910779369        1.8371866979777840        9.4218974745472135     
 -0.13934401013946429      -0.15385910883669021      -0.18794620948824781      -0.26909613243979441      -0.27007762603349394        1.8177042265130172        9.2808282121771413     
 -0.11230284124542562      -0.12490634376704239      -0.15464633935637362      -0.22722692635816366      -0.22212496063484433        1.7977304271749204        9.1362295941096576     
 -8.94389798941702813E-002 -0.10025332932908509      -0.12582944583407896      -0.18938928677534228      -0.17692063196348493        1.7772300934661338        8.9881889737746157     
 -7.03012159598154218E-002 -7.94473961248399752E-002 -0.10112471630039968      -0.15560691971083668      -0.13471853283079194        1.7561697813039900        8.8367826077312479     
 -5.44680857481444694E-002 -6.20743062830300604E-002 -8.01624204756446745E-002 -0.12584571295991068      -9.57220508638370465E-002   1.7345390356951593        8.6821828513317918     
 -4.15275016021911039E-002 -4.77411786149123732E-002 -6.25787753708929861E-002 -9.99976865118619440E-002 -6.01128992224958872E-002   1.7123848214369779        8.5246630061701829     
 -3.10767253751500425E-002 -3.60630292047205078E-002 -4.80190080917511711E-002 -7.78992076959422325E-002 -2.80735561347196204E-002   1.6900132436282531        8.3643624296406536     
 -2.27454298319558351E-002 -2.66735621370747175E-002 -3.61309915443421836E-002 -5.93333355042356472E-002  2.26575532341022817E-004   1.6677574621817499        8.2014841628210462     
 -1.62116940209530783E-002 -1.92372329835054680E-002 -2.65709621384588174E-002 -4.40129696780027849E-002  2.46444643438850121E-002   1.6452885799589136        8.0361781004802708     
 -1.11955150474117512E-002 -1.34593353906298993E-002 -1.90130556352300153E-002 -3.16724267199947826E-002  4.50792479099898502E-002   1.6225996579904971        7.8685589652607435     
 -7.45094320536959787E-003 -9.08175123325311896E-003 -1.31573563702726982E-002 -2.19689073599376589E-002  6.14520535426091377E-002   1.5998517808363037        7.6987579110145967     
 -4.74948816012306547E-003 -5.86783194328705827E-003 -8.73837054417949885E-003 -1.45576959916541640E-002  7.37004769620681205E-002   1.5767564279653019        7.5266670002795326     
 -2.87977696353535536E-003 -3.59814804363128848E-003 -5.51359131888631577E-003 -9.08208490330716760E-003  8.18879929680729340E-002   1.5532346809844395        7.3521428972496699     
 -1.64882980127238773E-003 -2.07243446163011191E-003 -3.25477771352588501E-003 -5.19357087313877287E-003  8.60985184806839221E-002   1.5292218818519194        7.1748803972127959     
 -8.79558079284427233E-004 -1.10280687488978693E-003 -1.75853300613933888E-003 -2.57686394889130709E-003  8.64943716291323023E-002   1.5045952620923502        6.9943566083994062     
 -4.31027520247945044E-004 -5.26621999257050164E-004 -8.36189364976359451E-004 -9.46293492088827329E-004  8.34578962635905003E-002   1.4791327764703421        6.8099791755209846     
 -1.86335793821506667E-004 -2.11000230834340878E-004 -3.15018005780143588E-004 -3.76270112528327355E-005  7.74649698067025466E-002   1.4524906322515845        6.6207257067787531     
 -6.34603875928222094E-005 -5.30013901216936400E-005 -5.47708338364368203E-005  3.59030211301452284E-004  6.91045145487765855E-002   1.4242082897198718        6.4253688369175146     
 -6.38549916810165544E-006  1.83255061484058363E-005  5.66964423157644668E-005  4.42781535758475183E-004  5.91371220965096339E-002   1.3936701876642437        6.2222566192544946     
  1.76084342905649408E-005  4.71540132462086508E-005  9.50243268467782296E-005  3.64032776528979980E-004  4.83614921624711536E-002   1.3600933563355508        6.0091731215892903     
  2.65370127822286855E-005  5.73858844806245650E-005  1.05535551884203537E-004  2.42415704222758181E-004  3.76593372596161352E-002   1.3223594674923547        5.7833117096661724     
  2.92984694337683295E-005  6.05250637050465962E-005  1.09297414574953232E-004  1.49257708365195220E-004  2.78380199597043632E-002   1.2789600783071056        5.5409130552996526     
  2.99440067409523939E-005  6.14427554292736728E-005  1.13421371407270943E-004  1.13274453382350760E-004  1.94844129218504740E-002   1.2283343217050802        5.2773147652802548     
  3.00529586594994328E-005  6.18539177754816490E-005  1.18519749770363398E-004  1.31487491238983556E-004  1.29939908709267582E-002   1.1689507114331341        4.9866718114176969     
  3.00801053101680092E-005  6.21713708981296850E-005  1.23457245755571648E-004  1.82329090943604083E-004  8.46373409867569836E-003   1.0993908396104106        4.6617226044492570     
  3.01003124854516379E-005  6.24141277682995372E-005  1.27291808656142047E-004  2.42045089649107776E-004  5.71898945539705238E-003   1.0185979865991992        4.2932419422242836     
  3.01135176106217441E-005  6.25615819868471961E-005  1.29693922392456150E-004  2.91917731791918773E-004  4.39433032944328613E-003  0.92587187046041386        3.8695089242606673     
  3.01193493317434341E-005  6.26292781895176724E-005  1.30827567154069422E-004  3.21839112281721552E-004  4.00506964259191457E-003  0.81921217619479159        3.3756154100430473     
  3.01203138882978302E-005  6.26466557072841471E-005  1.31062548964014180E-004  3.28842860526677673E-004  4.02187980309190452E-003  0.68858618240243563        2.7936069867315414     
  3.01174238348965747E-005  6.26370373882128228E-005  1.30799928994067998E-004  3.15591783290830521E-004  3.86993236766818970E-003  0.52805724999568959        2.0984014425173414     
