  0.76920066371631191       0.77439511886686263       0.78629758597200927       0.82186317902216011       0.97658936520486717        1.8252583430036873        6.1910954071060234     
  0.80128565209159075       0.80632974024800541       0.81786800865362386       0.85299764457216687        1.0083147775505157        1.8758981103152303        6.5086701052068365     
  0.83355657999703670       0.83824202665226910       0.84913168410322337       0.88366592930696730        1.0394543008529191        1.9262030952362170        6.8382488198119900     
  0.86582315012179067       0.87007064431487713       0.88028370730177430       0.91403304655480500        1.0702677246591747        1.9762739168258532        7.1802125118840801     
  0.89794229828018646       0.90172009808509934       0.91124996513090728       0.94408165246428677        1.1006737318324731        2.0261281615856870        7.5353772539958266     
  0.92972421293295970       0.93303468545286095       0.94185876798083035       0.97374658952845561        1.1306177420930157        2.0756241944261715        7.9045976078093396     
  0.96101972130199564       0.96386817091656263       0.97204491048351194        1.0029259884725168        1.1601285587943724        2.1249593267274536        8.2887061642173965     
  0.99172571689908473       0.99430871068893134        1.0016940147766895        1.0315534037239760        1.1890858261524213        2.1741666362026586        8.6883943959075101     
   1.0217194623812289        1.0239538364588787        1.0306483277687495        1.0595792797490571        1.2174653639167450        2.2232454263944410        9.1042000315088689     
   1.0510662541894167        1.0528184788215089        1.0588636273602772        1.0869517465905836        1.2452404967250115        2.2721718795297923        9.5367670194262999     
   1.0793726226525402        1.0808059615852823        1.0862969130704119        1.1136419805064228        1.2723783098574917        2.3209326269310031        9.9866642556046035     
   1.1066967107226275        1.1078366558755286        1.1128879348727312        1.1395955698682050        1.2988741516478068        2.3694765582297159        10.454684919095307     
   1.1329992111284222        1.1338820343997620        1.1385304417513180        1.1647814453055385        1.3248639604089372        2.4177806109799604        10.941665327232375     
   1.1581934368796907        1.1589113710740746        1.1632741180737889        1.1891521010254671        1.3500152302761244        2.4658242361041660        11.448877485146426     
   1.1822588214910348        1.1828825359694541        1.1869810664439868        1.2126501454323229        1.3743422355076589        2.5135531762886441        11.977165325406700     
   1.2052034508745075        1.2057278203924584        1.2096709431444947        1.2352702279760577        1.3979461610514283        2.5609239761731111        12.527501436909096     
   1.2269936609397292        1.2274189833171789        1.2313149063810276        1.2569848021962169        1.4207922790623797        2.6078913986538659        13.100784518380149     
   1.2475474508914799        1.2480039946254533        1.2518934896481371        1.2777780248180255        1.4428475907870559        2.6543864063798424        13.697813600162750     
   1.2668896946791339        1.2673829073124256        1.2714074710870982        1.2976444173428252        1.4640881492479465        2.7004083356023010        14.319279074842640     
   1.2850125282000560        1.2855666361814821        1.2897969642036480        1.3165094382076088        1.4844836678368420        2.7459100311084459        14.965709540301733     
   1.3019183901916402        1.3025641583694643        1.3070427624278187        1.3343042447222753        1.5040090348776156        2.7908816335919711        15.638119320098058     
   1.3175677361392066        1.3183696541290433        1.3231679639757157        1.3510437191463651        1.5226276907345482        2.8353021295395502        16.337433269650809     
   1.3319964401286564        1.3329873374116503        1.3381796800798187        1.3667304675235801        1.5403146005734549        2.8791528339870460        17.064543696260596     
   1.3451795645887907        1.3464052159395601        1.3520535680866219        1.3813455091976761        1.5570441295346893        2.9224015550484221        17.820344993260708     
   1.3571625810974259        1.3586191453034315        1.3648019842551777        1.3948964588023907        1.5727939205389669        2.9650444817533130        18.605748127683199     
   1.3679720435137239        1.3696595363353408        1.3764204171177454        1.4073984244250235        1.5875380545130644        3.0070713224861256        19.421605422778033     
   1.3775716042336092        1.3795383366328171        1.3868942724345754        1.4188123178223724        1.6012426245877012        3.0484547058221318        20.268617270319158     
   1.3859703667164982        1.3882640075821504        1.3962017443010566        1.4290513718477169        1.6138784638565593        3.0891850334969928        21.147513965502473     
   1.3932001900324689        1.3958277871304583        1.4043443597116572        1.4381397842561807        1.6254193790742610        3.1292482356438578        22.059058087379416     
   1.3992754306121342        1.4022354152883116        1.4113307534142783        1.4460957973722603        1.6358430602742151        3.1686517551691500        23.004113367470460     
   1.4041864788253715        1.4074741319205462        1.4171590469938813        1.4529021858919215        1.6451075207775405        3.2073860243438705        23.983193074474528     
   1.4079298390802730        1.4115313952367630        1.4218184019333295        1.4585438034749314        1.6531834402483980        3.2453763528641653        24.996925320867167     
   1.4104707968725323        1.4144056104181872        1.4252829103027078        1.4630259501594323        1.6600275239998898        3.2826284666484753        26.045685471851673     
   1.4118248238558482        1.4160734987242605        1.4275245749669190        1.4663529773723483        1.6656074773263481        3.3193114725317079        27.129868768657289     
   1.4119413775326135        1.4164594488132929        1.4284875998900388        1.4683689987293322        1.6698861360341979        3.3556178453337693        28.249721624190968     
   1.4107554632632586        1.4155847774928914        1.4280844818954945        1.4689787840627466        1.6727843898116499        3.3914803566428673        29.405418097379421     
   1.4081728355704086        1.4133086403580490        1.4263492062993290        1.4682447459210930        1.6742133787962517        3.4262403317938359        30.596873675810869     
   1.4040818442501608        1.4095082027964605        1.4230779799361317        1.4659914014201909        1.6739892703311003        3.4598744894606863        31.823852318418655     
   1.3983333073957660        1.4040327562899912        1.4181471314657614        1.4620089269997132        1.6721196651753401        3.4925485950182837        33.085881353570322     
   1.3906787939320049        1.3966446922967943        1.4112896339535643        1.4561002027881309        1.6684645044920630        3.5247031022826012        34.382730474083559     
   1.3808228974008079        1.3870679231946885        1.4021744330868224        1.4479808885297942        1.6627180763618123        3.5555337391011479        35.713450074735015     
   1.3682095652875870        1.3747387476901931        1.3904482790169459        1.4372719149047217        1.6546886318502310        3.5848150022011760        37.076812752953508     
   1.3520899198914302        1.3589394554216259        1.3753483513800464        1.4234595898175453        1.6440997104176154        3.6126723684973761        38.471761716713033     
   1.3312109943467199        1.3385050776646625        1.3558708375311819        1.4058295782455190        1.6305482195237944        3.6388993198013946        39.895202415494076     
  0.92913142073157406       0.93709903316365251       0.95585351333103707        1.0097260585130055        1.2588169523894654        3.4984379962091388        41.342131137585270     
  0.90442380560300750       0.91332923347959127       0.93390471607780512       0.99156635137689697        1.2486656790466999        3.5290702830187155        42.811011842591974     
  0.88089102125612229       0.89047882939298684       0.91253877937171213       0.97347032171435233        1.2378173877600172        3.5575497746090465        44.295200448246398     
  0.85879815198175702       0.86872666142602173       0.89191109450074757       0.95554808877403630        1.2263570206941279        3.5837795376582475        45.791716158020975     
  0.83842201100814184       0.84843298104160536       0.87214394745034096       0.93788768699171865        1.2143542111109802        3.6077156764983500        47.299058472342828     
  0.81962482983679830       0.82966262014699632       0.85346017808187702       0.92057477477010763        1.2019041259267931        3.6294850490675774        48.817380875768151     
  0.80232005210523749       0.81226693184826160       0.83596748516084873       0.90367296307890321        1.1891000418671323        3.6490949164986857        50.345432921125315     
  0.78656833326267017       0.79622177945485495       0.81955759283753349       0.88717390247881356        1.1758749377677165        3.6661837435786548        51.876599276614279     
  0.77225766880281332       0.78155421552966842       0.80418955760429811       0.87108764013407047        1.1622271599107319        3.6803821064127202        53.402569041854704     
  0.75918168690202092       0.76810605957119116       0.78988482333871246       0.85542476338356288        1.1480663639371289        3.6913208368524222        54.916283038464570     
  0.74729741260727545       0.75577892239038214       0.77661597705193619       0.84025476828132528        1.1333507317972142        3.6987442421787242        56.410887097774847     
  0.73662395583787132       0.74455201344987132       0.76430935504154907       0.82561105217335284        1.1180130721872914        3.7022192517388279        57.876297762164931     
  0.72720540767223518       0.73444630430636892       0.75292644661386654       0.81150182133707960        1.1019486218386392        3.7011468185360372        59.298945254101284     
  0.71909926880459440       0.72552090666991731       0.74247111907863550       0.79796367931944812        1.0850407467782661        3.6946975120798249        60.657283037827121     
  0.71231167816729746       0.71782426604182548       0.73298385101106933       0.78495719465919722        1.0671761373326816        3.6822858415584467        61.938189507191538     
  0.70678251219181643       0.71135723927348737       0.72452218409842728       0.77256866849549999        1.0482431125778409        3.6631386205975058        63.121271573697058     
  0.70239773143653705       0.70606792292326315       0.71714162278247529       0.76078273179746758        1.0281524426823101        3.6364731410683566        64.184636351989937     
  0.69897835628972993       0.70184592687417624       0.71087001387683846       0.74967237315793367        1.0068278126679835        3.6015285049121957        65.104242966408151     
  0.69634045016433321       0.69854114877491347       0.70568845528797886       0.73934176118341366       0.98424834591729315        3.5575516170732877        65.855326523273433     
  0.69433620173772670       0.69599147841656217       0.70151512996800935       0.72992046614893358       0.96045920349686797        3.5039042276069536        66.413636369469316     
  0.69286110549790692       0.69406586043818330       0.69823754423154716       0.72154510933079130       0.93559843812326704        3.4400902081537597        66.755718228077413     
  0.69182776990004602       0.69266326942251366       0.69572520973809082       0.71431259705765315       0.90987176985164975        3.3656955832550874        66.857547717075576     
  0.69114948745263050       0.69169370447526934       0.69385244727973550       0.70827025842506908       0.88369982214393550        3.2802569352360256        66.693927149576609     
  0.69074098412422436       0.69106807922589386       0.69251547741230690       0.70338505690582354       0.85765832636670936        3.1834787163668663        66.240804674887272     
  0.69051730595412475       0.69069876268114783       0.69161319984858260       0.69956695227117949       0.83216220231308635        3.0751456677588509        65.474685450938566     
  0.69040704757536864       0.69050097172936242       0.69104788039394871       0.69668969339764930       0.80792858613456475        2.9553023866250760        64.376329528776466     
  0.69035839573127089       0.69040549889329417       0.69072301870438402       0.69460889165034689       0.78550255432978644        2.8244015083974636        62.933296578707335     
  0.69033928343922968       0.69036394102078802       0.69055105312767306       0.69317361397775612       0.76535453795105990        2.6831092921514559        61.137879110390145     
  0.69033266266092530       0.69034719948578149       0.69046564521324649       0.69223430704593281       0.74791391659812345        2.5323674701540648        58.992204037018674     
  0.69033058799250058       0.69034049562513222       0.69042287453822249       0.69164534393690247       0.73343029764042145        2.3734505498403484        56.506251809316545     
  0.69032987417015246       0.69033733286586707       0.69039885916472155       0.69128151873740529       0.72195281104090625        2.2080871369948514        53.701983416209799     
  0.69032949663949272       0.69033533545091330       0.69038268993188590       0.69104685859985782       0.71327140004519296        2.0383451468079792        50.611404271856578     
  0.69032922463715618       0.69033382437702273       0.69037026168304161       0.69088118006515453       0.70697849641591992        1.8673781126383926        47.295452654332387     
  0.69032901898525367       0.69033264664646321       0.69036028787975900       0.69075364666821715       0.70253578320769783        1.6987606404577142        43.827922848575476     
  0.69032886756048906       0.69033174972111222       0.69035235850922572       0.69065098957303239       0.69941305522442165        1.5365033281614198        40.285184869473589     
  0.69032876059162518       0.69033109266733728       0.69034624263537614       0.69056837621909339       0.69717426532729998        1.3841063812621395        36.773808798355560     
  0.69042171145805609       0.69042365340681966       0.69043472219896518       0.69059639428595532       0.69560676239169705        1.2474144670087914        33.415083574550778     
