  1.16928221207983398E-004  1.08066041591350914E-003  4.16694830400240676E-003  6.52546759428885431E-003  4.16694830400241283E-003  1.08066041591350871E-003  1.16928221207982015E-004
  1.16824517308088745E-004  1.07970197578302726E-003  4.16325262826805226E-003  6.51968014254140828E-003  4.16325262826805487E-003  1.07970197578302466E-003  1.16824517308088217E-004
  1.16716665252199409E-004  1.07870519804733733E-003  4.15940912550435103E-003  6.51366119272408887E-003  4.15940912550431981E-003  1.07870519804733711E-003  1.16716665252199097E-004
  1.16604665040315512E-004  1.07767008270642675E-003  4.15541779571124148E-003  6.50741074483681976E-003  4.15541779571122066E-003  1.07767008270642545E-003  1.16604665040314184E-004
  1.16492072234716549E-004  1.07662949056476455E-003  4.15140534777106666E-003  6.50112722579672831E-003  4.15140534777104758E-003  1.07662949056476845E-003  1.16492072234715397E-004
  1.16380664616544613E-004  1.07559985202459693E-003  4.14743513612501110E-003  6.49490984906230494E-003  4.14743513612499375E-003  1.07559985202459497E-003  1.16380664616544301E-004
  1.16269849592087350E-004  1.07457569028517530E-003  4.14348604262602168E-003  6.48872554348075420E-003  4.14348604262601734E-003  1.07457569028517530E-003  1.16269849592086212E-004
  1.16159627161342984E-004  1.07355700534650248E-003  4.13955806727405676E-003  6.48257430905205875E-003  4.13955806727407932E-003  1.07355700534649359E-003  1.16159627161342171E-004
  1.16047626949458341E-004  1.07252189000558735E-003  4.13556673748097150E-003  6.47632386116478789E-003  4.13556673748093680E-003  1.07252189000558410E-003  1.16047626949457365E-004
  1.15931478581577619E-004  1.07144843705945288E-003  4.13142758065851694E-003  6.46984191520762978E-003  4.13142758065847531E-003  1.07144843705945830E-003  1.15931478581576616E-004
  1.15809996870273532E-004  1.07032569290661426E-003  4.12709836051252006E-003  6.46306232887489986E-003  4.12709836051251746E-003  1.07032569290661035E-003  1.15809996870272733E-004
  1.15680811440692217E-004  1.06913175034407774E-003  4.12249460445489151E-003  6.45585281755520820E-003  4.12249460445486202E-003  1.06913175034407839E-003  1.15680811440690997E-004
  1.15545107480259982E-004  1.06787756297333902E-003  4.11765854877960309E-003  6.44827952355426105E-003  4.11765854877961524E-003  1.06787756297333945E-003  1.15545107480258938E-004
  1.15401107207836591E-004  1.06654670039216942E-003  4.11252683904564289E-003  6.44024323341349427E-003  4.11252683904562294E-003  1.06654670039216378E-003  1.15401107207835452E-004
  1.15248810623421325E-004  1.06513916260055899E-003  4.10709947525290595E-003  6.43174394713295731E-003  4.10709947525287385E-003  1.06513916260054966E-003  1.15248810623420228E-004
  1.15088217727014335E-004  1.06365494959850706E-003  4.10137645740138619E-003  6.42278166471263456E-003  4.10137645740137578E-003  1.06365494959850468E-003  1.15088217727013563E-004
  1.14918143331189487E-004  1.06208310778451972E-003  4.09531554919703982E-003  6.41329024384681545E-003  4.09531554919704416E-003  1.06208310778452405E-003  1.14918143331188322E-004
  1.14737402248517450E-004  1.06041268355713055E-003  4.08887451434575104E-003  6.40320354222979112E-003  4.08887451434575624E-003  1.06041268355712317E-003  1.14737402248516677E-004
  1.14544809291572403E-004  1.05863272331482221E-003  4.08201111655336936E-003  6.39245541755598806E-003  4.08201111655334160E-003  1.05863272331481527E-003  1.14544809291571779E-004
  1.14337994085498339E-004  1.05672131985461095E-003  4.07464088323173258E-003  6.38091358521389318E-003  4.07464088323171523E-003  1.05672131985460509E-003  1.14337994085498054E-004
  1.14116364036583203E-004  1.05467299637576855E-003  4.06674269623370777E-003  6.36854497405077522E-003  4.06674269623371124E-003  1.05467299637576400E-003  1.14116364036582606E-004
  1.13878141363685104E-004  1.05247132247604839E-003  4.05825320111823182E-003  6.35525037060807093E-003  4.05825320111821534E-003  1.05247132247604557E-003  1.13878141363684088E-004
  1.13621548285662859E-004  1.05009986775322136E-003  4.04910904344407425E-003  6.34093056142719536E-003  4.04910904344407425E-003  1.05009986775321355E-003  1.13621548285662262E-004
  1.13345992208802634E-004  1.04755315540652348E-003  4.03928910506421747E-003  6.32555247535540859E-003  4.03928910506419925E-003  1.04755315540651893E-003  1.13345992208801794E-004
  1.13051473133105203E-004  1.04483118543597297E-003  4.02879338597863460E-003  6.30911611239264904E-003  4.02879338597860685E-003  1.04483118543597276E-003  1.13051473133104349E-004
  1.12736805871142766E-004  1.04192300424007611E-003  4.01757964989324281E-003  6.29155533023321046E-003  4.01757964989323674E-003  1.04192300424006852E-003  1.12736805871141505E-004
  1.12399027454346650E-004  1.03880122781509275E-003  4.00554230607275651E-003  6.27270477311292051E-003  4.00554230607277038E-003  1.03880122781509275E-003  1.12399027454345498E-004
  1.12035767507862055E-004  1.03544394895806169E-003  3.99259688192899441E-003  6.25243215642041789E-003  3.99259688192897446E-003  1.03544394895805822E-003  1.12035767507861025E-004
  1.11645840844262252E-004  1.03184021406747405E-003  3.97870114116780690E-003  6.23067133785001198E-003  3.97870114116779562E-003  1.03184021406747036E-003  1.11645840844261439E-004
  1.11229247463546943E-004  1.02799002314333371E-003  3.96385508378920785E-003  6.20742231740165334E-003  3.96385508378920698E-003  1.02799002314333545E-003  1.11229247463546157E-004
  1.10781839209720564E-004  1.02385503858043046E-003  3.94791088276386440E-003  6.18245359700550935E-003  3.94791088276383491E-003  1.02385503858042678E-003  1.10781839209719697E-004
  1.10301245707928274E-004  1.01941335317576559E-003  3.93078406550347731E-003  6.15563289205016927E-003  3.93078406550346603E-003  1.01941335317576038E-003  1.10301245707927474E-004
  1.09782726208459931E-004  1.01462115252338959E-003  3.91230568683169789E-003  6.12669563331289489E-003  3.91230568683168314E-003  1.01462115252338807E-003  1.09782726208459836E-004
  1.09222725149035131E-004  1.00944557581883064E-003  3.89234903786616271E-003  6.09544339387662910E-003  3.89234903786615533E-003  1.00944557581882284E-003  1.09222725149034656E-004
  1.08616501779943054E-004  1.00384280865610173E-003  3.87074517343046929E-003  6.06161160451867010E-003  3.87074517343045455E-003  1.00384280865609783E-003  1.08616501779941956E-004
  1.07959315351474345E-004  9.97769036629268758E-004  3.84732514834817572E-003  6.02493569601623112E-003  3.84732514834816271E-003  9.97769036629260735E-004  1.07959315351474007E-004
  1.07245239926492472E-004  9.91169491730846657E-004  3.82187778114875375E-003  5.98508495684093103E-003  3.82187778114871993E-003  9.91169491730845573E-004  1.07245239926492716E-004
  1.06468349567861837E-004  9.83989405953405224E-004  3.79419189036164610E-003  5.94172867546430023E-003  3.79419189036164306E-003  9.83989405953396767E-004  1.06468349567861146E-004
  1.05622718338444405E-004  9.76174011289471211E-004  3.76405629451631281E-003  5.89453614035787953E-003  3.76405629451632062E-003  9.76174011289467308E-004  1.05622718338443659E-004
  1.04704790675957845E-004  9.67690446934574961E-004  3.73134428473052837E-003  5.84330892460471589E-003  3.73134428473050495E-003  9.67690446934572250E-004  1.04704790675957046E-004
  1.03709233236979690E-004  9.58489421682013503E-004  3.69586579768068366E-003  5.78774938782917591E-003  3.69586579768068973E-003  9.58489421682010684E-004  1.03709233236979175E-004
  1.02629527490658937E-004  9.48510690723578442E-004  3.65738853374926627E-003  5.72749374734998241E-003  3.65738853374924936E-003  9.48510690723573672E-004  1.02629527490658259E-004
  1.01460340093573659E-004  9.37704962852562687E-004  3.61572242961277508E-003  5.66224436279152109E-003  3.61572242961275296E-003  9.37704962852555098E-004  1.01460340093573116E-004
  1.00186263609166958E-004  9.25929841249581529E-004  3.57031841344782226E-003  5.59114138417997775E-003  3.57031841344779754E-003  9.25929841249575891E-004  1.00186263609166823E-004
  9.87936683820249254E-005  9.13059359497486928E-004  3.52069076787216726E-003  5.51342417499989766E-003  3.52069076787215208E-003  9.13059359497483242E-004  9.87936683820244511E-005
  9.72724803190154502E-005  8.99000411983599747E-004  3.46648048438591384E-003  5.42853052565296298E-003  3.46648048438589042E-003  8.99000411983597579E-004  9.72724803190144744E-005
  9.56108475458638553E-005  8.83643462693013714E-004  3.40726520004797995E-003  5.33579901308230912E-003  3.40726520004795827E-003  8.83643462693009920E-004  9.56108475458627033E-005
  9.38099552499977373E-005  8.66999465227210513E-004  3.34308715115247488E-003  5.23529577959364750E-003  3.34308715115246274E-003  8.66999465227210730E-004  9.38099552499972901E-005
  9.18804701182631604E-005  8.49167001999629910E-004  3.27432646434636749E-003  5.12761610593820156E-003  3.27432646434636489E-003  8.49167001999625790E-004  9.18804701182635670E-005
  8.98395773683586672E-005  8.30304900231872687E-004  3.20159556589422406E-003  5.01371905554829495E-003  3.20159556589422753E-003  8.30304900231871278E-004  8.98395773683581387E-005
  8.76979436871281942E-005  8.10511742337374601E-004  3.12527458244297226E-003  4.89419990917519098E-003  3.12527458244298180E-003  8.10511742337368204E-004  8.76979436871276792E-005
  8.54454949814400513E-005  7.89694422703444911E-004  3.04500450549275098E-003  4.76849645722048424E-003  3.04500450549274665E-003  7.89694422703444694E-004  8.54454949814401868E-005
  8.30697867833068678E-005  7.67737928514442198E-004  2.96034185395539946E-003  4.63591420547454936E-003  2.96034185395537127E-003  7.67737928514440138E-004  8.30697867833066509E-005
  8.05690413115885162E-005  7.44625829368127838E-004  2.87122327338974314E-003  4.49635394047881703E-003  2.87122327338973707E-003  7.44625829368124044E-004  8.05690413115878521E-005
  7.79450363474247987E-005  7.20374555666730481E-004  2.77771211823698953E-003  4.34991487569179672E-003  2.77771211823697652E-003  7.20374555666726145E-004  7.79450363474240533E-005
  7.51930311411068609E-005  6.94940293004287077E-004  2.67963944332068500E-003  4.19633244189082828E-003  2.67963944332066635E-003  6.94940293004284149E-004  7.51930311411061562E-005
  7.23035441932153543E-005  6.68235412568872391E-004  2.57666735828795653E-003  4.03507750063034337E-003  2.57666735828795046E-003  6.68235412568868271E-004  7.23035441932146360E-005
  6.92670940043318517E-005  6.40172285548555662E-004  2.46845797278596015E-003  3.86562091346488550E-003  2.46845797278596405E-003  6.40172285548554578E-004  6.92670940043314451E-005
  6.60777546373196990E-005  6.10696143935880341E-004  2.35480010534418107E-003  3.68763196886605013E-003  2.35480010534419104E-003  6.10696143935880991E-004  6.60777546373193195E-005
  6.27325631236105353E-005  5.79779603727124276E-004  2.23558816522736754E-003  3.50094531106963022E-003  2.23558816522735019E-003  5.79779603727118313E-004  6.27325631236097357E-005
  5.92338898380586454E-005  5.47444572125256579E-004  2.11090662502367611E-003  3.30569322468695628E-003  2.11090662502366787E-003  5.47444572125256579E-004  5.92338898380581305E-005
  5.55888459052285917E-005  5.13756770739233265E-004  1.98100890249778812E-003  3.10227256355218289E-003  1.98100890249777858E-003  5.13756770739235975E-004  5.55888459052281852E-005
  5.18128387616756113E-005  4.78858596388443054E-004  1.84644406947306232E-003  2.89154317763917626E-003  1.84644406947307295E-003  4.78858596388441699E-004  5.18128387616753131E-005
  4.79301647496610268E-005  4.42974597903450062E-004  1.70807796997874436E-003  2.67486098421451700E-003  1.70807796997873807E-003  4.42974597903447297E-004  4.79301647496606270E-005
  4.39728239297228546E-005  4.06400522524512061E-004  1.56705098395566538E-003  2.45401182553169148E-003  1.56705098395566473E-003  4.06400522524509459E-004  4.39728239297223464E-005
  3.99775571121092869E-005  3.69475931897858437E-004  1.42467243652117390E-003  2.23104611306693210E-003  1.42467243652117303E-003  3.69475931897855509E-004  3.99775571121088939E-005
  3.59828828882094158E-005  3.32556818071947551E-004  1.28231500723373425E-003  2.00811347175502194E-003  1.28231500723373229E-003  3.32556818071947171E-004  3.59828828882092193E-005
  3.20314680054081688E-005  2.96037510700465449E-004  1.14149920268119738E-003  1.78759502460062525E-003  1.14149920268119803E-003  2.96037510700466479E-004  3.20314680054078300E-005
  2.81677569922310585E-005  2.60328769839329537E-004  1.00380888389257602E-003  1.57197110806692425E-003  1.00380888389257450E-003  2.60328769839327802E-004  2.81677569922309162E-005
  2.44391573457723580E-005  2.25868739548184112E-004  8.70933502632149719E-004  1.36388741438133398E-003  8.70933502632142672E-004  2.25868739548181835E-004  2.44391573457723343E-005
  2.08942617505538761E-005  1.93106517488163992E-004  7.44604746958287813E-004  1.16605577807694905E-003  7.44604746958286404E-004  1.93106517488164507E-004  2.08942617505536016E-005
  1.75781073288147235E-005  1.62458340515936827E-004  6.26427596047073932E-004  9.80989606769805227E-004  6.26427596047071764E-004  1.62458340515936068E-004  1.75781073288145575E-005
  1.45315830467988381E-005  1.34302107882945188E-004  5.17859202045185558E-004  8.10970810006040265E-004  5.17859202045184148E-004  1.34302107882944808E-004  1.45315830467987585E-005
  1.17866889650448426E-005  1.08933566829450370E-004  4.20039944893513457E-004  6.57785230039154424E-004  4.20039944893512373E-004  1.08933566829449706E-004  1.17866889650447342E-005
  9.36594364467233315E-006  8.65608357837840709E-005  3.33772314180090176E-004  5.22689570677166773E-004  3.33772314180088658E-004  8.65608357837834610E-005  9.36594364467230096E-006
  7.27942117881405000E-006  6.72770203586207000E-005  2.59415318404822509E-004  4.06246041518399151E-004  2.59415318404821642E-004  6.72770203586207135E-005  7.27942117881397630E-006
  5.52949194232444152E-006  5.11040277569432865E-005  1.97053430155926895E-004  3.08586927174226409E-004  1.97053430155925730E-004  5.11040277569429612E-005  5.52949194232441695E-006
  4.10311887350280120E-006  3.79213683623486246E-005  1.46222050198225212E-004  2.28984662282105732E-004  1.46222050198224020E-004  3.79213683623484823E-005  4.10311887350275376E-006
  2.97245006780616673E-006  2.74716325397950701E-005  1.05928625620204249E-004  1.65884902658441116E-004  1.05928625620203923E-004  2.74716325397949685E-005  2.97245006780616376E-006
  2.10370768355502077E-006  1.94426426467847539E-005  7.49694220398174885E-005  1.17402592591201612E-004  7.49694220398172716E-005  1.94426426467846624E-005  2.10370768355499493E-006
  1.45422497336450861E-006  1.34400690296365889E-005  5.18239328692148541E-005  8.11566090757207334E-005  5.18239328692144679E-005  1.34400690296365093E-005  1.45422497336449760E-006
