  0.98541869229543266       0.98110095592235946       0.97164629449008577       0.93640387449892593       0.88430799643253089       0.97486973439022118        1.0000000000000009     
  0.98714509449868160       0.98306591859527459       0.97400597778536391       0.94045092386936613       0.88648981482222611       0.97512094646877789       0.99999999999999811     
  0.98867355732232076       0.98492881739708338       0.97617303239399911       0.94406791001785828       0.88850247708776364       0.97478753618255476        1.0000000000000013     
  0.99001555732643143       0.98652554100254797       0.97813871554889775       0.94731245123069163       0.89032627853762958       0.97443333683717082       0.99999999999999856     
  0.99118353904933332       0.98793770774510858       0.97990660057030687       0.95020209929747446       0.89192844410438310       0.97607388746643409       0.99999999999999911     
  0.99219572247662424       0.98911704128107114       0.98115531519919919       0.95270408223974823       0.89473713529324961       0.97573545805767070       0.99999999999999734     
  0.99294290702555810       0.99008227710485741       0.98111288800484364       0.95454675540525502       0.89597483388340360       0.97539731689680487        1.0000000000000004     
  0.99328101223995924       0.99032600874960119       0.98133560089891458       0.95561011277067354       0.89671871619917287       0.97506262565281032        1.0000000000000004     
  0.99274021602684270       0.99009143950528089       0.98144374287944491       0.95581568919846482       0.89674671214625867       0.97473239124227806       0.99999999999999734     
  0.99198138919232259       0.98944235197821528       0.98022322406280304       0.95545626205141965       0.89600285853800010       0.97440608742190493       0.99999999999999956     
  0.99090479294960088       0.98799793272330771       0.97782023007130614       0.95425548365599244       0.89451348805189934       0.97408440154052378        1.0000000000000004     
  0.98955442124982440       0.98501904768740356       0.97639644286745986       0.95289758706988614       0.89230856553209081       0.97376750568779347       0.99999999999999667     
  0.98570748066729885       0.98282389031186557       0.97356781872235254       0.94898224673638831       0.88942818097543719       0.97348239425145833       0.99999999999999745     
  0.98374042089999514       0.97978178347056943       0.97156883917000270       0.94627931420709144       0.88578583396916133       0.97317576077838808        1.0000000000000004     
  0.98012257556161608       0.97746434640593327       0.96923064064142683       0.94368354952667965       0.88127226340981046       0.97288564779038134       0.99999999999999867     
  0.97765772723393296       0.97443985372642350       0.96634295609197396       0.93902014434905556       0.87624136746812009       0.97260596118521514       0.99999999999999933     
  0.97473424828141531       0.97145569236105478       0.96351792326042995       0.93506838944867121       0.86955242105360853       0.97231862622366927        1.0000000000000016     
  0.97156823709418061       0.96870030576908472       0.95884212497250354       0.92922708212914684       0.86274011113836580       0.97203923970571982        1.0000000000000002     
  0.96875117321420268       0.96575582028021978       0.95537182712090019       0.92461007997466171       0.85466510498408677       0.97176619262171782        1.0000000000000016     
  0.96577496217554615       0.96123855634324351       0.95159726579363391       0.91800017604207329       0.84481383148226208       0.97150104977161689       0.99999999999999811     
  0.96147800762859892       0.95780754415887159       0.94640808594201320       0.91034290672628526       0.83401344354901519       0.97141208000236157        1.0000000000000009     
  0.95793709535451554       0.95343179323579619       0.94153950468810221       0.90198697119602511       0.82265105890898937       0.97116645869742424       0.99999999999999967     
  0.95380382583934231       0.94917393697871433       0.93610468911540168       0.89433420836199173       0.82280336229504092       0.97093042209709612       0.99999999999999889     
  0.94993608894892911       0.94476631133197020       0.93049241509577363       0.88602937746586630       0.81213018555401284       0.97070602728584598       0.99999999999999967     
  0.94598276742365772       0.94025446294781478       0.92470020331363223       0.87818184130692611       0.78867893171025527       0.97081878786752374       0.99999999999999978     
  0.94195818276876020       0.93226613753909904       0.91192493110694761       0.87044955306260752       0.77789993188111317       0.97079549676469323        1.0000000000000042     
  0.93310150092217026       0.92524284502676857       0.90407303941048545       0.85152403113493236       0.77800135469635590       0.97210751765953929        1.0000000000000007     
  0.92816262522447257       0.91955891545563573       0.89789442006406606       0.83998753173361129       0.76922635055824762       0.97253021717288946        1.0000000000000002     
  0.92379351478341598       0.91432400077651410       0.89195975811647921       0.83256741825085390       0.76119286339033698       0.97239055451054079       0.99999999999999978     
  0.90985451008932583       0.89998850420389476       0.88340601468786784       0.82652569257350372       0.74722838583652296       0.97225809302405242        1.0000000000000004     
  0.90634532327059913       0.89629646149382425       0.87303435254951955       0.82077325195579964       0.74076723699719960       0.97214322807884601       0.99999999999999856     
  0.88617006248913166       0.87497544700200069       0.86957411119708716       0.81276318673382653       0.72845794889013438       0.97204801471393942        1.0000000000000004     
  0.88395275219083946       0.87273747772219556       0.84805616793251648       0.80999958038918063       0.72434872441441966       0.97197373392528996        1.0000000000000020     
  0.88110353951661313       0.86943019605948335       0.84437358589955880       0.80313530398050403       0.71566561838620857       0.97192249781340334       0.99999999999999889     
  0.88110582284509908       0.86955323999030443       0.84363337828642648       0.80347824027200987       0.70722206414145161       0.97189623263227820       0.99999999999999989     
  0.86350205680273495       0.85114659716654684       0.84446391258130682       0.78289413553416509       0.70468007354390549       0.97189756367864999        1.0000000000000033     
  0.86128071447816423       0.85383162982984595       0.82587566620457864       0.78016030653107937       0.70603561805992521       0.97193208978397261        1.0000000000000009     
  0.83919058926592338       0.85165371655020006       0.82479264341674730       0.77874521282973097       0.68581745651317816       0.97204669984398906       0.99999999999999944     
  0.83598986270245135       0.82256903030610407       0.80395658438450102       0.76877085010142909       0.66345419090900770       0.97233265842064032        1.0000000000000013     
  0.83259286209425831       0.81854244876090465       0.80110604035724164       0.74236828080912054       0.64828804316456190       0.97277913402361860       0.99999999999999789     
  0.80164295924499540       0.80452230512987033       0.79556711642183564       0.74622630194005668       0.62725808934278149       0.97350872645366926       0.99999999999999878     
  0.80806367524218170       0.79594988425750091       0.77073435430863413       0.71807855092875073       0.60487786202389926       0.97535818902104754       0.99999999999999711     
  0.77379253147461291       0.76629233917147532       0.74173534624601700       0.71078510304057896       0.56142914777599706       0.97561344004595929        1.0000000000000004     
  0.74627648318438999       0.73656616644084494       0.71216604183190180       0.68600069741544034       0.52773870945377832       0.97588715119433989       0.99999999999999789     
  0.71218367834747087       0.70089000114225575       0.67474602964281583       0.65073855130050939       0.50492918876165738       0.97619622174905263        1.0000000000000004     
  0.73653088654641397       0.72464815992496412       0.69710391303029351       0.66970467103738707       0.51675034184740054       0.97642371476338630       0.99999999999999911     
  0.76072645134538075       0.74815673976725650       0.71930124389209738       0.68860923014651887       0.52926249854555407       0.97668890011476928        1.0000000000000007     
  0.78623623143162846       0.77223380727767177       0.74144669247858952       0.70760464859710837       0.54253783186557847       0.97698870991810982       0.99999999999999756     
  0.81259777930823485       0.79738748662318948       0.76431701432496579       0.72701902377780436       0.55658291669918114       0.97732399502195044        1.0000000000000036     
  0.83812259333154748       0.82253760818835397       0.78784951166735040       0.74699287121575686       0.57141587650573566       0.97769609357927389       0.99999999999999734     
  0.86149589015193240       0.84637935910000894       0.81138279678521474       0.76743461077088837       0.58707162111809030       0.97810755549500372        1.0000000000000013     
  0.88227450419438691       0.86814762939659529       0.83415200482205576       0.78809188492233917       0.60359203727028299       0.97856831550469381        1.0000000000000018     
  0.90078758014635429       0.88776304910754300       0.85560861790071552       0.80864711379234511       0.62101026932547898       0.98166284794824288        1.0000000000000007     
  0.91740427569704130       0.90543914851045304       0.87550211038240089       0.82879519173787564       0.63936085420366207       0.98220815009698481        1.0000000000000002     
  0.93219643763001669       0.92132133043167308       0.89378415795760191       0.84828956092593522       0.65866520296950559       0.98280208726379847       0.99999999999999789     
  0.94508140364355775       0.93541246162839486       0.91046736439209319       0.86694904388304772       0.67893050284507206       0.98343887111213979       0.99999999999999933     
  0.95604239440195882       0.94767800529672686       0.92553228041559743       0.88463172133894818       0.70012378283967680       0.98411560831493972       0.99999999999999545     
  0.96522489117789900       0.95816017172927481       0.93893745098991732       0.90121498134745803       0.72217807176918303       0.98481414051485550        1.0000000000000027     
  0.97288214305234710       0.96700226537130274       0.95066746364951482       0.91658234002411842       0.74496974282997619       0.98552950948543616        1.0000000000000013     
  0.97925586106635243       0.97441582466315024       0.96077072810320663       0.93062489087020994       0.76832392945501071       0.98626547356825855       0.99999999999999767     
  0.98452408069770336       0.98059015506270686       0.96934998514210957       0.94325674719746444       0.79201277626993505       0.98703191942519208        1.0000000000000013     
  0.98882540316969980       0.98566578088611079       0.97655837550699076       0.95442444951645855       0.81574800117460566       0.98926544008507933       0.99999999999999911     
  0.99223497217570800       0.98977331069230401       0.98251637410819004       0.96411960201635782       0.83918958998345483       0.99082985968682336        1.0000000000000011     
  0.99484207266285074       0.99299898548665000       0.98735437202081255       0.97236760120270693       0.86196717299764503       0.99168927610201563        1.0000000000000007     
  0.99673705931777790       0.99542556003306082       0.99120361087379005       0.97896041956752011       0.88368906620566434       0.99259556543515570        1.0000000000000000     
  0.99806065224470153       0.99716942396606489       0.99415042917206065       0.98382634599509478       0.90397105488891016       0.99354591799818925       0.99999999999999933     
  0.99891601141378261       0.99835705995862811       0.99630228239172924       0.98739354115735589       0.92245459868363500       0.99453615642237148       0.99999999999999722     
  0.99943708598679304       0.99910847498948618       0.99780012360516757       0.99122994059384917       0.93883905886401320       0.99554074448995011        1.0000000000000033     
  0.99972793188391273       0.99955071090158754       0.99876835916316364       0.99356885850426468       0.95292084818334211       0.99653009148219096       0.99999999999999878     
  0.99987952708784666       0.99979040283782361       0.99935228402538312       0.99583376651609157       0.96460358557690251       0.99747015189137311        1.0000000000000004     
  0.99995209874906288       0.99991038058416548       0.99967636552833616       0.99728704795804457       0.97392520233336644       0.99831456102752603       0.99999999999999711     
  0.99998359902976952       0.99996543849535446       0.99984325606898516       0.99830224965214009       0.98104430174717872       0.99897065582651190       0.99999999999999400     
  0.99999536909588860       0.99998795893057413       0.99992380440494688       0.99894093556447472       0.98624149091650748       0.99943994130948899       0.99999999999999911     
  0.99999892300520143       0.99999597011385510       0.99996108016172969       0.99931701248637095       0.98989595934788277       0.99973417703652645       0.99999999999999956     
  0.99999976195238083       0.99999848876732511       0.99997857459724282       0.99953463116233288       0.99238286416614996       0.99989549103568121        1.0000000000000016     
  0.99999992999254272       0.99999931308265000       0.99998770236703138       0.99967775411624527       0.99412188645814681       0.99996905862100427        1.0000000000000013     
  0.99999997213074010       0.99999966902263127       0.99999317932159171       0.99978595242627055       0.99548885971293843       0.99999442199709021       0.99999999999999833     
  0.99999998913190380       0.99999985585540963       0.99999663369044556       0.99987072210760763       0.99674092262235803       0.99999948917243164       0.99999999999999856     
  0.99999999671711548       0.99999995118870155       0.99999868877531084       0.99993565684601748       0.99799011990168973       0.99999996456271267       0.99999999999999900     
  0.99999999945911078       0.99999999058431244       0.99999969533673050       0.99997913234367941       0.99916027513012651       0.99999999983056886       0.99999999999999878     
  0.99999999998799882       0.99999999971776554       0.99999998709860038       0.99999843054165272       0.99945712661636177        1.0000000000000002        1.0000000000000016     
