  0.57319848376026294       0.57630410811033361       0.58161905086279009       0.58980580205384248       0.60242648367121310       0.64364749855230496       0.75887793517167224     
  0.56870828055710476       0.57188653119832733       0.57737901163597405       0.58636370396955084       0.60188759810069536       0.65012643004161974       0.77428618915500114     
  0.56483309567998108       0.56788287026516426       0.57324976093998536       0.58283414404106704       0.60088986928414623       0.65602166462707867       0.78908556850571432     
  0.56151549395238376       0.56435015866084892       0.56955679260453262       0.57947468105824018       0.59984262785305020       0.66139667280825243       0.80332466238530120     
  0.55869389245711498       0.56127846954975380       0.56627227136522673       0.57636051064993710       0.59880517068372907       0.66651607183405825       0.81708243568566052     
  0.55629586612172655       0.55863418352968985       0.56337219398200999       0.57351706264390900       0.59785034638440115       0.67139513314106813       0.83045961359177800     
  0.55426819157669949       0.55636618434380491       0.56084476346079826       0.57094976709974432       0.59700794103082744       0.67619349198620160       0.84365214080264150     
  0.55256955425771370       0.55450065298138829       0.55865348352483701       0.56866277183787317       0.59621567632996075       0.68099742076950687       0.85666510575531973     
  0.55115353368727771       0.55288960302684242       0.55674566281161364       0.56662355535586695       0.59556176076223799       0.68583418855460987       0.86942084064885261     
  0.55002321711805857       0.55152909093332769       0.55510480440437693       0.56483552195496678       0.59504454582209276       0.69065042574306157       0.88173897771588605     
  0.54904626129610334       0.55038885196841025       0.55370829143609690       0.56330102283028327       0.59465316334963703       0.69557553680700290       0.89339182639798520     
  0.54823514118640471       0.54942843180008516       0.55253251144354676       0.56199239591265404       0.59443111435606322       0.70059009934049277       0.90444950783969946     
  0.54758187434266448       0.54863635226927054       0.55153839293107221       0.56090206039616131       0.59446130975200573       0.70576612242699932       0.91473155841486065     
  0.54704240791303116       0.54799655024211291       0.55074831080499809       0.56001981129577116       0.59456027928228450       0.71111538444966715       0.92404714245782793     
  0.54661211390006703       0.54749157261557091       0.55009670782729314       0.55933581197035764       0.59476417546459437       0.71664242250806076       0.93257094445003075     
  0.54628978488419289       0.54710188394331460       0.54959955687717921       0.55884748320293687       0.59516375107063957       0.72233887554733689       0.94044306687523938     
  0.54606517783707453       0.54681151141916218       0.54924808231588418       0.55854721711479394       0.59576618219371247       0.72818704233071041       0.94769405701850096     
  0.54591493804737268       0.54664992531329681       0.54903442493011356       0.55843161830501353       0.59657162678374442       0.73416631019230083       0.95433184396744852     
  0.54584731125527475       0.54656972568861517       0.54895813889245737       0.55850143195848467       0.59758629264926688       0.74025852270573111       0.96025480674887176     
  0.54586333690963718       0.54658206843444157       0.54900679378279593       0.55874203267578904       0.59881503978377171       0.74649632094691376       0.96544895157744803     
  0.54596714620269304       0.54669305579826344       0.54917771212851862       0.55913939485262221       0.60026350501327408       0.75286606199834416       0.97000788758168577     
  0.54614445781293575       0.54690467356643824       0.54948091408049904       0.55969995278942175       0.60193165421319328       0.75936196833562897       0.97403248993979097     
  0.54641043696948310       0.54722290372496651       0.54991921623804407       0.56042795096192077       0.60382486555924464       0.76598548713793668       0.97758941849978953     
  0.54676904356540623       0.54764866507170762       0.55049362946522329       0.56132254530739945       0.60594864709391394       0.77273013058200979       0.98072851698212227     
  0.54723509948093496       0.54818748916637960       0.55121458893648534       0.56240089461807519       0.60830820017592824       0.77958856800664911       0.98348704659701458     
  0.54782161372460858       0.54885489203789983       0.55208729637550735       0.56367580623147595       0.61090747258942246       0.78655159568541222       0.98589911916853967     
  0.54852618534716124       0.54966053927937730       0.55311455710529855       0.56514216431212938       0.61374845688196711       0.79360812199592212       0.98800269675686347     
  0.54936040782895157       0.55061359207870653       0.55429938980839333       0.56678437035123574       0.61683214633804395       0.80074775100783357       0.98981976986756470     
  0.55034042487577706       0.55172214492590688       0.55565392422403426       0.56862098687636209       0.62015999426976887       0.80796198941595054       0.99140205677384907     
  0.55148133532634047       0.55299792569467066       0.55719058013242229       0.57066926297190856       0.62373931679815864       0.81524674850978185       0.99277540992016489     
  0.55279044661684684       0.55444798984942090       0.55891852350622695       0.57293615557046806       0.62757288313333170       0.82259927649150999       0.99395450954392661     
  0.55428166883838714       0.55608206920374170       0.56084527056337352       0.57543151078578991       0.63164070596575350       0.83001677348916414       0.99496158437238880     
  0.55595543768439515       0.55791152968526647       0.56298240309090741       0.57817321185830239       0.63591612488037985       0.83749028409228055       0.99582096122736352     
  0.55783077678915816       0.55994595843335282       0.56533026420819510       0.58117993975866344       0.64043886393342342       0.84495601570781975       0.99655001162396672     
  0.55991193748253687       0.56217871060222480       0.56788893644983718       0.58440686189171742       0.64523578638602896       0.85223075282880500       0.99716713078234753     
  0.56219948306295808       0.56463576283621153       0.57064898205037662       0.58784532327167316       0.65028148026583033       0.85946965110387363       0.99767885040175797     
  0.56468384443684994       0.56729634908942472       0.57363883582394259       0.59153056462083886       0.65552019504060688       0.86672931233693040       0.99810722128697837     
  0.56735162620440716       0.57013746718144975       0.57682604822100403       0.59542831956807163       0.66086823492678803       0.87396138700591675       0.99847115166914879     
  0.57019785154965474       0.57314941582447132       0.58019460783086474       0.59951571500472911       0.66642428231769235       0.88098222661739922       0.99877995755048810     
  0.57316074624237057       0.57628083943532049       0.58368257744228014       0.60374073423018382       0.67214073918086292       0.88754199327358363       0.99904668392203677     
  0.57621564275908999       0.57951462354401551       0.58724446976828470       0.60807394692059735       0.67794381992084229       0.89391909185723784       0.99926602832335520     
  0.57924133881563866       0.58272119758213448       0.59085745694888347       0.61248182734041201       0.68385765177736313       0.90016150513599547       0.99943323644700433     
  0.58208843595479409       0.58576542346164440       0.59435152561848004       0.61686449430518875       0.68991687756248132       0.90616969548789528       0.99955177166443432     
  0.58447799621549901       0.58839098561379299       0.59754495831171861       0.62117581934393074       0.69616183362590844       0.91142610466067919       0.99965567066190153     
   1.0000000000000000        1.0000000000000000        1.0000000000000000        1.0000000000000000        1.0000000000000000        1.0000000000000000        1.0000000000000000     
   1.0000000000000000        1.0000000000000000        1.0000000000000000        1.0000000000000000        1.0000000000000000        1.0000000000000000        1.0000000000000000     
   1.0000000000000000        1.0000000000000000        1.0000000000000000        1.0000000000000000        1.0000000000000000        1.0000000000000000        1.0000000000000000     
   1.0000000000000000        1.0000000000000000        1.0000000000000000        1.0000000000000000        1.0000000000000000        1.0000000000000000        1.0000000000000000     
   1.0000000000000000        1.0000000000000000        1.0000000000000000        1.0000000000000000        1.0000000000000000        1.0000000000000000        1.0000000000000000     
   1.0000000000000000        1.0000000000000000        1.0000000000000000        1.0000000000000000        1.0000000000000000        1.0000000000000000        1.0000000000000000     
   1.0000000000000000        1.0000000000000000        1.0000000000000000        1.0000000000000000        1.0000000000000000        1.0000000000000000        1.0000000000000000     
   1.0000000000000000        1.0000000000000000        1.0000000000000000        1.0000000000000000        1.0000000000000000        1.0000000000000000        1.0000000000000000     
   1.0000000000000000        1.0000000000000000        1.0000000000000000        1.0000000000000000        1.0000000000000000        1.0000000000000000        1.0000000000000000     
   1.0000000000000000        1.0000000000000000        1.0000000000000000        1.0000000000000000        1.0000000000000000        1.0000000000000000        1.0000000000000000     
   1.0000000000000000        1.0000000000000000        1.0000000000000000        1.0000000000000000        1.0000000000000000        1.0000000000000000        1.0000000000000000     
   1.0000000000000000        1.0000000000000000        1.0000000000000000        1.0000000000000000        1.0000000000000000        1.0000000000000000        1.0000000000000000     
   1.0000000000000000        1.0000000000000000        1.0000000000000000        1.0000000000000000        1.0000000000000000        1.0000000000000000        1.0000000000000000     
   1.0000000000000000        1.0000000000000000        1.0000000000000000        1.0000000000000000        1.0000000000000000        1.0000000000000000        1.0000000000000000     
   1.0000000000000000        1.0000000000000000        1.0000000000000000        1.0000000000000000        1.0000000000000000        1.0000000000000000        1.0000000000000000     
   1.0000000000000000        1.0000000000000000        1.0000000000000000        1.0000000000000000        1.0000000000000000        1.0000000000000000        1.0000000000000000     
   1.0000000000000000        1.0000000000000000        1.0000000000000000        1.0000000000000000        1.0000000000000000        1.0000000000000000        1.0000000000000000     
   1.0000000000000000        1.0000000000000000        1.0000000000000000        1.0000000000000000        1.0000000000000000        1.0000000000000000        1.0000000000000000     
   1.0000000000000000        1.0000000000000000        1.0000000000000000        1.0000000000000000        1.0000000000000000        1.0000000000000000        1.0000000000000000     
   1.0000000000000000        1.0000000000000000        1.0000000000000000        1.0000000000000000        1.0000000000000000        1.0000000000000000        1.0000000000000000     
   1.0000000000000000        1.0000000000000000        1.0000000000000000        1.0000000000000000        1.0000000000000000        1.0000000000000000        1.0000000000000000     
   1.0000000000000000        1.0000000000000000        1.0000000000000000        1.0000000000000000        1.0000000000000000        1.0000000000000000        1.0000000000000000     
   1.0000000000000000        1.0000000000000000        1.0000000000000000        1.0000000000000000        1.0000000000000000        1.0000000000000000        1.0000000000000000     
   1.0000000000000000        1.0000000000000000        1.0000000000000000        1.0000000000000000        1.0000000000000000        1.0000000000000000        1.0000000000000000     
   1.0000000000000000        1.0000000000000000        1.0000000000000000        1.0000000000000000        1.0000000000000000        1.0000000000000000        1.0000000000000000     
   1.0000000000000000        1.0000000000000000        1.0000000000000000        1.0000000000000000        1.0000000000000000        1.0000000000000000        1.0000000000000000     
   1.0000000000000000        1.0000000000000000        1.0000000000000000        1.0000000000000000        1.0000000000000000        1.0000000000000000        1.0000000000000000     
   1.0000000000000000        1.0000000000000000        1.0000000000000000        1.0000000000000000        1.0000000000000000        1.0000000000000000        1.0000000000000000     
   1.0000000000000000        1.0000000000000000        1.0000000000000000        1.0000000000000000        1.0000000000000000        1.0000000000000000        1.0000000000000000     
   1.0000000000000000        1.0000000000000000        1.0000000000000000        1.0000000000000000        1.0000000000000000        1.0000000000000000        1.0000000000000000     
   1.0000000000000000        1.0000000000000000        1.0000000000000000        1.0000000000000000        1.0000000000000000        1.0000000000000000        1.0000000000000000     
   1.0000000000000000        1.0000000000000000        1.0000000000000000        1.0000000000000000        1.0000000000000000        1.0000000000000000        1.0000000000000000     
   1.0000000000000000        1.0000000000000000        1.0000000000000000        1.0000000000000000        1.0000000000000000        1.0000000000000000        1.0000000000000000     
   1.0000000000000000        1.0000000000000000        1.0000000000000000        1.0000000000000000        1.0000000000000000        1.0000000000000000        1.0000000000000000     
   1.0000000000000000        1.0000000000000000        1.0000000000000000        1.0000000000000000        1.0000000000000000        1.0000000000000000        1.0000000000000000     
   1.0000000000000000        1.0000000000000000        1.0000000000000000        1.0000000000000000        1.0000000000000000        1.0000000000000000        1.0000000000000000     
   1.0000000000000000        1.0000000000000000        1.0000000000000000        1.0000000000000000        1.0000000000000000        1.0000000000000000        1.0000000000000000     
