   1.9134594971900716     
   1.9339551309239593     
   1.9394452817863934     
   1.9329476135400327     
   1.9165457368405618     
   1.8924346863121309     
   1.8636897944192123     
   1.8323825498123045     
   1.7997578742131135     
   1.7660030621473284     
   1.7311283249845921     
   1.6951519855512351     
   1.6581555543479505     
   1.6202319939764456     
   1.5815143594177257     
   1.5421612854117865     
   1.5023591059366099     
   1.4623039749691915     
   1.4221641198981489     
   1.3820788617846920     
   1.3422064255745207     
   1.3027100671120515     
   1.2636925784679363     
   1.2252224043929993     
   1.1873427596478814     
   1.1500736362973045     
   1.1134054500215875     
   1.0773015753587247     
   1.0416931674617425     
   1.0064736458393346     
  0.97151183856460155     
  0.93662567955373699     
  0.90157831294873547     
  0.86606274505529846     
  0.82971561078738199     
  0.79221558369927036     
  0.75304749252658931     
  0.71163931904050060     
  0.66706441043642728     
  0.61827284804675275     
  0.56410792254257336     
  0.50267810989629391     
  0.43195594587531727     
  0.35022871858952492     
  0.25616492385802020     
  0.30587705871028448     
  0.34698146563285603     
  0.38004752071487918     
  0.40572129584192385     
  0.42469326359469967     
  0.43761580259404664     
  0.44516488497176587     
  0.44787527099835950     
  0.44601759165557386     
  0.43989202640424840     
  0.42983899856610513     
  0.41613639429894950     
  0.39906110866909994     
  0.37891699156486097     
  0.35609781704205884     
  0.33134685480273873     
  0.30561603747561428     
  0.28010574054615905     
  0.25610811313595744     
  0.23492830232328279     
  0.21782561106481405     
  0.20541846657983465     
  0.19730989575901409     
  0.19229800768319324     
  0.18817940598443059     
  0.18216796729115189     
  0.17104141092438693     
  0.15262362061365864     
  0.12766208460726777     
   9.9749488755012494E-002
   7.3461672207369655E-002
   5.2407651419115270E-002
   3.7997051257800361E-002
   2.9538830715253588E-002
   2.5257024849201361E-002
   2.3260848151252112E-002
