   1.7761950282900740        1.7397874679697289        1.7082917550726193        1.9228265941708318        1.1718516529218415        4.0044037388266824        18.388165574773318     
   1.7866674289517470        1.7569826944470459        1.7345359645971501        1.9600505852058667        1.1722804709057764        3.9722518340601543        18.503457219996044     
   1.7929182755944022        1.7693491524014620        1.7559305959302958        1.9926853115215390        1.1552885028735238        3.8468754501195450        18.343788617836829     
   1.7958351158342061        1.7777798796558906        1.7731553875653376        2.0213074035980108        1.1235807781125049        3.6494478179558163        18.002818706830190     
   1.7960943907870826        1.7829785347882536        1.7867785558151326        2.0461668077067032        1.0775745965779149        3.3955784177222545        17.593559502607771     
   1.7942128113700411        1.7855031591592916        1.7972637123555066        2.0673678741632724        1.0180933504814293        3.1046215527539056        17.209547862578134     
   1.7905580487190758        1.7857655234218179        1.8049679948712090        2.0849712431806666       0.94654108549312099        2.8153927391187001        16.881668924841815     
   1.7853978981920855        1.7840710416361882        1.8101521025525091        2.0990169990858609       0.86544730663943803        2.5530723363627095        16.580314707684671     
   1.7789224846376572        1.7806429790691101        1.8130090873788838        2.1095738443672509       0.77753150167798346        2.3279627952100221        16.284655394939481     
   1.7712598687250021        1.7756379446145993        1.8136884282106427        2.1167116013212177       0.68523567716582112        2.1336172079383666        15.982797328674961     
   1.7624907409718000        1.7691626470844481        1.8123108554090357        2.1204746835107664       0.59032711306759367        1.9625406451251606        15.673656653746365     
   1.7526541131439519        1.7612858595759184        1.8089823871419111        2.1208429259052952       0.49408466958398539        1.8095415119711273        15.358382388416942     
   1.7417580572712141        1.7520473766160864        1.8037952134520456        2.1178105968110095       0.39765723568230926        1.6708974486248833        15.038689693917334     
   1.7297977046527038        1.7414768066119870        1.7968261191223780        2.1113598935732405       0.30203421253907914        1.5438343833409460        14.716362197852749     
   1.7167506866498714        1.7295849642591699        1.7881317281773530        2.1014651946528784       0.20821529519231335        1.4263533607881156        14.393008523775896     
   1.7025734439624822        1.7163641691452676        1.7777676214336486        2.0880891619980360       0.11718460148576490        1.3170519518857788        14.070006539128714     
   1.6872195102808629        1.7017700352534837        1.7657572809637319        2.0712616499663818        2.9877078088466395E-002   1.2149427913202759        13.748495410287720     
   1.6706144028021890        1.6857759910082815        1.7521100864112811        2.0510126168148672       -5.2797340559586535E-002   1.1193578913658850        13.429398603813082     
   1.6526854057991078        1.6683462455403077        1.7368196068148263        2.0274021062094145      -0.13011517684465099        1.0298121779383163        13.113450544720408     
   1.6333513195248726        1.6494387792655509        1.7198558659884948        2.0005425254038531      -0.20155923850069865       0.94595308237162012        12.801227889038609     
   1.6125221115874935        1.6290156914680143        1.7011926989045640        1.9706590381083133      -0.26673639974016516       0.86752172816702577        12.493170126105294     
   1.5900885910960598        1.6070127459376045        1.6807773126988410        1.9380309848078408      -0.32529613882576586       0.79431720997713706        12.189614262308897     
   1.5659355612511165        1.5833245381122780        1.6585288964732583        1.9028633413415912      -0.37699715426389740       0.72620435487847868        11.890819265792247     
   1.5399669635955693        1.5578249786304859        1.6343448195813715        1.8653519703085135      -0.42170340097606468       0.66307085872621530        11.596976705709150     
   1.5120366667996974        1.5303894492008550        1.6080982308912029        1.8256817893321291      -0.45934524316025344       0.60482629145116673        11.308234284816182     
   1.4820002666315133        1.5008621523671508        1.5796498387928488        1.7840171946747931      -0.48989949902643937       0.55139479679214543        11.024712623721877     
   1.4496412913111618        1.4690652555229453        1.5488377687296142        1.7404823961238085      -0.51337223718852176       0.50270433307666851        10.746505159405633     
   1.4147631821039364        1.4347905693811422        1.5154682205685626        1.6951589308924457      -0.52977646291750735       0.45869036792650769        10.473682921360959     
   1.3771408510327965        1.3978169468857007        1.4793000324484959        1.6480787460688269      -0.53912803532410991       0.41928644446706936        10.206297531558318     
   1.3365125723986335        1.3578912455062675        1.4400597426299984        1.5992261178811782      -0.54147897436599557       0.38441265451571049        9.9443969018781981     
   1.2925843213899246        1.3147302287500560        1.3974345477879189        1.5485503569889152      -0.53687747795519747       0.35397757639458721        9.6880389101062452     
   1.2450451349196756        1.2680104948817015        1.3510552750718090        1.4959289071118922      -0.52539852345170601       0.32787653012408507        9.4372706454959623     
   1.1934923973546454        1.2173686632415952        1.3005190848134855        1.4411815504508616      -0.50720293283607154       0.30598919488833548        9.1921456148472256     
   1.1374749515060660        1.1623725934843403        1.2453438789790934        1.3840613140102187      -0.48253463912648498       0.28818052326774757        8.9527089289530171     
   1.0764833670607838        1.1025118985010121        1.1849470767049353        1.3242399838860526      -0.45161630323050322       0.27429654422383709        8.7190113066985049     
   1.0099349379337625        1.0371733170235515        1.1186651108576067        1.2612894664911023      -0.41422492599739352       0.26416261018592119        8.4911061356870068     
  0.93715701405966967       0.96563234126941067        1.0458424267623168        1.1946635257800662      -0.37072930561477219       0.25759615909100947        8.2690566903599567     
  0.85733302184554061       0.88702338023354643       0.96576693366376354        1.1236823896371206      -0.32142539765727901       0.25440871366560658        8.0529269006739348     
  0.76949132130506581       0.80024484774570126       0.87720085129012282        1.0475049839765276      -0.26723147323030394       0.25440537474948105        7.8427865923827849     
  0.67248747190074831       0.70384862361727696       0.77909785167392087       0.96505639200767412      -0.20931067495284492       0.25740732509628195        7.6387189425039157     
  0.56487057659418172       0.59583716564364086       0.67002110855280883       0.87496369218024517      -0.14824488224913565       0.26317321286041939        7.4408408796386141     
  0.44409346672743266       0.47361197458815352       0.54849865003803344       0.77537275058504551       -8.6675363994481516E-002  0.27143295353800734        7.2493066205037735     
  0.30649180373275819       0.33494898708423282       0.41117071443323361       0.66364684959688747       -2.4706681369058830E-002  0.28173580159592504        7.0642955417291793     
  0.14854710986573608       0.17725906991424958       0.25603434009583748       0.53656458583250433        3.8529973167380382E-002  0.29355572070990504        6.8860370948635579     
  -3.3067974079028138E-002  -3.5366709911137540E-003   7.9081848407493174E-002  0.38910448268157738       0.11056587445430868       0.30686373274442541        6.7148153967098665     
  -1.3543219135087192E-002   1.2615648161465765E-002   9.1465027433910412E-002  0.40579818595068806       0.27080727973249641       0.33283374225226359        6.5510552118263456     
  -3.8557493501481018E-003   1.9756682463973649E-002   9.4360569891879520E-002  0.41202205153974042       0.42308863642443961       0.36170090121883386        6.3919332839804452     
   1.7064554487670309E-003   2.1790861278176012E-002   9.0581162791270611E-002  0.40771052870094182       0.56591238011745615       0.39345790437688577        6.2372295121300567     
   4.6741053285689737E-003   2.1181200004551693E-002   8.2571627529594835E-002  0.39353825480852905       0.69777991538726070       0.42810975969663112        6.0867200124972420     
   5.5284033387445987E-003   1.9043577223324205E-002   7.2332040243745219E-002  0.37083441988793825       0.81715940309782142       0.46567233667312352        5.9402414128287679     
   5.1214213306849518E-003   1.6002401038344483E-002   6.1259745951821903E-002  0.34127972618360969       0.92251057673208336       0.50621058437792921        5.7977541547006606     
   4.0876549868264040E-003   1.2556790601110571E-002   5.0229138668507006E-002  0.30675329695107711        1.0126249689487399       0.54983345523932836        5.6593373368635493     
   2.9339788723632397E-003   9.2273498157077888E-003   3.9765106502370286E-002  0.26917197202603799        1.0859677421666742       0.59676903174327500        5.5250533477840946     
   1.9500872492772985E-003   6.3859415934299666E-003   3.0250792781014592E-002  0.23039635914239534        1.1401529539705419       0.64737092977813548        5.3949611382165701     
   1.2346102833282642E-003   4.1948498652405143E-003   2.2033938257303685E-002  0.19215451119664351        1.1732129445548380       0.70200863647052347        5.2692198173530240     
   7.5215214630680865E-004   2.6418507141144766E-003   1.5337401763645411E-002  0.15593364931923701        1.1838453118370535       0.76124731020225411        5.1481147031310384     
   4.4757629673587539E-004   1.6033922433324596E-003   1.0202221687007651E-002  0.12286387324864467        1.1712090232580756       0.82585895505974238        5.0319213465133608     
   2.7376730542726183E-004   9.4857593441120803E-004   6.4894049412155663E-003   9.3772253768517097E-002   1.1350630270342750       0.89684105489479660        4.9207991666126336     
   1.8737291386560590E-004   5.6585688455133452E-004   3.9607103457287834E-003   6.9066628349839065E-002   1.0759624375176708       0.97547122499845729        4.8148245391333688     
   1.5108796219389056E-004   3.6454792434482557E-004   2.3391349698701084E-003   4.8729308666989823E-002  0.99547077584669441        1.0632930746931191        4.7140268806866370     
   1.3849736967884050E-004   2.7238806435432936E-004   1.3673692265232136E-003   3.2816821701838757E-002  0.89637411125808852        1.1621788179527415        4.6183817904151212     
   1.3503025410127221E-004   2.3693656994366993E-004   8.3114879638169462E-004   2.0989857814438240E-002  0.78282177578828771        1.2742998103529080        4.5278073837794066     
   1.3435637824675163E-004   2.2596215812717793E-004   5.6509438594255280E-004   1.2753119256368017E-002  0.66017141609743735        1.4018814235179595        4.4421257984386928     
   1.3431796205252980E-004   2.2352257540630288E-004   4.4930188475957722E-004   7.5141232792024252E-003  0.53470199547155828        1.5454429625541251        4.3610784710632515     
   1.3435574066774972E-004   2.2328435253583280E-004   4.0556447861062300E-004   4.3662249393862521E-003  0.41341161103227808        1.7046693653288085        4.2843382914058195     
   1.3437243419474744E-004   2.2333064269650893E-004   3.9049259965420643E-004   2.6149488648790449E-003  0.30333584350795462        1.8769146542644821        4.2115306633523275     
   1.3436892272660316E-004   2.2327871139974620E-004   3.8449460709260398E-004   1.7037108654470300E-003  0.21011095838667451        2.0536914231677064        4.1422304058092259     
   1.3435740570236863E-004   2.2313535967719673E-004   3.8066711211926169E-004   1.2467942834707836E-003  0.13634429410779036        2.2208280363408073        4.0759160644148595     
   1.3434626022798126E-004   2.2296932163660521E-004   3.7735445704320601E-004   1.0101466515235718E-003   8.2687997558923684E-002   2.3578235501091065        4.0119734408700483     
   1.3433865041640884E-004   2.2283170815888160E-004   3.7446752583475905E-004   8.7182531882833928E-004   4.7115429527662657E-002   2.4377683056200361        3.9495534765422109     
   1.3433446808014556E-004   2.2274086956822889E-004   3.7220583569663415E-004   7.7922643620329868E-004   2.6118407804087307E-002   2.4297369769455606        3.8873136965918662     
   1.3433251304415994E-004   2.2269105820503106E-004   3.7066614938416478E-004   7.1366186833465568E-004   1.4649861557759131E-002   2.3015971342693207        3.8235011380972783     
   1.3433169119994660E-004   2.2266806218500566E-004   3.6976796092113922E-004   6.6863071589478402E-004   8.6895845306141830E-003   2.0341366430400512        3.7556865397414638     
   1.3433130690940884E-004   2.2265913785391245E-004   3.6932094505930834E-004   6.4016498731529130E-004   5.4878938563636568E-003   1.6505631032290795        3.6808357069722639     
   1.3433099640897093E-004   2.2265613592807048E-004   3.6913420820456407E-004   6.2417403902331661E-004   3.5944048676634852E-003   1.2151200710609933        3.5954748113993560     
   1.3433057825241500E-004   2.2265489159966039E-004   3.6907106888188170E-004   6.1636242239698877E-004   2.4064340784513303E-003  0.80462773958777301        3.4963951310610519     
   1.3432991070414790E-004   2.2265370108432263E-004   3.6905374310402568E-004   6.1312379966344682E-004   1.6871548485793047E-003  0.47859514405294906        3.3824645649789384     
   1.3432876465848789E-004   2.2265179319943518E-004   3.6904790683104158E-004   6.1203147091861462E-004   1.2979604566727991E-003  0.25969101188328242        3.2604335963142956     
   1.3432661169317546E-004   2.2264822489386030E-004   3.6904168967287504E-004   6.1174430364390690E-004   1.1170727711709069E-003  0.13437925425291844        3.1570509585286803     
   1.3432186375323630E-004   2.2264035771953758E-004   3.6902863712301676E-004   6.1167308912993994E-004   1.0461188763850016E-003   6.9596053371261332E-002   3.1166734997460126     
   1.3430657386896000E-004   2.2261502440636691E-004   3.6898668529571950E-004   6.1159752857738745E-004   1.0223379184448641E-003   3.5275384900685172E-002   3.1364272949543173     
