  0.98825504579340251       0.97836012918552551       0.96891102954066255       0.94040653363940385       0.79497753656690617       0.90476787526228619       0.99996361141315204     
  0.99118202886255680       0.98376067269072442       0.97272932090824793       0.94440976997675230       0.79514101767418943       0.90096708470810960       0.99995978427072119     
  0.99338347020565987       0.98751096957860973       0.97605372653750433       0.94808910947381841       0.79262426253606499       0.90494218490178913       0.99995579115360511     
  0.99497954812868417       0.98978266910653179       0.97909346156353294       0.95144762240411784       0.78364941408567379       0.90135660750937441       0.99995159314216120     
  0.99631591578114076       0.99159678208924040       0.98161127255653113       0.95444928334884882       0.76709055294743422       0.89682924443473844       0.99995466632177055     
  0.99713624386989164       0.99305234527531849       0.98378212148748867       0.95670299416269788       0.74255094649291975       0.89505657954118745       0.99995052896031078     
  0.99775347346597065       0.99422273078934709       0.98566461052125631       0.95814550634946194       0.72225938473792339       0.89281734430825110       0.99994611610579864     
  0.99821893839657538       0.99516768612548734       0.98728715230185304       0.95926437469305503       0.70226849927200807       0.88744454006130391       0.99994136347330442     
  0.99857240216045229       0.99593373156546072       0.98861628037399696       0.96021330359899293       0.67326678650918326       0.88277453957583896       0.99993619562192049     
  0.99884161762927204       0.99655804021362826       0.98970882957869932       0.95916951087015623       0.65386299459555863       0.87654486215646688       0.99993052621648926     
  0.99904853880514355       0.99706890928202663       0.99018118130736987       0.95848526366267905       0.63481552983129208       0.86900945644585903       0.99993545571830844     
  0.99921132023344350       0.99746402902323195       0.98991988804640718       0.95624341752661624       0.61563222997116707       0.86027068466948231       0.99992977513318970     
  0.99933952200455300       0.99777247665287117       0.98954419069137123       0.95471998434729544       0.59618731610644626       0.85237528716081767       0.99992349029566685     
  0.99944126094380503       0.99801126195327805       0.98933983354728194       0.95288076587380510       0.57780901368287230       0.84541387767207521       0.99991650387369524     
  0.99952275476785846       0.99815524001167377       0.98891622929547973       0.95173428489873380       0.55737684431288748       0.83243763769774071       0.99990870920941011     
  0.99958813836789473       0.99814750791765428       0.98830170458968980       0.94867381266745610       0.53658091863635138       0.81776781646259689       0.99991623957143805     
  0.99958685855149898       0.99805284559454766       0.98701648634299910       0.94643729939644961       0.51582699612247906       0.81433188582851812       0.99990852075101555     
  0.99955856950327837       0.99712719520975213       0.98584109815141807       0.94436329558809873       0.49467165155959647       0.80625864666736013       0.99989990225822856     
  0.99949140324594254       0.99670964510489002       0.98495572728185188       0.94105491622167836       0.47436936707877153       0.80467388528319606       0.99989025680444277     
  0.99930276566970622       0.99372951744547744       0.98165224679993202       0.93787618395812400       0.45399978161353471       0.78999200882633791       0.99990062438663385     
  0.99839551016455852       0.99274430989059004       0.98066419266287452       0.92690775444531925       0.43444683141965074       0.77261653793445217       0.99989120836357959     
  0.99799370781663210       0.99189246399439623       0.97945250995840893       0.92280430479823161       0.41591194352848093       0.75589493137442487       0.99988062775225384     
  0.99755534222108533       0.99098668899736331       0.97781309011156403       0.91853094142414682       0.39940613743500702       0.73880020572109584       0.99986864994212477     
  0.99614281739536514       0.99011103578213144       0.97616937672247928       0.90212381396414520       0.38316466170041880       0.71932871878304816       0.99988273443487341     
  0.99373337764599834       0.98853589293643185       0.97468424397699982       0.89599084111795113       0.36836213887132130       0.69933158730220180       0.99987080199990364     
  0.99287161168318794       0.98760064858857111       0.97209968388206835       0.89024945830707947       0.35541753671619325       0.69292659535068890       0.99985677916389293     
  0.99209575065317279       0.98642832558711457       0.96909247350170069       0.88319752318501088       0.34293670344212634       0.68439797207832154       0.99983999384945221     
  0.99071134554916318       0.98501804114360292       0.96769342451732643       0.87750495116868366       0.33502701419027503       0.66566524988420428       0.99985853725746410     
  0.98995800975071868       0.98144619280372025       0.96548573164473839       0.87224778149222548       0.34023768947674837       0.64697916312972559       0.99984065632832031     
  0.98830870491963718       0.98028539092056066       0.96312826810162955       0.86698099040064602       0.33234622601351221       0.67401363492978139       0.99981906495396311     
  0.98698064636214078       0.97881529333094641       0.96108725005591333       0.86238403686281428       0.32780523640952602       0.66731146878550229       0.99979343857944214     
  0.98368534174817246       0.97583527243567092       0.95961763520506771       0.85783841541174610       0.33228791252556750       0.66555456269332314       0.99981926963312395     
  0.98115835608193724       0.97320099927724313       0.95819547674804395       0.85382057451884408       0.33139814987573241       0.65406666618342302       0.99979391360253422     
  0.97964944072492965       0.97225596634979106       0.95161932070779842       0.85010323476059635       0.32817600278789166       0.64242906298414360       0.99976571835067107     
  0.97707242157784502       0.97004707791211486       0.94908765573153075       0.84647283069717538       0.35606751127398550       0.63185389506844047       0.99979886552156916     
  0.97619025690672023       0.96749364838152430       0.94565760734891746       0.83855117151722713       0.35269115799226020       0.62303466166850141       0.99977411888989898     
  0.97297699995866349       0.96373569213031141       0.94271930909445290       0.83578709759547498       0.35226961850242272       0.62138800499469926       0.99974879642830050     
  0.96986198641424137       0.96211520284668950       0.93475033319983214       0.82874080647586146       0.36746762524181403       0.61533727164010477       0.99979057426572904     
  0.96386527710061176       0.95689064296282067       0.93072434682377725       0.82566761404317335       0.36715089423009994       0.61122109176373607       0.99977173527664864     
  0.96210874788791234       0.95467045742630807       0.92621247576957499       0.81525102138561301       0.36605506853943259       0.62583726078646518       0.99975452527226882     
  0.95971613688488211       0.95189163891650475       0.91161840858870369       0.81305236607660214       0.37520118721064777       0.62605360173147717       0.99980383891226832     
  0.95227667968662555       0.93594163758051885       0.90637130645019448       0.81374738035780247       0.38522677615691325       0.63451556818704713       0.99979468127001014     
  0.94358787504681074       0.92589605704905176       0.90751254671281711       0.80928352962175421       0.43717420640233334       0.65920127037471121       0.99978858619024069     
  0.94795017409824422       0.92933553324232510       0.89807550852276319       0.82815032328934146       0.45020044192219938       0.69189852425328369       0.99984160436972302     
  0.92994648586728834       0.91326006159771678       0.91713538989609522       0.82431252699179236       0.48638212900167677       0.72207107597396047       0.99984268517436403     
  0.95593374741353920       0.93964490661346090       0.93680761101635368       0.85004175829578754       0.50838470216460907       0.72581181245263393       0.99984644190651439     
  0.96902187496150716       0.95772708193195133       0.95279737428985056       0.87452996449681875       0.53227000311554273       0.73100365729957173       0.99989425719433356     
  0.97834240663578198       0.96999828258676435       0.96514717743253742       0.89672917142096720       0.55788996211762665       0.73767474665634547       0.99990155194081509     
  0.98619463287725706       0.97920790438590521       0.97464880956305211       0.91643112378986835       0.58511225375828968       0.74583988829640779       0.99991064478508374     
  0.99161922708869843       0.98626094694802668       0.98203836578389181       0.93356447742769477       0.61381832200700714       0.75549699816984595       0.99994598897086617     
  0.99532496385300218       0.99144431586956994       0.98773716745190665       0.94814743405907342       0.64389236907571246       0.76662937962372857       0.99995449200939812     
  0.99765683359066237       0.99503713859201903       0.99199921082060627       0.96031073713694559       0.67518537585984484       0.77919929073833982       0.99996319763714536     
  0.99895133472797681       0.99736403919714156       0.99473852590208200       0.97026809608278475       0.70746598676646122       0.79535841493676651       0.99998196573841347     
  0.99955586174544697       0.99872355259216850       0.99689848572221706       0.97826760105148558       0.74039728498618695       0.86721083136452259       0.99998722989086608     
  0.99982421266384858       0.99942718340021619       0.99763003566206176       0.98455813580444174       0.77353818642185201       0.87904320079981524       0.99999508510801838     
  0.99993906819194167       0.99976252849153113       0.99856169274450968       0.98937522329550720       0.86311974851045525       0.89117174111318420       0.99999718959732997     
  0.99998267331953106       0.99990768784040174       0.99926384160815018       0.99294150377924417       0.89434105670771025       0.90335288117502144       0.99999858483799875     
  0.99999570185490994       0.99996565123316117       0.99961528401992228       0.99547162591430538       0.91612249965793291       0.91531722508622904       0.99999967602242201     
  0.99999860995235612       0.99998603222594917       0.99981827377478316       0.99717682937341912       0.93530371371417664       0.92678615044068946       0.99999987901447274     
  0.99999922748568582       0.99999258839905469       0.99990556250196505       0.99826204700295318       0.95159819315756622       0.93749317584194214       0.99999996205382014     
  0.99999947449342230       0.99999508897174627       0.99994191867748017       0.99891496445088268       0.96488910124767036       0.94721276215842409       0.99999999586107535     
  0.99999964445693801       0.99999653493241014       0.99995999403793689       0.99929315914403793       0.97525214600043053       0.96673108389555218       0.99999999931111649     
  0.99999977233057169       0.99999759904615104       0.99997005708929865       0.99951726814914321       0.98294636181307538       0.97161857604140545       0.99999999992867572     
  0.99999986582477529       0.99999841451102767       0.99997843949083265       0.99966149060010645       0.98838039367928410       0.97595594763560134       0.99999999999868550     
  0.99999992964380580       0.99999902809332042       0.99998529091172861       0.99976364795898154       0.99205055651797902       0.97989387335572120       0.99999999999996658     
  0.99999996856945739       0.99999946523640981       0.99999044779421664       0.99983955570488459       0.99446301707566787       0.98358958670637331       0.99999999999999845     
  0.99999998869792273       0.99999974776499068       0.99999425065014769       0.99989531722061087       0.99608532625188839       0.98718269951978344        1.0000000000000016     
  0.99999999692210573       0.99999990354648349       0.99999690939883801       0.99993487921154500       0.99726689962746395       0.99075811902510935        1.0000000000000000     
  0.99999999940900774       0.99999997194102297       0.99999859132877389       0.99996199398339036       0.99818570032406562       0.99391685605298996       0.99999999999999989     
  0.99999999992566690       0.99999999421509811       0.99999948975613173       0.99997990538245252       0.99888413395729791       0.99639431743051343        1.0000000000000000     
  0.99999999999432354       0.99999999921648486       0.99999986336291102       0.99999089656313145       0.99936879980327709       0.99818937316306544       0.99999999999999944     
  0.99999999999975620       0.99999999993596178       0.99999997506646254       0.99999670754489933       0.99966938274156847       0.99911971909421038        1.0000000000000036     
  0.99999999999999512       0.99999999999712552       0.99999999716271626       0.99999910673421311       0.99983848403652875       0.99957040281922327        1.0000000000000024     
   1.0000000000000000       0.99999999999993661       0.99999999981967269       0.99999982495468798       0.99992572370834609       0.99983108004542609       0.99999999999999956     
  0.99999999999999922       0.99999999999999922       0.99999999999449396       0.99999997508515204       0.99997426533148970       0.99997030238070306       0.99999999999999833     
   1.0000000000000002        1.0000000000000002       0.99999999999993672       0.99999999819089136       0.99999415258650837       0.99999676438253116       0.99999999999999922     
  0.99999999999999933       0.99999999999999989       0.99999999999999989       0.99999999992926103       0.99999809459091638       0.99999955670182783       0.99999999999999989     
  0.99999999999999956        1.0000000000000004       0.99999999999999867       0.99999999999970013       0.99999990174822384       0.99999999684635721        1.0000000000000004     
  0.99999999999999944       0.99999999999999933       0.99999999999999978       0.99999999999999800       0.99999999997791067       0.99999999999988465       0.99999999999999867     
  0.99999999999999911       0.99999999999999933        1.0000000000000004       0.99999999999999989       0.99999999999999944        1.0000000000000004       0.99999999999999745     
   1.0000000000000000        1.0000000000000000       0.99999999999999978        1.0000000000000002        1.0000000000000004       0.99999999999999978        1.0000000000000002     
