   1.1277234346659338E-004   1.0655666542114081E-003   4.1687228104965481E-003   6.5604178601867333E-003   4.1687228104965524E-003   1.0655666542114008E-003   1.1277234346659204E-004
   1.1267232542392736E-004   1.0646216007718058E-003   4.1650255609484372E-003   6.5545994109706017E-003   4.1650255609484172E-003   1.0646216007718077E-003   1.1267232542392553E-004
   1.1256830665955422E-004   1.0636387451946300E-003   4.1611804214183850E-003   6.5485482237857854E-003   4.1611804214183876E-003   1.0636387451946297E-003   1.1256830665955353E-004
   1.1246028717347501E-004   1.0626180874798690E-003   4.1571873919064393E-003   6.5422642986323566E-003   4.1571873919064089E-003   1.0626180874798693E-003   1.1246028717347478E-004
   1.1235169615572391E-004   1.0615920294597386E-003   4.1531732352541725E-003   6.5359471251976789E-003   4.1531732352541638E-003   1.0615920294597344E-003   1.1235169615572325E-004
   1.1224424820131691E-004   1.0605767720503485E-003   4.1492013328825105E-003   6.5296964483254503E-003   4.1492013328824707E-003   1.0605767720503389E-003   1.1224424820131647E-004
   1.1213737177858206E-004   1.0595669149463230E-003   4.1452505576510586E-003   6.5234790197345061E-003   4.1452505576510543E-003   1.0595669149463193E-003   1.1213737177858187E-004
   1.1203106688752013E-004   1.0585624581476646E-003   4.1413209095599261E-003   6.5172948394247830E-003   4.1413209095599104E-003   1.0585624581476685E-003   1.1203106688752031E-004
   1.1192304740144118E-004   1.0575418004329070E-003   4.1373278800479413E-003   6.5110109142713117E-003   4.1373278800479404E-003   1.0575418004328996E-003   1.1192304740144084E-004
   1.1181102719365471E-004   1.0564833405805579E-003   4.1331869605540326E-003   6.5044942511492615E-003   4.1331869605540561E-003   1.0564833405805598E-003   1.1181102719365492E-004
   1.1169386320081886E-004   1.0553762779798883E-003   4.1288558967976959E-003   6.4976783534960586E-003   4.1288558967976768E-003   1.0553762779798874E-003   1.1169386320081793E-004
   1.1156926929624089E-004   1.0541990114094331E-003   4.1242501802177456E-003   6.4904302281867960E-003   4.1242501802177273E-003   1.0541990114094249E-003   1.1156926929623972E-004
   1.1143838854326593E-004   1.0529623414798992E-003   4.1194120650947831E-003   6.4828163717839810E-003   4.1194120650947788E-003   1.0529623414798994E-003   1.1143838854326577E-004
   1.1129950634687920E-004   1.0516500672752066E-003   4.1142781700079442E-003   6.4747370394438340E-003   4.1142781700079503E-003   1.0516500672752016E-003   1.1129950634687882E-004
   1.1115262270707806E-004   1.0502621887953417E-003   4.1088484949572705E-003   6.4661922311664418E-003   4.1088484949572983E-003   1.0502621887953413E-003   1.1115262270707760E-004
   1.1099773762386431E-004   1.0487987060403183E-003   4.1031230399427585E-003   6.4571819469516865E-003   4.1031230399427706E-003   1.0487987060403109E-003   1.1099773762386383E-004
   1.1083370803389249E-004   1.0472488183993819E-003   4.0970595506838511E-003   6.4476396902372456E-003   4.0970595506838450E-003   1.0472488183993778E-003   1.1083370803389193E-004
   1.1065939087381827E-004   1.0456017252618056E-003   4.0906157728999764E-003   6.4374989644605252E-003   4.0906157728999894E-003   1.0456017252618026E-003   1.1065939087381731E-004
   1.1047364308029484E-004   1.0438466260168421E-003   4.0837494523106163E-003   6.4266932730591081E-003   4.0837494523106362E-003   1.0438466260168386E-003   1.1047364308029500E-004
   1.1027417852663572E-004   1.0419619194430197E-003   4.0763760803546548E-003   6.4150896229080564E-003   4.0763760803546427E-003   1.0419619194430188E-003   1.1027417852663550E-004
   1.1006042568116729E-004   1.0399422052349745E-003   4.0684745298918230E-003   6.4026547657261169E-003   4.0684745298918057E-003   1.0399422052349756E-003   1.1006042568116692E-004
   1.0983066994887236E-004   1.0377712824765975E-003   4.0599814195012964E-003   6.3892889566696340E-003   4.0599814195012764E-003   1.0377712824765932E-003   1.0983066994887141E-004
   1.0958319673473340E-004   1.0354329502517720E-003   4.0508333677622332E-003   6.3748924508947955E-003   4.0508333677622028E-003   1.0354329502517651E-003   1.0958319673473238E-004
   1.0931743450707852E-004   1.0329218082551295E-003   4.0410092475343428E-003   6.3594320001205129E-003   4.0410092475343428E-003   1.0329218082551297E-003   1.0931743450707761E-004
   1.0903338326590776E-004   1.0302378564866820E-003   4.0305090588176884E-003   6.3429076043466223E-003   4.0305090588176806E-003   1.0302378564866833E-003   1.0903338326590705E-004
   1.0872989994787583E-004   1.0273702943356918E-003   4.0192905473316800E-003   6.3252527670108185E-003   4.0192905473316835E-003   1.0273702943356868E-003   1.0872989994787499E-004
   1.0840412689462141E-004   1.0242921202752910E-003   4.0072480773749621E-003   6.3063012467068002E-003   4.0072480773749430E-003   1.0242921202752958E-003   1.0840412689462053E-004
   1.0805377797945502E-004   1.0209817330840254E-003   3.9942971403863926E-003   6.2859200503096986E-003   3.9942971403863882E-003   1.0209817330840264E-003   1.0805377797945392E-004
   1.0767771013903096E-004   1.0174283321511533E-003   3.9803954820854422E-003   6.2640426812569832E-003   3.9803954820854508E-003   1.0174283321511520E-003   1.0767771013903050E-004
   1.0727592337335023E-004   1.0136319174766750E-003   3.9655431024721612E-003   6.2406691395487032E-003   3.9655431024721490E-003   1.0136319174766683E-003   1.0727592337335006E-004
   1.0684441696070706E-004   1.0095546869229933E-003   3.9495921115645354E-003   6.2155666872161838E-003   3.9495921115645545E-003   1.0095546869229913E-003   1.0684441696070576E-004
   1.0638090477441015E-004   1.0051750392686477E-003   3.9324580008015374E-003   6.1886023311344971E-003   3.9324580008015452E-003   1.0051750392686453E-003   1.0638090477440887E-004
   1.0588081456108052E-004   1.0004497720706750E-003   3.9139717530609162E-003   6.1595100850537999E-003   3.9139717530609387E-003   1.0004497720706705E-003   1.0588081456107962E-004
   1.0534071713068480E-004   9.9534648349686584E-004   3.8940066055010926E-003   6.1280904592866175E-003   3.8940066055011000E-003   9.9534648349686476E-004   1.0534071713068402E-004
   1.0475604022984448E-004   9.8982197110426265E-004   3.8723935409997901E-003   6.0940774675831127E-003   3.8723935409997901E-003   9.8982197110426416E-004   1.0475604022984303E-004
   1.0412221160517813E-004   9.8383303244992115E-004   3.8489635424348374E-003   6.0572051236933780E-003   3.8489635424348552E-003   9.8383303244992245E-004   1.0412221160517794E-004
   1.0343351593996523E-004   9.7732566448014346E-004   3.8235053384034941E-003   6.0171409448050786E-003   3.8235053384035153E-003   9.7732566448013717E-004   1.0343351593996451E-004
   1.0268423791747970E-004   9.7024586414123969E-004   3.7958076575030269E-003   5.9735524481058320E-003   3.7958076575030264E-003   9.7024586414123785E-004   1.0268423791747906E-004
   1.0186866222099932E-004   9.6253962837951465E-004   3.7656592283306428E-003   5.9261071507833440E-003   3.7656592283306298E-003   9.6253962837951649E-004   1.0186866222099814E-004
   1.0098335966048808E-004   9.5417455536276751E-004   3.7329332880447035E-003   5.8746055631501409E-003   3.7329332880447178E-003   9.5417455536276480E-004   1.0098335966048770E-004
   1.0002318645089598E-004   9.4510204234266168E-004   3.6974396923827374E-003   5.8187484506751598E-003   3.6974396923827530E-003   9.4510204234266081E-004   1.0002318645089544E-004
   9.8981855743826799E-005   9.3526268596014499E-004   3.6589460428017389E-003   5.7581700822647887E-003   3.6589460428017662E-003   9.3526268596014032E-004   9.8981855743826176E-005
   9.7854223754228106E-005   9.2460788346688779E-004   3.6172621950392009E-003   5.6925712233879319E-003   3.6172621950392283E-003   9.2460788346688258E-004   9.7854223754227442E-005
   9.6625430658619433E-005   9.1299722692329919E-004   3.5718388434480240E-003   5.6210874187324639E-003   3.5718388434480401E-003   9.1299722692329821E-004   9.6625430658618525E-005
   9.5282331228534943E-005   9.0030650930589154E-004   3.5221900638018320E-003   5.5429539578299523E-003   3.5221900638018507E-003   9.0030650930589013E-004   9.5282331228534428E-005
   9.3815209425545315E-005   8.8644392542338733E-004   3.4679566947159973E-003   5.4576056198994399E-003   3.4679566947159964E-003   8.8644392542337985E-004   9.3815209425544827E-005
   9.2212634616203139E-005   8.7130146916839565E-004   3.4087161933849695E-003   5.3643774393161755E-003   3.4087161933849751E-003   8.7130146916839283E-004   9.2212634616201756E-005
   9.0475749863850704E-005   8.5488994115167315E-004   3.3445108140893300E-003   5.2633359126426915E-003   3.3445108140893187E-003   8.5488994115167001E-004   9.0475749863849932E-005
   8.8614842738593932E-005   8.3730654686984835E-004   3.2757208453540344E-003   5.1550795089411808E-003   3.2757208453540122E-003   8.3730654686984835E-004   8.8614842738593349E-005
   8.6646487658930080E-005   8.1870789517863262E-004   3.2029589742469966E-003   5.0405724283674562E-003   3.2029589742470143E-003   8.1870789517863023E-004   8.6646487658929660E-005
   8.4580972194962304E-005   7.9919119157466454E-004   3.1266054892932571E-003   4.9204131399837531E-003   3.1266054892932502E-003   7.9919119157466551E-004   8.4580972194961179E-005
   8.2408580308260159E-005   7.7866463086667800E-004   3.0463012291080996E-003   4.7940364230091249E-003   3.0463012291080914E-003   7.7866463086667421E-004   8.2408580308259468E-005
   8.0117309833703675E-005   7.5701480664191166E-004   2.9616025237457215E-003   4.6607440635375577E-003   2.9616025237457102E-003   7.5701480664190873E-004   8.0117309833703052E-005
   7.7705446176276131E-005   7.3422551798426380E-004   2.8724459917853361E-003   4.5204363167254142E-003   2.8724459917853257E-003   7.3422551798426434E-004   7.7705446176275480E-005
   7.5174703930994314E-005   7.1031296580984643E-004   2.7788950146477600E-003   4.3732129274163560E-003   2.7788950146477574E-003   7.1031296580984296E-004   7.5174703930993298E-005
   7.2520510844478579E-005   6.8523394767569328E-004   2.6807805752107842E-003   4.2188079093604955E-003   2.6807805752107733E-003   6.8523394767569480E-004   7.2520510844478010E-005
   6.9733722409972098E-005   6.5890205869591049E-004   2.5777646392300098E-003   4.0566892900581108E-003   2.5777646392300068E-003   6.5890205869591234E-004   6.9733722409971420E-005
   6.6805194120715753E-005   6.3123089398459185E-004   2.4695091724610410E-003   3.8863250970094148E-003   2.4695091724610606E-003   6.3123089398458795E-004   6.6805194120715536E-005
   6.3729210659987107E-005   6.0216645048803675E-004   2.3558029035011586E-003   3.7073828474020643E-003   2.3558029035011486E-003   6.0216645048803729E-004   6.3729210659986565E-005
   6.0502914369423159E-005   5.7168172667940935E-004   2.2365401966489176E-003   3.5196962998298646E-003   2.2365401966489258E-003   5.7168172667940935E-004   6.0502914369422630E-005
   5.7128591375713481E-005   5.3979832378018352E-004   2.1118055604654896E-003   3.3233984474177916E-003   2.1118055604654753E-003   5.3979832378017809E-004   5.7128591375713345E-005
   5.3613100058927449E-005   5.0658104545478076E-004   1.9818525206341310E-003   3.1188882695406379E-003   1.9818525206341236E-003   5.0658104545478369E-004   5.3613100058926690E-005
   4.9971300242545439E-005   4.7217029964280959E-004   1.8472303828019911E-003   2.9070302215105210E-003   1.8472303828019972E-003   4.7217029964280834E-004   4.9971300242545479E-005
   4.6226624725136403E-005   4.3678749886439993E-004   1.7088053597203732E-003   2.6891874828580912E-003   1.7088053597203716E-003   4.3678749886439625E-004   4.6226624725136139E-005
   4.2409936217007897E-005   4.0072425960947582E-004   1.5677183169640963E-003   2.4671554607700202E-003   1.5677183169641045E-003   4.0072425960947718E-004   4.2409936217007409E-005
   3.8556669681847060E-005   3.6431540081093250E-004   1.4252791372302324E-003   2.2429955486829227E-003   1.4252791372302313E-003   3.6431540081093347E-004   3.8556669681846755E-005
   3.4703974678358751E-005   3.2791194231775959E-004   1.2828610846366362E-003   2.0188688848770528E-003   1.2828610846366392E-003   3.2791194231775970E-004   3.4703974678358419E-005
   3.0893001486953841E-005   2.9190270611652996E-004   1.1419853132831196E-003   1.7971693456013415E-003   1.1419853132831181E-003   2.9190270611653040E-004   3.0893001486953617E-005
   2.7166614983060523E-005   2.5669271510993073E-004   1.0042363586902951E-003   1.5803905519484369E-003   1.0042363586902972E-003   2.5669271510993106E-004   2.7166614983060455E-005
   2.3570537700469124E-005   2.2271399372748743E-004   8.7130439208016558E-004   1.3711923664171343E-003   8.7130439208016341E-004   2.2271399372748727E-004   2.3570537700469104E-005
   2.0151635236314428E-005   1.9040936700946898E-004   7.4492183895527543E-004   1.1723011480687039E-003   7.4492183895527564E-004   1.9040936700946755E-004   2.0151635236314306E-005
   1.6953343997696947E-005   1.6018925816392582E-004   6.2669436197652808E-004   9.8624376627704045E-004   6.2669436197652592E-004   1.6018925816392541E-004   1.6953343997696819E-005
   1.4015099670010549E-005   1.3242628826132827E-004   5.1807973382289217E-004   8.1531435244734250E-004   5.1807973382288935E-004   1.3242628826132808E-004   1.4015099670010489E-005
   1.1367764963563730E-005   1.0741207379160853E-004   4.2021882006921629E-004   6.6130831376631598E-004   4.2021882006921396E-004   1.0741207379160845E-004   1.1367764963563698E-005
   9.0330580819067511E-006   8.5351826358791497E-005   3.3391445204595014E-004   5.2548908492089830E-004   3.3391445204594954E-004   8.5351826358791687E-005   9.0330580819066919E-006
   7.0206950634699448E-006   6.6337351154153768E-005   2.5952579113776867E-004   4.0842188669208023E-004   2.5952579113776980E-004   6.6337351154153565E-005   7.0206950634699067E-006
   5.3329620349428694E-006   5.0390249399170393E-005   1.9713734590577362E-004   3.1023971220480237E-004   1.9713734590577457E-004   5.0390249399170244E-005   5.3329620349428321E-006
   3.9572852995331957E-006   3.7391714375721049E-005   1.4628431926391332E-004   2.3021109927189447E-004   1.4628431926391367E-004   3.7391714375721259E-005   3.9572852995331881E-006
   2.8668028686393168E-006   2.7087931731458341E-005   1.0597373561926489E-004   1.6677337867530631E-004   1.0597373561926516E-004   2.7087931731458402E-005   2.8668028686392829E-006
   2.0289374369357144E-006   1.9171084060342430E-005   7.5001347976154668E-005   1.1803139838463720E-004   7.5001347976154479E-005   1.9171084060342315E-005   2.0289374369356978E-006
   1.4025387240113392E-006   1.3252349375797200E-005   5.1846002234783998E-005   8.1591282150957436E-005   5.1846002234783930E-005   1.3252349375797220E-005   1.4025387240113271E-006
