  0.57401355126505071       0.58243057705909962       0.59420076780554387       0.60524236889419791       0.58363002352224125       0.51639834649200467       0.51677747288326281     
  0.56846926424852073       0.57602402817874798       0.58733950891674380       0.60030642374312682       0.58665904432146487       0.53318670773267396       0.54934430598746264     
  0.56434228084282978       0.57097005685401492       0.58160053175616122       0.59530079969129857       0.58825705426325003       0.54848119242193316       0.58150427526865345     
  0.56131616429327758       0.56701505242824668       0.57678519076768719       0.59061382117315508       0.58920025276317689       0.56297969378918344       0.61363250417792270     
  0.55909317583389595       0.56392241876796678       0.57275830549468265       0.58633970171964211       0.58981526517788452       0.57697831129753463       0.64576875017264468     
  0.55746108482929546       0.56150072450325117       0.56939821690664483       0.58255344443012869       0.59026701448625507       0.59063237055547912       0.67779289694745681     
  0.55627459599384776       0.55960753356890069       0.56660476001071491       0.57924496032352402       0.59065273805331853       0.60403406706572549       0.70946206717031124     
  0.55542474343450754       0.55814286565619586       0.56429188545565157       0.57637160667804510       0.59103922846745849       0.61724446891324369       0.74044649120919770     
  0.55482383678223512       0.55702959667850216       0.56238559177077951       0.57387735951302943       0.59146477867524294       0.63029499507207121       0.77036171018430910     
  0.55440315890914149       0.55618889588128118       0.56082249597700384       0.57171130842633267       0.59195471639616903       0.64320250187262462       0.79881178163300814     
  0.55411041164271913       0.55555631800002958       0.55955243756890838       0.56983034221640538       0.59252857787940882       0.65597553630819039       0.82543566086677644     
  0.55390647431553386       0.55507844457610933       0.55851795595793219       0.56818932343895556       0.59319909036085550       0.66861498436928790       0.84994019874083759     
  0.55376434844354094       0.55471298087475829       0.55767766637792360       0.56676003853397416       0.59398680282999694       0.68112687368787650       0.87213826798281635     
  0.55366516384156605       0.55442108308493354       0.55699313745859080       0.56553258159819497       0.59489791246422663       0.69350263771387000       0.89193985381283825     
  0.55359620159219014       0.55420209231286022       0.55643531238894728       0.56449622680955502       0.59594303066471843       0.70573707913638717       0.90935784029240596     
  0.55354878731881751       0.55404066763877191       0.55598250393448800       0.56363454000023183       0.59712748033631158       0.71781724463937135       0.92448654870690772     
  0.55351689582991526       0.55392063044159301       0.55561644921675646       0.56292468967628972       0.59845770172337232       0.72973598328140998       0.93747942668551698     
  0.55349536896609752       0.55382782439452583       0.55532232964906714       0.56234191250069854       0.59993644543660463       0.74148061852492986       0.94852981647116152     
  0.55348286275804148       0.55375179947688447       0.55508821732765279       0.56186415965984438       0.60156616142293229       0.75303803855030560       0.95784934493735951     
  0.55347345857997587       0.55369446181904014       0.55490275824798385       0.56148536859396236       0.60334432693660589       0.76439157666671076       0.96565070465264835     
  0.55347240545196474       0.55365578160796625       0.55475846594384248       0.56119999933204223       0.60527171892188325       0.77552506535862753       0.97213974101318334     
  0.55347496866691359       0.55363139897248093       0.55464796822576412       0.56100085550397438       0.60735039299694504       0.78643111416167377       0.97750567915668485     
  0.55347978835488609       0.55361425212412152       0.55456512068227004       0.56087995751694375       0.60957941482808209       0.79709800769471728       0.98191964663845011     
  0.55348607922526782       0.55360151212027431       0.55450509894953459       0.56083180777890862       0.61196218178869310       0.80751846065965982       0.98553313584575819     
  0.55349286071553949       0.55359280034241576       0.55445235950372518       0.56085267013305451       0.61450455864316678       0.81768809877428894       0.98847773244137516     
  0.55349208563493502       0.55358813416941544       0.55441835827922203       0.56093649027544046       0.61721514961075963       0.82761229354479282       0.99086656952445229     
  0.55348996558069963       0.55358497122247785       0.55440451487218512       0.56107360789369776       0.62008152077069068       0.83726712625098920       0.99279458822968014     
  0.55349315331002547       0.55357910407939614       0.55439546714046817       0.56125751539599900       0.62309908039975292       0.84664309497041979       0.99434314042239402     
  0.55349388211328332       0.55356646446098468       0.55438421271748528       0.56148514658719517       0.62626818121856276       0.85573628537962132       0.99558093436889838     
  0.55348876066685349       0.55354441195385506       0.55436701280691159       0.56175692515602871       0.62959331407586794       0.86454624210025866       0.99656569682182716     
  0.55346642587919304       0.55350319729550024       0.55433059074979463       0.56205751959995276       0.63306165798862157       0.87306216119845159       0.99734494799922435     
  0.55342424924391898       0.55343124368880015       0.55426402031726085       0.56237545581494619       0.63666674309913007       0.88127951200131660       0.99795832960788589     
  0.55336086486185121       0.55330950880631191       0.55414911708882697       0.56268919086564195       0.64039062239308164       0.88918876116956824       0.99843839493526543     
  0.55324761986357007       0.55311144655589750       0.55396793468723271       0.56297811797956121       0.64421879225438994       0.89678563212087814       0.99881203552640330     
  0.55303656429475045       0.55280048208252341       0.55369605237192332       0.56321301035828431       0.64812985461792449       0.90406408887418177       0.99910116847544406     
  0.55266191431510847       0.55232612042105511       0.55329927148100322       0.56335864049558781       0.65209953470860582       0.91101949723486830       0.99932360759834815     
  0.55202229394742686       0.55162666843320551       0.55269813713919680       0.56336640739412069       0.65609488971411201       0.91764576759687710       0.99949370967531959     
  0.55100096862266901       0.55063593570816749       0.55174627678560539       0.56317737411574598       0.66007660069522367       0.92393519164839888       0.99962300879938304     
  0.54950004833986621       0.54929159418731310       0.55021295679694504       0.56272206230155164       0.66400070709497128       0.92987956810754602       0.99972070879058306     
  0.54747755760613270       0.54749138267202135       0.54773128212523015       0.56193497038785267       0.66782668162772663       0.93546642400414304       0.99979412037441118     
  0.54476762119717481       0.54409057270357541       0.54411392058539199       0.56071095819609473       0.67149864992794062       0.94066593757424066       0.99984895973075960     
  0.53861847923831474       0.53752556955859232       0.53924742340864862       0.55892447623482344       0.67494879329659518       0.94544547105427623       0.99988968196759820     
  0.52812258133775103       0.52859906817627200       0.53306266404134039       0.55646858307615255       0.67811471611795293       0.94977907789988325       0.99991974456728117     
  0.51495078410895412       0.51762401205439468       0.52524661505883707       0.55333540512025636       0.68091351940235956       0.95363752242208422       0.99994177836515974     
   1.0000000000000000        1.0000000000000000        1.0000000000000000        1.0000000000000000        1.0000000000000000        1.0000000000000000        1.0000000000000000     
   1.0000000000000000        1.0000000000000000        1.0000000000000000        1.0000000000000000        1.0000000000000000        1.0000000000000000        1.0000000000000000     
   1.0000000000000000        1.0000000000000000        1.0000000000000000        1.0000000000000000        1.0000000000000000        1.0000000000000000        1.0000000000000000     
   1.0000000000000000        1.0000000000000000        1.0000000000000000        1.0000000000000000        1.0000000000000000        1.0000000000000000        1.0000000000000000     
   1.0000000000000000        1.0000000000000000        1.0000000000000000        1.0000000000000000        1.0000000000000000        1.0000000000000000        1.0000000000000000     
   1.0000000000000000        1.0000000000000000        1.0000000000000000        1.0000000000000000        1.0000000000000000        1.0000000000000000        1.0000000000000000     
   1.0000000000000000        1.0000000000000000        1.0000000000000000        1.0000000000000000        1.0000000000000000        1.0000000000000000        1.0000000000000000     
   1.0000000000000000        1.0000000000000000        1.0000000000000000        1.0000000000000000        1.0000000000000000        1.0000000000000000        1.0000000000000000     
   1.0000000000000000        1.0000000000000000        1.0000000000000000        1.0000000000000000        1.0000000000000000        1.0000000000000000        1.0000000000000000     
   1.0000000000000000        1.0000000000000000        1.0000000000000000        1.0000000000000000        1.0000000000000000        1.0000000000000000        1.0000000000000000     
   1.0000000000000000        1.0000000000000000        1.0000000000000000        1.0000000000000000        1.0000000000000000        1.0000000000000000        1.0000000000000000     
   1.0000000000000000        1.0000000000000000        1.0000000000000000        1.0000000000000000        1.0000000000000000        1.0000000000000000        1.0000000000000000     
   1.0000000000000000        1.0000000000000000        1.0000000000000000        1.0000000000000000        1.0000000000000000        1.0000000000000000        1.0000000000000000     
   1.0000000000000000        1.0000000000000000        1.0000000000000000        1.0000000000000000        1.0000000000000000        1.0000000000000000        1.0000000000000000     
   1.0000000000000000        1.0000000000000000        1.0000000000000000        1.0000000000000000        1.0000000000000000        1.0000000000000000        1.0000000000000000     
   1.0000000000000000        1.0000000000000000        1.0000000000000000        1.0000000000000000        1.0000000000000000        1.0000000000000000        1.0000000000000000     
   1.0000000000000000        1.0000000000000000        1.0000000000000000        1.0000000000000000        1.0000000000000000        1.0000000000000000        1.0000000000000000     
   1.0000000000000000        1.0000000000000000        1.0000000000000000        1.0000000000000000        1.0000000000000000        1.0000000000000000        1.0000000000000000     
   1.0000000000000000        1.0000000000000000        1.0000000000000000        1.0000000000000000        1.0000000000000000        1.0000000000000000        1.0000000000000000     
   1.0000000000000000        1.0000000000000000        1.0000000000000000        1.0000000000000000        1.0000000000000000        1.0000000000000000        1.0000000000000000     
   1.0000000000000000        1.0000000000000000        1.0000000000000000        1.0000000000000000        1.0000000000000000        1.0000000000000000        1.0000000000000000     
   1.0000000000000000        1.0000000000000000        1.0000000000000000        1.0000000000000000        1.0000000000000000        1.0000000000000000        1.0000000000000000     
   1.0000000000000000        1.0000000000000000        1.0000000000000000        1.0000000000000000        1.0000000000000000        1.0000000000000000        1.0000000000000000     
   1.0000000000000000        1.0000000000000000        1.0000000000000000        1.0000000000000000        1.0000000000000000        1.0000000000000000        1.0000000000000000     
   1.0000000000000000        1.0000000000000000        1.0000000000000000        1.0000000000000000        1.0000000000000000        1.0000000000000000        1.0000000000000000     
   1.0000000000000000        1.0000000000000000        1.0000000000000000        1.0000000000000000        1.0000000000000000        1.0000000000000000        1.0000000000000000     
   1.0000000000000000        1.0000000000000000        1.0000000000000000        1.0000000000000000        1.0000000000000000        1.0000000000000000        1.0000000000000000     
   1.0000000000000000        1.0000000000000000        1.0000000000000000        1.0000000000000000        1.0000000000000000        1.0000000000000000        1.0000000000000000     
   1.0000000000000000        1.0000000000000000        1.0000000000000000        1.0000000000000000        1.0000000000000000        1.0000000000000000        1.0000000000000000     
   1.0000000000000000        1.0000000000000000        1.0000000000000000        1.0000000000000000        1.0000000000000000        1.0000000000000000        1.0000000000000000     
   1.0000000000000000        1.0000000000000000        1.0000000000000000        1.0000000000000000        1.0000000000000000        1.0000000000000000        1.0000000000000000     
   1.0000000000000000        1.0000000000000000        1.0000000000000000        1.0000000000000000        1.0000000000000000        1.0000000000000000        1.0000000000000000     
   1.0000000000000000        1.0000000000000000        1.0000000000000000        1.0000000000000000        1.0000000000000000        1.0000000000000000        1.0000000000000000     
   1.0000000000000000        1.0000000000000000        1.0000000000000000        1.0000000000000000        1.0000000000000000        1.0000000000000000        1.0000000000000000     
   1.0000000000000000        1.0000000000000000        1.0000000000000000        1.0000000000000000        1.0000000000000000        1.0000000000000000        1.0000000000000000     
   1.0000000000000000        1.0000000000000000        1.0000000000000000        1.0000000000000000        1.0000000000000000        1.0000000000000000        1.0000000000000000     
   1.0000000000000000        1.0000000000000000        1.0000000000000000        1.0000000000000000        1.0000000000000000        1.0000000000000000        1.0000000000000000     
