   2.3674491291819892     
   2.3826784707663267     
   2.3834892487839050     
   2.3730066380680044     
   2.3547776566410787     
   2.3319917163350774     
   2.3058810610351772     
   2.2761564518886241     
   2.2431100866004283     
   2.2070852680173481     
   2.1685419995976907     
   2.1279667402829476     
   2.0858178148373172     
   2.0424605283033785     
   1.9981687567551112     
   1.9531337651071010     
   1.9074790878745365     
   1.8613032010789183     
   1.8146623488754416     
   1.7675718265267375     
   1.7200228737513730     
   1.6719789736036976     
   1.6233837787365699     
   1.5741735306609383     
   1.5242678676523984     
   1.4735690499516627     
   1.4219689476952857     
   1.3693306767968276     
   1.3154994994331093     
   1.2603077595621566     
   1.2035672470059526     
   1.1450502557861584     
   1.0844804925845093     
   1.0215422631247992     
  0.95584515287570382     
  0.88693690880105558     
  0.81423085683577034     
  0.73713487619046614     
  0.65486694127711775     
  0.56644265243957459     
  0.47037623039789900     
  0.36522263500924679     
  0.24940552852132744     
  0.12068874799607740     
  -2.1812972002189811E-002
   3.5978769019788588E-002
   8.6548092395523940E-002
  0.13104531460646821     
  0.16943419385206418     
  0.20199567596462756     
  0.22919830741346120     
  0.25143709825116883     
  0.26903537348930429     
  0.28228098359006548     
  0.29133861925825089     
  0.29646591936125150     
  0.29786463271740193     
  0.29567955419102704     
  0.28999071210592975     
  0.28087640446152795     
  0.26863632871118809     
  0.25366744809283986     
  0.23656971394524051     
  0.21815683519827234     
  0.19946464570427877     
  0.18181406538223224     
  0.16642417106790103     
  0.15401378054323472     
  0.14497750876315688     
  0.13884535667495235     
  0.13427184632975978     
  0.12891064529766003     
  0.12009045176068413     
  0.10601884024105412     
   8.7218214986138104E-002
   6.6731661526563998E-002
   4.8501890862515544E-002
   3.5070841238485806E-002
   2.6442076300894998E-002
   2.0954742384572695E-002
   1.7075384400067610E-002
