   1.1277234346659364E-004   1.0655666542114118E-003   4.1687228104965888E-003   6.5604178601867463E-003   4.1687228104965793E-003   1.0655666542114079E-003   1.1277234346659268E-004
   1.1267232542392769E-004   1.0646216007718105E-003   4.1650255609484727E-003   6.5545994109706233E-003   4.1650255609484484E-003   1.0646216007718151E-003   1.1267232542392687E-004
   1.1256830665955510E-004   1.0636387451946375E-003   4.1611804214184075E-003   6.5485482237857863E-003   4.1611804214184110E-003   1.0636387451946354E-003   1.1256830665955440E-004
   1.1246028717347663E-004   1.0626180874798788E-003   4.1571873919064367E-003   6.5422642986323679E-003   4.1571873919064410E-003   1.0626180874798734E-003   1.1246028717347539E-004
   1.1235169615572487E-004   1.0615920294597470E-003   4.1531732352542141E-003   6.5359471251977110E-003   4.1531732352542098E-003   1.0615920294597390E-003   1.1235169615572353E-004
   1.1224424820131779E-004   1.0605767720503556E-003   4.1492013328825027E-003   6.5296964483255136E-003   4.1492013328825184E-003   1.0605767720503513E-003   1.1224424820131706E-004
   1.1213737177858296E-004   1.0595669149463269E-003   4.1452505576510881E-003   6.5234790197345339E-003   4.1452505576510925E-003   1.0595669149463275E-003   1.1213737177858267E-004
   1.1203106688752149E-004   1.0585624581476740E-003   4.1413209095599590E-003   6.5172948394248325E-003   4.1413209095599564E-003   1.0585624581476705E-003   1.1203106688752052E-004
   1.1192304740144217E-004   1.0575418004329146E-003   4.1373278800479647E-003   6.5110109142713750E-003   4.1373278800479630E-003   1.0575418004329156E-003   1.1192304740144164E-004
   1.1181102719365670E-004   1.0564833405805689E-003   4.1331869605540777E-003   6.5044942511493179E-003   4.1331869605540760E-003   1.0564833405805631E-003   1.1181102719365623E-004
   1.1169386320081985E-004   1.0553762779798969E-003   4.1288558967977080E-003   6.4976783534961046E-003   4.1288558967977019E-003   1.0553762779799013E-003   1.1169386320081851E-004
   1.1156926929624202E-004   1.0541990114094331E-003   4.1242501802177594E-003   6.4904302281868706E-003   4.1242501802177837E-003   1.0541990114094392E-003   1.1156926929624088E-004
   1.1143838854326656E-004   1.0529623414799057E-003   4.1194120650947979E-003   6.4828163717840295E-003   4.1194120650947996E-003   1.0529623414799068E-003   1.1143838854326685E-004
   1.1129950634687980E-004   1.0516500672752133E-003   4.1142781700079850E-003   6.4747370394438765E-003   4.1142781700079694E-003   1.0516500672752148E-003   1.1129950634687934E-004
   1.1115262270707936E-004   1.0502621887953491E-003   4.1088484949573217E-003   6.4661922311664627E-003   4.1088484949573260E-003   1.0502621887953530E-003   1.1115262270707877E-004
   1.1099773762386518E-004   1.0487987060403266E-003   4.1031230399427932E-003   6.4571819469517394E-003   4.1031230399427975E-003   1.0487987060403244E-003   1.1099773762386456E-004
   1.1083370803389313E-004   1.0472488183993927E-003   4.0970595506838849E-003   6.4476396902372560E-003   4.0970595506838641E-003   1.0472488183993840E-003   1.1083370803389254E-004
   1.1065939087381877E-004   1.0456017252618147E-003   4.0906157729000301E-003   6.4374989644605737E-003   4.0906157729000067E-003   1.0456017252618108E-003   1.1065939087381812E-004
   1.1047364308029638E-004   1.0438466260168490E-003   4.0837494523106579E-003   6.4266932730591489E-003   4.0837494523106527E-003   1.0438466260168501E-003   1.1047364308029572E-004
   1.1027417852663662E-004   1.0419619194430277E-003   4.0763760803546904E-003   6.4150896229081111E-003   4.0763760803546783E-003   1.0419619194430303E-003   1.1027417852663641E-004
   1.1006042568116862E-004   1.0399422052349790E-003   4.0684745298918256E-003   6.4026547657261802E-003   4.0684745298918377E-003   1.0399422052349823E-003   1.1006042568116767E-004
   1.0983066994887369E-004   1.0377712824766055E-003   4.0599814195013016E-003   6.3892889566696653E-003   4.0599814195013137E-003   1.0377712824765949E-003   1.0983066994887219E-004
   1.0958319673473450E-004   1.0354329502517770E-003   4.0508333677622393E-003   6.3748924508948892E-003   4.0508333677622419E-003   1.0354329502517735E-003   1.0958319673473333E-004
   1.0931743450707974E-004   1.0329218082551358E-003   4.0410092475344130E-003   6.3594320001205589E-003   4.0410092475343801E-003   1.0329218082551395E-003   1.0931743450707839E-004
   1.0903338326590870E-004   1.0302378564866945E-003   4.0305090588177257E-003   6.3429076043467047E-003   4.0305090588177292E-003   1.0302378564866913E-003   1.0903338326590775E-004
   1.0872989994787659E-004   1.0273702943356957E-003   4.0192905473316956E-003   6.3252527670108446E-003   4.0192905473317077E-003   1.0273702943356950E-003   1.0872989994787568E-004
   1.0840412689462240E-004   1.0242921202752960E-003   4.0072480773749716E-003   6.3063012467068514E-003   4.0072480773749759E-003   1.0242921202753019E-003   1.0840412689462128E-004
   1.0805377797945568E-004   1.0209817330840347E-003   3.9942971403864047E-003   6.2859200503097455E-003   3.9942971403864229E-003   1.0209817330840353E-003   1.0805377797945486E-004
   1.0767771013903191E-004   1.0174283321511652E-003   3.9803954820855064E-003   6.2640426812570083E-003   3.9803954820854873E-003   1.0174283321511656E-003   1.0767771013903100E-004
   1.0727592337335170E-004   1.0136319174766765E-003   3.9655431024721924E-003   6.2406691395487414E-003   3.9655431024721820E-003   1.0136319174766789E-003   1.0727592337335063E-004
   1.0684441696070776E-004   1.0095546869230006E-003   3.9495921115645684E-003   6.2155666872162410E-003   3.9495921115645753E-003   1.0095546869230020E-003   1.0684441696070672E-004
   1.0638090477441031E-004   1.0051750392686477E-003   3.9324580008015730E-003   6.1886023311345595E-003   3.9324580008015704E-003   1.0051750392686490E-003   1.0638090477440925E-004
   1.0588081456108111E-004   1.0004497720706794E-003   3.9139717530609786E-003   6.1595100850538346E-003   3.9139717530609734E-003   1.0004497720706811E-003   1.0588081456108000E-004
   1.0534071713068574E-004   9.9534648349686844E-004   3.8940066055011386E-003   6.1280904592866592E-003   3.8940066055011182E-003   9.9534648349686910E-004   1.0534071713068499E-004
   1.0475604022984444E-004   9.8982197110427023E-004   3.8723935409998409E-003   6.0940774675831534E-003   3.8723935409998331E-003   9.8982197110427154E-004   1.0475604022984369E-004
   1.0412221160517924E-004   9.8383303244992462E-004   3.8489635424348847E-003   6.0572051236934205E-003   3.8489635424348852E-003   9.8383303244992571E-004   1.0412221160517868E-004
   1.0343351593996650E-004   9.7732566448014606E-004   3.8235053384035548E-003   6.0171409448051081E-003   3.8235053384035492E-003   9.7732566448014866E-004   1.0343351593996539E-004
   1.0268423791748065E-004   9.7024586414124739E-004   3.7958076575030537E-003   5.9735524481058910E-003   3.7958076575030572E-003   9.7024586414124598E-004   1.0268423791747985E-004
   1.0186866222099966E-004   9.6253962837952213E-004   3.7656592283306679E-003   5.9261071507833822E-003   3.7656592283306619E-003   9.6253962837952235E-004   1.0186866222099903E-004
   1.0098335966048869E-004   9.5417455536277304E-004   3.7329332880447425E-003   5.8746055631501886E-003   3.7329332880447286E-003   9.5417455536277217E-004   1.0098335966048821E-004
   1.0002318645089703E-004   9.4510204234266699E-004   3.6974396923827877E-003   5.8187484506752240E-003   3.6974396923827760E-003   9.4510204234266525E-004   1.0002318645089628E-004
   9.8981855743827423E-005   9.3526268596014650E-004   3.6589460428017892E-003   5.7581700822648477E-003   3.6589460428017887E-003   9.3526268596014759E-004   9.8981855743826637E-005
   9.7854223754228974E-005   9.2460788346689147E-004   3.6172621950392547E-003   5.6925712233879822E-003   3.6172621950392586E-003   9.2460788346689191E-004   9.7854223754228391E-005
   9.6625430658620192E-005   9.1299722692330385E-004   3.5718388434480591E-003   5.6210874187324761E-003   3.5718388434480674E-003   9.1299722692330504E-004   9.6625430658619298E-005
   9.5282331228536041E-005   9.0030650930589371E-004   3.5221900638018871E-003   5.5429539578299818E-003   3.5221900638018745E-003   9.0030650930589609E-004   9.5282331228535268E-005
   9.3815209425545938E-005   8.8644392542338755E-004   3.4679566947160212E-003   5.4576056198994555E-003   3.4679566947160281E-003   8.8644392542338614E-004   9.3815209425545342E-005
   9.2212634616203030E-005   8.7130146916840671E-004   3.4087161933849968E-003   5.3643774393162041E-003   3.4087161933849968E-003   8.7130146916840074E-004   9.2212634616202705E-005
   9.0475749863851531E-005   8.5488994115167911E-004   3.3445108140893556E-003   5.2633359126427158E-003   3.3445108140893534E-003   8.5488994115167553E-004   9.0475749863850813E-005
   8.8614842738594108E-005   8.3730654686985280E-004   3.2757208453540495E-003   5.1550795089412025E-003   3.2757208453540378E-003   8.3730654686985139E-004   8.8614842738593444E-005
   8.6646487658930595E-005   8.1870789517863598E-004   3.2029589742470273E-003   5.0405724283674883E-003   3.2029589742470343E-003   8.1870789517863457E-004   8.6646487658929958E-005
   8.4580972194962480E-005   7.9919119157466747E-004   3.1266054892932697E-003   4.9204131399838077E-003   3.1266054892932749E-003   7.9919119157467072E-004   8.4580972194962209E-005
   8.2408580308260647E-005   7.7866463086668234E-004   3.0463012291081087E-003   4.7940364230091596E-003   3.0463012291081057E-003   7.7866463086667865E-004   8.2408580308260187E-005
   8.0117309833704204E-005   7.5701480664191415E-004   2.9616025237457510E-003   4.6607440635376097E-003   2.9616025237457350E-003   7.5701480664191524E-004   8.0117309833703865E-005
   7.7705446176276497E-005   7.3422551798426933E-004   2.8724459917853513E-003   4.5204363167254480E-003   2.8724459917853508E-003   7.3422551798427095E-004   7.7705446176275778E-005
   7.5174703930994341E-005   7.1031296580984773E-004   2.7788950146477795E-003   4.3732129274163950E-003   2.7788950146477769E-003   7.1031296580985012E-004   7.5174703930993745E-005
   7.2520510844478837E-005   6.8523394767569968E-004   2.6807805752107989E-003   4.2188079093605354E-003   2.6807805752107955E-003   6.8523394767570065E-004   7.2520510844478078E-005
   6.9733722409972464E-005   6.5890205869591700E-004   2.5777646392300358E-003   4.0566892900581403E-003   2.5777646392300332E-003   6.5890205869591743E-004   6.9733722409971990E-005
   6.6805194120716214E-005   6.3123089398459261E-004   2.4695091724610632E-003   3.8863250970094512E-003   2.4695091724610575E-003   6.3123089398459229E-004   6.6805194120716092E-005
   6.3729210659987270E-005   6.0216645048804249E-004   2.3558029035011599E-003   3.7073828474020903E-003   2.3558029035011629E-003   6.0216645048804054E-004   6.3729210659986836E-005
   6.0502914369423647E-005   5.7168172667941314E-004   2.2365401966489436E-003   3.5196962998298885E-003   2.2365401966489319E-003   5.7168172667941097E-004   6.0502914369422921E-005
   5.7128591375713813E-005   5.3979832378018341E-004   2.1118055604654922E-003   3.3233984474178220E-003   2.1118055604654939E-003   5.3979832378018297E-004   5.7128591375713413E-005
   5.3613100058927618E-005   5.0658104545478488E-004   1.9818525206341305E-003   3.1188882695406548E-003   1.9818525206341383E-003   5.0658104545478477E-004   5.3613100058927076E-005
   4.9971300242546204E-005   4.7217029964281387E-004   1.8472303828020176E-003   2.9070302215105461E-003   1.8472303828020076E-003   4.7217029964281300E-004   4.9971300242545703E-005
   4.6226624725136688E-005   4.3678749886439983E-004   1.7088053597203840E-003   2.6891874828581046E-003   1.7088053597203844E-003   4.3678749886440059E-004   4.6226624725136342E-005
   4.2409936217008073E-005   4.0072425960947897E-004   1.5677183169641156E-003   2.4671554607700401E-003   1.5677183169641115E-003   4.0072425960947989E-004   4.2409936217007734E-005
   3.8556669681847372E-005   3.6431540081093721E-004   1.4252791372302441E-003   2.2429955486829387E-003   1.4252791372302382E-003   3.6431540081093537E-004   3.8556669681847053E-005
   3.4703974678358927E-005   3.2791194231776338E-004   1.2828610846366492E-003   2.0188688848770649E-003   1.2828610846366451E-003   3.2791194231776230E-004   3.4703974678358696E-005
   3.0893001486953908E-005   2.9190270611653235E-004   1.1419853132831320E-003   1.7971693456013634E-003   1.1419853132831257E-003   2.9190270611653284E-004   3.0893001486953759E-005
   2.7166614983060747E-005   2.5669271510993290E-004   1.0042363586903035E-003   1.5803905519484458E-003   1.0042363586903011E-003   2.5669271510993165E-004   2.7166614983060611E-005
   2.3570537700469331E-005   2.2271399372748803E-004   8.7130439208016992E-004   1.3711923664171412E-003   8.7130439208017057E-004   2.2271399372748862E-004   2.3570537700469212E-005
   2.0151635236314482E-005   1.9040936700946988E-004   7.4492183895528128E-004   1.1723011480687209E-003   7.4492183895528052E-004   1.9040936700946939E-004   2.0151635236314363E-005
   1.6953343997696974E-005   1.6018925816392652E-004   6.2669436197653166E-004   9.8624376627704500E-004   6.2669436197652982E-004   1.6018925816392644E-004   1.6953343997696951E-005
   1.4015099670010666E-005   1.3242628826132911E-004   5.1807973382289336E-004   8.1531435244735074E-004   5.1807973382289314E-004   1.3242628826132916E-004   1.4015099670010535E-005
   1.1367764963563799E-005   1.0741207379160898E-004   4.2021882006921732E-004   6.6130831376632346E-004   4.2021882006921607E-004   1.0741207379160883E-004   1.1367764963563767E-005
   9.0330580819067918E-006   8.5351826358792256E-005   3.3391445204595160E-004   5.2548908492090188E-004   3.3391445204595144E-004   8.5351826358792338E-005   9.0330580819067444E-006
   7.0206950634699991E-006   6.6337351154153985E-005   2.5952579113777089E-004   4.0842188669208229E-004   2.5952579113777100E-004   6.6337351154154107E-005   7.0206950634699406E-006
   5.3329620349428889E-006   5.0390249399170637E-005   1.9713734590577603E-004   3.1023971220480465E-004   1.9713734590577500E-004   5.0390249399170617E-005   5.3329620349428651E-006
   3.9572852995332389E-006   3.7391714375721455E-005   1.4628431926391446E-004   2.3021109927189709E-004   1.4628431926391473E-004   3.7391714375721503E-005   3.9572852995331983E-006
   2.8668028686393392E-006   2.7087931731458551E-005   1.0597373561926556E-004   1.6677337867530809E-004   1.0597373561926552E-004   2.7087931731458578E-005   2.8668028686393126E-006
   2.0289374369357334E-006   1.9171084060342481E-005   7.5001347976154912E-005   1.1803139838463784E-004   7.5001347976154885E-005   1.9171084060342515E-005   2.0289374369357131E-006
   1.4025387240113445E-006   1.3252349375797288E-005   5.1846002234784391E-005   8.1591282150958127E-005   5.1846002234784343E-005   1.3252349375797320E-005   1.4025387240113367E-006
