  0.98903966517976383       0.97958267702413016       0.96167990800194270       0.92936028097457513       0.82151788970221551       0.96709973279492822       0.99999995900063199     
  0.99164082690851474       0.98340974226635813       0.96707281256353117       0.93471053044535513       0.82192950279854005       0.96641771335834115       0.99999995230302297     
  0.99356863939778650       0.98666665165804790       0.97456773982736167       0.93929049848795576       0.82690740024132914       0.96570059988986678       0.99999994392178337     
  0.99503275410645831       0.98910854969742290       0.97770542518338766       0.94311759309716581       0.82487033879266713       0.96495414768588395       0.99999995301339051     
  0.99660977471560452       0.99200661782987776       0.98041057086905947       0.94680837072227264       0.82143090046201073       0.96415896351158337       0.99999994379554669     
  0.99741569973542388       0.99333472224022368       0.98273395926850182       0.94996371756723108       0.81607259676270338       0.96332598576571715       0.99999993158912559     
  0.99794367854350940       0.99441698725981320       0.98473749691333035       0.95071667897389189       0.80485952021507923       0.96264544604767965       0.99999991526210441     
  0.99834939522761079       0.99530124792541730       0.98643588572634955       0.95189787336077913       0.78552483700159959       0.96173953826992586       0.99999989347401075     
  0.99866065751537580       0.99602599212647980       0.98793228792664922       0.95289827120179138       0.77166469781742408       0.96156466790608797       0.99999991118920428     
  0.99890422885643471       0.99661924645516253       0.98922126252725540       0.95311688096744962       0.74908636580791799       0.96087915565296422       0.99999988741492019     
  0.99909489965054699       0.99709898328463564       0.99030413046249999       0.95331067991405305       0.72683811610183602       0.96042162511417994       0.99999985674133696     
  0.99924529431591624       0.99750606236123507       0.99092992453882889       0.95219826824381482       0.70546868922680117       0.96157451631297863       0.99999981796072190     
  0.99936486228460830       0.99784386219061116       0.99097914902017248       0.95095999913139395       0.68539606328808789       0.96162206609546252       0.99999976996700168     
  0.99946071675989301       0.99809051712883146       0.98985830180697654       0.94948775589839318       0.66540249279570252       0.96061084464023117       0.99999981224068568     
  0.99949918522093484       0.99823692570498868       0.98918317395555777       0.94730276747694830       0.64552572919822804       0.95953268827110727       0.99999976560355541     
  0.99956749430307179       0.99839724958984122       0.98792033058687390       0.94610598358047937       0.62636833182204210       0.95846869184991212       0.99999971054584902     
  0.99961916842955789       0.99852229525002212       0.98716701207316437       0.94461233666987021       0.60755504576879071       0.95724342119729733       0.99999964688239218     
  0.99966785789101908       0.99818838981664837       0.98634674034552305       0.94289624192601462       0.58910074203047447       0.95607013393394336       0.99999971848792513     
  0.99970671432690161       0.99797188554157334       0.98285067400427351       0.93533699324772135       0.57071709682602201       0.95473155168910417       0.99999966224995718     
  0.99970320614743524       0.99703324192502163       0.98151675423110163       0.92973354140410913       0.55312629717866868       0.95401802049564510       0.99999960007810085     
  0.99968987157849409       0.99635292437717449       0.98046278970034573       0.92166910099629262       0.53598528561787362       0.95254550084293887       0.99999968841068421     
  0.99932339320400643       0.99368176476778025       0.97797625042923864       0.91569070713578304       0.51828323433697587       0.95235255902700300       0.99999963751212728     
  0.99855101412195613       0.99200072874768008       0.97493270510717589       0.90624517051163778       0.50572131043735014       0.95125756242015658       0.99999958382178311     
  0.99804133375235959       0.99031411276818271       0.97182175697503137       0.89904562422609147       0.49186576618400046       0.95292575033201865       0.99999952833941919     
  0.99746744623824646       0.98842104286917232       0.96981990022320796       0.89151935346524758       0.47506105311104568       0.95369194325128426       0.99999964436993316     
  0.99337528785672824       0.98530400603831214       0.96819477918594599       0.88286921190508483       0.45899634132600980       0.95227896997531591       0.99999960445555514     
  0.99251416177998308       0.98371316906791006       0.96549189230213195       0.86737677857014450       0.45914770428122109       0.95120150233140544       0.99999956572962589     
  0.99070782151488268       0.98184799502605569       0.96356097602098134       0.86031472924069186       0.44497365711546577       0.94966542576956581       0.99999968397367189     
  0.98749710505954913       0.97693987945518490       0.95943409862553941       0.85384128943579873       0.41660653643929890       0.94838817820731369       0.99999966031975618     
  0.98541310158002982       0.97584053487950884       0.95668124548760447       0.82741542502290344       0.40962170780150037       0.94690830962355876       0.99999963982007611     
  0.98064602621233110       0.97433445016283349       0.95414821851628251       0.82187493033187120       0.39758770880941952       0.94719933209440110       0.99999974972666450     
  0.97916783875577940       0.97132127102350996       0.95261404964796492       0.80802839556765649       0.38416448553378096       0.94599314238570054       0.99999974139808401     
  0.97754463968768301       0.96770710574542551       0.94409785687981540       0.80335322606831194       0.37550109051445640       0.94704813229178186       0.99999973687055865     
  0.97377645916917455       0.96543768448027789       0.93828695608473267       0.78965895848832002       0.36825213398921214       0.94685816827899916       0.99999982827377421     
  0.97084105896151618       0.96259436743664362       0.93305494213373819       0.78494240620608258       0.36217782528506759       0.95080225368563631       0.99999983113090707     
  0.96822570094281335       0.95567623972830618       0.91940538455489018       0.77148834447338099       0.35766791443753521       0.95169946195215072       0.99999983708292850     
  0.96271488356986579       0.95155837120240994       0.91394673226716738       0.75300550393716237       0.35447704952574222       0.95180798701618907       0.99999990272230421     
  0.95954302573081962       0.94853260106458015       0.87617197360988908       0.74913704506517875       0.35216292290465695       0.95178923817513472       0.99999991062706195     
  0.95290849363532670       0.93238915608114725       0.86807717789246219       0.74568429364386912       0.34667933120053851       0.95246134972920327       0.99999992004440585     
  0.94604280325011680       0.92234754821788889       0.85934287060001158       0.74221522914702842       0.33398004266103093       0.95281044988531494       0.99999995813024112     
  0.93805908117904424       0.90995851860802890       0.84304085590232614       0.73850608049493149       0.32053572790334284       0.95335244775323369       0.99999996481079045     
  0.90851609172706094       0.89371723056599417       0.83209485552933615       0.73244419672077665       0.32139050066598074       0.95409594840861423       0.99999998347810570     
  0.89861576855057745       0.87188326026912766       0.81592597403701073       0.74169409224453209       0.28025790736967121       0.95503983148958838       0.99999998707205850     
  0.87951195643722557       0.84491022432456764       0.80427258624433706       0.72949011375192363       0.27666738385690204       0.95617410218551269       0.99999999024223263     
  0.84141886245362496       0.80994477504412121       0.81899732362000488       0.69641955832904345       0.28565468257479365       0.95675410077553902       0.99999999622678470     
  0.88846618363130458       0.85861108124582319       0.85398742271499795       0.72855022275230064       0.30420612534901431       0.96547927881974205       0.99999999743428403     
  0.92055417304439247       0.89418120799485912       0.88588474846441900       0.75963608185553966       0.32506508454590682       0.96629522578838623       0.99999999917746385     
  0.94999852408724950       0.92643119446397348       0.91343792698305093       0.79036528626176639       0.34840797823656222       0.96720716452848554       0.99999999951544760     
  0.96587089288410088       0.94966470570840034       0.93590939244565685       0.82061054283486690       0.37435508710362919       0.96821004076210615       0.99999999973588249     
  0.97651199047646164       0.96514594168366841       0.95335844173797479       0.84971879477167411       0.50869569119560565       0.96929901260761009       0.99999999994247524     
  0.98514451883273624       0.97624367169365089       0.96661090272202743       0.87694911984442969       0.54188854013569521       0.97047043637355013       0.99999999997562949     
  0.99115729980195921       0.98449002849474998       0.97602901886884819       0.90165274909428683       0.57564370641398344       0.97172170429214610       0.99999999999664269     
  0.99525702241950154       0.99050146780574055       0.98366858996648210       0.92335032867463107       0.61120999174772495       0.97305114045927688       0.99999999999908895     
  0.99774743875476712       0.99464327171037392       0.98832215893537767       0.94179447082152512       0.64832974670901566       0.97457715843856918       0.99999999999979561     
  0.99905074204865163       0.99726744575852677       0.99251413752694662       0.95699090193982539       0.68664796594371025       0.97955907850363733       0.99999999999998790     
  0.99962973255412779       0.99875456193254375       0.99501692461524094       0.96915049919753848       0.72569054569456326       0.98098167509185130       0.99999999999999756     
  0.99986797917312997       0.99948116568659406       0.99714847766315562       0.97860353512559917       0.76483369406787194       0.98250626161385246       0.99999999999999978     
  0.99995933302598494       0.99980258859231885       0.99831986242736948       0.98572334123199434       0.80328561699681666       0.98413305428115661       0.99999999999999678     
  0.99998954289069575       0.99992909639120042       0.99921163164415516       0.99088312761757402       0.84010898223147712       0.98585587632399541       0.99999999999999889     
  0.99999730297965050       0.99997431109842039       0.99963169214672509       0.99443782859499119       0.87428528822026297       0.98765896786352869       0.99999999999999756     
  0.99999889442699663       0.99998870224558567       0.99982805004035169       0.99673248974858364       0.90482270001799581       0.98951335904582227        1.0000000000000022     
  0.99999931181090673       0.99999337184329595       0.99990869142159644       0.99811233900911922       0.93090468409127403       0.99137434722576667       0.99999999999999900     
  0.99999953808678521       0.99999550521783176       0.99994328067187110       0.99887952737757557       0.95203244659336028       0.99497584676365647        1.0000000000000009     
  0.99999970124173598       0.99999691339488284       0.99995931702719709       0.99929255388359384       0.96813550353653821       0.99630593616466678       0.99999999999999711     
  0.99999982001190746       0.99999795822265958       0.99997188141355620       0.99952621666097285       0.97958839648428020       0.99744526188645788        1.0000000000000016     
  0.99999990213246293       0.99999873276858564       0.99998102418977719       0.99967592693133067       0.98879952890644973       0.99831248282888541       0.99999999999999845     
  0.99999995393266372       0.99999928522149650       0.99998776038536430       0.99978237480898757       0.99241811430987814       0.99891681366263874        1.0000000000000016     
  0.99999998217955066       0.99999964869799018       0.99999262401070843       0.99985983347245055       0.99483914421075226       0.99932772976869899        1.0000000000000000     
  0.99999999468196066       0.99999985771273969       0.99999598129416722       0.99991420661736241       0.99737555949890266       0.99960587457702432       0.99999999999999989     
  0.99999999885835533       0.99999995549965126       0.99999811779874337       0.99995074191496280       0.99831499742064933       0.99979603700176156        1.0000000000000000     
  0.99999999983685206       0.99999999001357287       0.99999929052433689       0.99997437762914787       0.99900726839020060       0.99991705093648009       0.99999999999999944     
  0.99999999998572264       0.99999999851864063       0.99999980102025254       0.99998853332441096       0.99946722646718344       0.99997818898504298        1.0000000000000036     
  0.99999999999929834       0.99999999986690025       0.99999996188448304       0.99999594169762962       0.99973799608140035       0.99999756372123638        1.0000000000000024     
  0.99999999999998257       0.99999999999345945       0.99999999547950291       0.99999923646116107       0.99988336052327453       0.99999989511045562       0.99999999999999956     
  0.99999999999999922       0.99999999999984412       0.99999999970515052       0.99999990665291483       0.99995613059702959       0.99999999852201871       0.99999999999999833     
   1.0000000000000002       0.99999999999999878       0.99999999999088796       0.99999997666462392       0.99998788770616109       0.99999999999616085       0.99999999999999922     
  0.99999999999999933       0.99999999999999989       0.99999999999988864       0.99999999867253464       0.99999803700232193       0.99999999999999512       0.99999999999999989     
  0.99999999999999956        1.0000000000000004       0.99999999999999856       0.99999999993288913       0.99999985079960729       0.99999999999999978        1.0000000000000004     
  0.99999999999999944       0.99999999999999933       0.99999999999999978       0.99999999999970923       0.99999999212874002       0.99999999999999989       0.99999999999999867     
  0.99999999999999911       0.99999999999999933        1.0000000000000004       0.99999999999999989       0.99999999999670808        1.0000000000000004       0.99999999999999745     
   1.0000000000000000        1.0000000000000000       0.99999999999999978        1.0000000000000002       0.99999999999804268       0.99999999999999978        1.0000000000000002     
