   2.4484541708520799        2.3873126892077616        2.2994216857692518        2.2478042636250311        1.4552888280116074        5.1160926017408981        19.320962368933706     
   2.4624497508888199        2.4092670293563452        2.3306689865153909        2.2811744694543274        1.4348114771326994        5.0796844008602582        19.434280167390273     
   2.4706610210420927        2.4247802704869303        2.3554794146294746        2.3085483547519674        1.3992311784910092        4.9625184387123431        19.316288715891162     
   2.4741968285124050        2.4348574433693480        2.3745899803630408        2.3303298535548693        1.3501031645324668        4.7896902493763482        19.089188360832821     
   2.4739320197992622        2.4403664161037830        2.3886437883671050        2.3467375439667797        1.2879532438472068        4.5979935472480937        18.883026463163560     
   2.4705498386453790        2.4420093348261362        2.3981832623929908        2.3579450414366812        1.2149444515521428        4.4288915784424825        18.676587305285363     
   2.4645632096597478        2.4403355450820761        2.4036770505839771        2.3641379050343385        1.1339142005396556        4.2901152206034681        18.446650945057730     
   2.4563483559031156        2.4357712299101650        2.4055138339210362        2.3654943762942038        1.0470695870055555        4.1655484454443963        18.190513262859394     
   2.4461681828404616        2.4286406528502003        2.4040408795169546        2.3621356887025367       0.95644876723611816        4.0490093164659990        17.912734939536236     
   2.4342070717193636        2.4191861155301173        2.3995489387241733        2.3541260465643692       0.86386223129605966        3.9366645384485310        17.618179605821233     
   2.4205929219484625        2.4075931331728802        2.3922679747514128        2.3415235680516164       0.77116808141642867        3.8267821589135407        17.311145404938877     
   2.4053934171323830        2.3940118345895551        2.3823794658749744        2.3244636305606066       0.68001934775893236        3.7186976227531097        16.995165642848335     
   2.3886366679378597        2.3785479393329427        2.3700215130380946        2.3031548471839103       0.59179513944035189        3.6122009907185149        16.673101387473920     
   2.3703370704270608        2.3612755068299833        2.3553128958390022        2.2778805027300444       0.50736782857152996        3.5072643692130065        16.347276358448081     
   2.3504823717322223        2.3422319335623136        2.3383155780578537        2.2489925941242466       0.42717905530856531        3.4039531581936950        16.019542244451525     
   2.3290447192033805        2.3214144327678978        2.3190745996057691        2.2168749875197062       0.35130285318883836        3.3023845800352944        15.691377103532858     
   2.3059880172844656        2.2988094501007237        2.2975944085174369        2.1819209622191420       0.27956585321129185        3.2026919361047033        15.363952425828652     
   2.2812576651164149        2.2743763151739977        2.2738547445682689        2.1444987985367354       0.21176285164615177        3.1050332318654075        15.038191413742114     
   2.2547651585164594        2.2480422035318179        2.2478161516608282        2.1049044638251719       0.14766461675816264        3.0095541423934695        14.714814424128422     
   2.2263999355794750        2.2197165317066196        2.2194165553888401        2.0633325641742748        8.7066532404081451E-002   2.9163907777120568        14.394379494510343     
   2.1960278922794263        2.1892880369846481        2.1885628011761149        2.0199040575495526        2.9824912768022356E-002   2.8256642037298443        14.077306140660291     
   2.1634939451647397        2.1566260099915997        2.1551163022193704        1.9746786350802303       -2.4163694582546379E-002   2.7374757856853127        13.763914209042944     
   2.1286402713560060        2.1215875038546264        2.1189183239057852        1.9276363809413495       -7.4933857593631942E-002   2.6519258166730220        13.454447392225548     
   2.0912880228511908        2.0839860922863487        2.0797791155784111        1.8787536845709907      -0.12249485330189326        2.5690922890515280        13.149084596058749     
   2.0512272158717901        2.0436175166467434        2.0374780109620736        1.8279784351565227      -0.16683913866630765        2.4890403122448910        12.847964762535147     
   2.0082174457972224        2.0002524109792152        1.9917397722648467        1.7752472254635554      -0.20794810304030048        2.4118240417825785        12.551204409918508     
   1.9619947346126028        1.9536383226720171        1.9422522009741268        1.7205038908340777      -0.24580941519981461        2.3374820155792029        12.258896697621285     
   1.9122605872203919        1.9034937059841186        1.8886871533951888        1.6636478890014019      -0.28043218292862776        2.2660415860620624        11.971113957001952     
   1.8586798710360899        1.8494985065246630        1.8306819045396052        1.6045666003367292      -0.31183025017597049        2.1975133372028366        11.687911770859399     
   1.8008756242416744        1.7913051659389250        1.7678873723241983        1.5431275141991125      -0.34004220741696933        2.1318964818616610        11.409345939163920     
   1.7384276443755800        1.7285060549775375        1.6999898231696771        1.4791473526780594      -0.36512893214541264        2.0691818627794003        11.135487845561862     
   1.6708651149395271        1.6606288063806240        1.6266712433778987        1.4123744196453043      -0.38718136273967663        2.0093473740100629        10.866400152729380     
   1.5976545834420512        1.5871180222994050        1.5475896808948337        1.3424926658303753      -0.40633917713032663        1.9523532298235753        10.602156009140401     
   1.5181841699433751        1.5073022473100233        1.4623952227732411        1.2691291370515512      -0.42277236100328114        1.8981466651885699        10.342822779581409     
   1.4317393215829695        1.4203925462245572        1.3705984632041006        1.1918350958759427      -0.43666558799423516        1.8466620679453252        10.088477527820435     
   1.3374692049560626        1.3254608305159745        1.2716564409236744        1.1100539924755273      -0.44819377225804091        1.7978205084403727        9.8392036055380636     
   1.2343483267700370        1.2213962648562753        1.1650460284041702        1.0230951288633814      -0.45784536616081994        1.7515410961592279        9.5950983965290693     
   1.1211729953122029        1.1070232597658436        1.0505833980110550       0.93013784002091504      -0.46624219442242232        1.7077323824254120        9.3562641494187719     
  0.99663889775519765       0.98095232538579402       0.92740075358684460       0.83020749034345009      -0.47381348830960918        1.6663215288997906        9.1228141036071921     
  0.85904033728540830       0.84216029651782887       0.79420590760624132       0.72205741724646022      -0.48105838834480336        1.6272414089917195        8.8948807994180132     
  0.70610202796152688       0.68893613327794401       0.64922649531588716       0.60404116598836999      -0.48924015393390785        1.5903790472861272        8.6726403949834854     
  0.53564808550831811       0.51904212920483195       0.49044396114948108       0.47450452541412863      -0.49905126499089009        1.5555702141105703        8.4563160779310085     
  0.34474750930252462       0.33095542708829429       0.31501748329736812       0.33143912061218939      -0.51049119189844716        1.5225719340992323        8.2461679517612669     
  0.13068936867403103       0.12221423936731241       0.11960979893969889       0.17159784538966177      -0.52359774033066320        1.4910842279607608        8.0425214241435583     
 -0.11000326044501058      -0.11065096375715032       -9.8981793203793286E-002  -7.0733894533830787E-003 -0.53468490190004847        1.4613239431314882        7.8457676518966748     
  -6.8237553646119040E-002  -6.7251203653246494E-002  -5.5386132377418171E-002   4.3496537117091380E-002 -0.42332631302147955        1.4517935054538673        7.6564374590603954     
  -4.1146835158743927E-002  -3.8302792611475761E-002  -2.2870609110172330E-002   8.4607540216617663E-002 -0.31230229152676947        1.4437851021273973        7.4711127336645333     
  -2.2996567096009005E-002  -1.8924594315475638E-002  -2.4005191777472782E-004  0.11642215098348435      -0.19966942447385747        1.4371818693924361        7.2895689128753158     
  -1.2598723691809317E-002  -7.4231796914293454E-003   1.3942491214737552E-002  0.13933634455159857       -8.8063233897138521E-002   1.4318532477381201        7.1115762422002931     
  -6.1619388668198855E-003  -1.0539715292146958E-003   2.1438519081344330E-002  0.15376361043313311        2.0499937989921942E-002   1.4276708436857937        6.9369752829765927     
  -2.2329527443418059E-003   2.2734476659886480E-003   2.4106723962795739E-002  0.16017767024826293       0.12480823439383254        1.4245318990933180        6.7657517924570083     
  -1.9599566003232076E-004   3.6462777219522032E-003   2.3606411603611235E-002  0.15926713326903011       0.22347555683504869        1.4223588000883807        6.5980299544146508     
   6.8302887544793747E-004   3.8196863715667492E-003   2.1181011115477700E-002  0.15199363789666165       0.31489125403064538        1.4210589829116991        6.4339169586133451     
   8.9128214650395238E-004   3.3544670893962303E-003   1.7750953375002675E-002  0.13962361987145200       0.39719981151947614        1.4205322149695996        6.2735084643367340     
   7.7525682674778264E-004   2.6378832576728103E-003   1.4032352033997499E-002  0.12364898747855346       0.46792657274189031        1.4206952142397309        6.1169996575516477     
   5.5932751815020274E-004   1.9014018129413794E-003   1.0508491262550783E-002  0.10562716453439709       0.52514132285827075        1.4215018865795515        5.9647196266729567     
   3.6757179931128423E-004   1.2667939315880437E-003   7.4645481608579091E-003   8.7012203372027336E-002  0.56706655023245189        1.4229354536923944        5.8169978146078130     
   2.3964637577391078E-004   7.9714522483078731E-004   5.0272108204573000E-003   6.9057807080475125E-002  0.59217318761231885        1.4250174797591224        5.6740560015813646     
   1.7016759175207652E-004   4.9430925746438137E-004   3.2105882838249266E-003   5.2628368849456555E-002  0.59939149300824524        1.4278356226839053        5.5360355285384877     
   1.3924402339562605E-004   3.2587640835765635E-004   1.9536881153235106E-003   3.8215797209161732E-002  0.58829122846957549        1.4315758191398016        5.4030279408274184     
   1.2819091896792905E-004   2.4649198628070142E-004   1.1594055781315950E-003   2.6351155204968012E-002  0.55930245294277559        1.4365629603034613        5.2750633451993671     
   1.2519915438591648E-004   2.1595287969603579E-004   7.0730744792792978E-004   1.7137075428090644E-002  0.51390014949057150        1.4433392284506974        5.1521045219233930     
   1.2472163965401254E-004   2.0707875691944246E-004   4.8211404383073739E-004   1.0504925917219299E-002  0.45462967427410444        1.4525784493644578        5.0340043256773122     
   1.2479954634345505E-004   2.0575642542851550E-004   3.8751942840285151E-004   6.1723608697605275E-003  0.38516349820764645        1.4652446489781270        4.9205186006246837     
   1.2492141456274693E-004   2.0626177781107302E-004   3.5595043922668270E-004   3.5265970772585115E-003  0.31047129134136736        1.4827461370865327        4.8113190579264637     
   1.2500010179872107E-004   2.0686698428934338E-004   3.4865804073671880E-004   2.0655419742241100E-003  0.23660224144394418        1.5060926556642273        4.7060142459590031     
   1.2503869229863102E-004   2.0724134523562521E-004   3.4807327999750615E-004   1.3332980014629863E-003  0.16924952632256193        1.5356764958254658        4.6041411959443890     
   1.2505179806734891E-004   2.0740198010487360E-004   3.4819841628583087E-004   9.9327786461649026E-004  0.11226812531709364        1.5702147643350948        4.5051029131343858     
   1.2505232947050243E-004   2.0742503393178388E-004   3.4777762541851544E-004   8.3460603792874977E-004   6.8652811665451716E-002   1.6057654311335017        4.4081332569725165     
   1.2504899415160083E-004   2.0738338616386131E-004   3.4687903088086191E-004   7.4810027719319984E-004   3.8786413401503649E-002   1.6340098721370462        4.3121188768546030     
   1.2504600405807516E-004   2.0733037156680592E-004   3.4580724767542781E-004   6.8964272977652119E-004   2.0969805521474552E-002   1.6402513004168529        4.2154289345269724     
   1.2504432647393926E-004   2.0729203432200437E-004   3.4484423062556223E-004   6.4617713749246766E-004   1.1430512833621211E-002   1.6015785604485957        4.1157519390268522     
   1.2504357515805104E-004   2.0727195185909654E-004   3.4416247667359514E-004   6.1464113135224416E-004   6.7439490975120036E-003   1.4885077421964970        4.0097227185748396     
   1.2504321832006038E-004   2.0726377609794929E-004   3.4378006587744772E-004   5.9336245861021822E-004   4.3834937249205034E-003   1.2823873221710713        3.8928246049546336     
   1.2504292944760936E-004   2.0726098933419423E-004   3.4361074416964062E-004   5.8044658114241433E-004   3.0016618701481589E-003  0.99759729376455830        3.7590374220668386     
   1.2504254030544154E-004   2.0725983142995294E-004   3.4355231211035932E-004   5.7366719193909540E-004   2.0938899550894882E-003  0.68622835326888065        3.6005521436648786     
   1.2504191898759387E-004   2.0725872330627855E-004   3.4353619989252210E-004   5.7072467391166073E-004   1.5164835532076892E-003  0.41375062101581950        3.4074486924759126     
   1.2504085217188154E-004   2.0725694733571501E-004   3.4353076798638010E-004   5.6971339745094250E-004   1.1930550285225514E-003  0.22274550143886240        3.1692433589766256     
   1.2503884789571293E-004   2.0725362557335006E-004   3.4352498075146723E-004   5.6944634763847805E-004   1.0373860158493741E-003  0.11444680654786811        2.8780799166485300     
   1.2503442766106931E-004   2.0724630178434940E-004   3.4351283069912415E-004   5.6938007607774629E-004   9.7369436717506942E-004   6.1225435553888867E-002   2.5437381381353101     
   1.2502019282009230E-004   2.0722271795447651E-004   3.4347377954793668E-004   5.6930974226522047E-004   9.5165023986069366E-004   3.2571447404086476E-002   2.2217508401618833     
