  0.65308814478934363       0.67190433508167402       0.70239306330478257       0.74190200259156280       0.80121939144359611        1.0070936997893070        1.7403813678700848     
  0.66711041514132641       0.68391824105738452       0.71258179495218787       0.75472392264141019       0.82424405086532837        1.0554435440781431        1.8921136094062956     
  0.68280637017766665       0.69761046437587360       0.72399276187623951       0.76721188523750772       0.84658730388740389        1.1034349417667837        2.0526435174761382     
  0.69966792834516589       0.71248868848110114       0.73650251701019165       0.77993279918621850       0.86867518328769089        1.1501045018903344        2.2229086052825897     
  0.71734112179366583       0.72823661597743139       0.74989356277630137       0.79303483279145037       0.89043760067850075        1.1956187352376715        2.4044577229715287     
  0.73554345645702623       0.74462745210460246       0.76397168036200636       0.80655628884319142       0.91172508922739626        1.2412889230359763        2.5984158593996178     
  0.75403428095224723       0.76147858432724380       0.77856414058576340       0.82045449476758481       0.93211208955540403        1.2876604533526022        2.8055850950370940     
  0.77263602479602411       0.77861900594161093       0.79351859225817833       0.83462111371810044       0.95150485721187827        1.3349027100743989        3.0267790554171250     
  0.79116622017104332       0.79585862879731473       0.80867972240609509       0.84888223924337103       0.96984687754469601        1.3830503820807984        3.2627737497454508     
  0.80940740167725700       0.81300554713474338       0.82389524884029164       0.86309625767055709       0.98719527374777305        1.4321103344238280        3.5143638335348149     
  0.82720417979334981       0.82988709839657759       0.83900843758691024       0.87712928230508891        1.0036919320454032        1.4820903841482451        3.7823998806012931     
  0.84445664962789946       0.84635762663952974       0.85392636927718513       0.89088332609757526        1.0194083851574325        1.5329738996440805        4.0677196435761358     
  0.86108161273405814       0.86231821120778174       0.86859875519654284       0.90429337802153886        1.0345106744084367        1.5847847823105636        4.3713114272993714     
  0.87700864244740984       0.87769162592676997       0.88289836805214994       0.91728424684629117        1.0490836779237565        1.6375055039379012        4.6940923679017512     
  0.89219176018822288       0.89241972981257112       0.89674097240395867       0.92981557151251970        1.0632083238747703        1.6911388250793826        5.0370845980219672     
  0.90658503722677863       0.90644564138523742       0.91007687719913832       0.94183724072633923        1.0769387326195645        1.7456880868650910        5.4013487892074572     
  0.92016220518017378       0.91972117741971360       0.92284024363878370       0.95331908827605383        1.0902754226565758        1.8011385287097910        5.7879271599535480     
  0.93290139585301157       0.93221272636379227       0.93494912647804673       0.96425159584112008        1.1032190257867132        1.8574734480839563        6.1978861835524253     
  0.94477368671602036       0.94388467465262105       0.94636962263543334       0.97460780336276065        1.1157860687332386        1.9146758141216422        6.6322961107186629     
  0.95576458316891411       0.95471672300503629       0.95710726254154077       0.98435387476244218        1.1279533180488059        1.9727037928977300        7.0922019297020782     
  0.96585830189298327       0.96468798433178382       0.96715828949809268       0.99347696387470152        1.1397165833485863        2.0315454438133758        7.5787543210112691     
  0.97503355800102476       0.97376569080278597       0.97645636463736007        1.0019536675395766        1.1510473643197359        2.0911677074299941        8.0930447910759167     
  0.98328709985066376       0.98195302007779039       0.98491969779205346        1.0097405835947959        1.1619236633721151        2.1515343407943108        8.6361653347965284     
  0.99059902330692295       0.98924448271083587       0.99250213842727208        1.0168001391377319        1.1723409080354035        2.2126322491613584        9.2092324640731515     
  0.99695910072259564       0.99562054206022432       0.99917749905356479        1.0231210157281994        1.1822930722251974        2.2744537451024698        9.8135363643003348     
   1.0023545086567249        1.0010559457325026        1.0049446624815672        1.0286834836181502        1.1917683907356351        2.3369737688602092        10.450256070450685     
   1.0067696544389202        1.0055284438021808        1.0097736787643774        1.0335153149830196        1.2007414254438811        2.4001301712584460        11.120399570031266     
   1.0101801297209878        1.0090124158606746        1.0136970734783619        1.0375570645114007        1.2091784014021052        2.4638664187267625        11.824990585323595     
   1.0125713547433031        1.0114948010096041        1.0166055002122791        1.0407956989634441        1.2170684298405414        2.5281512363830068        12.565026442922905     
   1.0139199418425295        1.0129826893634306        1.0184370679930077        1.0432691289950478        1.2244029321894063        2.5929743213122283        13.341813692607760     
   1.0141887630615383        1.0134426291651495        1.0192033762856398        1.0449033612336247        1.2311316621958237        2.6582339504742252        14.156099332828784     
   1.0133426093994236        1.0128544913089983        1.0188636899256531        1.0457331484208203        1.2372216163513670        2.7238659807861421        15.008761186673899     
   1.0113294662361845        1.0111649689534938        1.0171171543317543        1.0456143862370537        1.2426105359018902        2.7897386371819954        15.900264195437069     
   1.0080734949320724        1.0083555394650965        1.0141487956873418        1.0442718266353925        1.2472481577652741        2.8558130276740901        16.831056767278003     
   1.0034658722336551        1.0044038381441607        1.0098615548596346        1.0421417253234340        1.2510473644466971        2.9218948106158460        17.801462200682895     
  0.99742577407015454       0.99913911923273035        1.0041363069549003        1.0388733355086441        1.2539758821447249        2.9878260051510113        18.811489661651137     
  0.98988548326789327       0.99212948931881384       0.99627430473448719        1.0342984302845337        1.2558993552109923        3.0533977954601439        19.860671618859911     
  0.98075703182437957       0.98327567711109987       0.98660090062563932        1.0281627253137684        1.2565571859544653        3.1183839773829578        20.948152144657623     
  0.96967895770719081       0.97087609812842179       0.97495199014471234        1.0202529123990638        1.2558155530744086        3.1825350530543295        22.072749197570985     
  0.95529497024807652       0.95503722170050287       0.96104144773381495        1.0104845217569971        1.2538046596958017        3.2456421079879876        23.233416999222101     
  0.93421460142250123       0.93566621136842087       0.94429449514649400       0.99797755900412743        1.2501236315598356        3.3074315804140788        24.428375202856394     
  0.90872202867279483       0.91202610129492101       0.92455950286821198       0.98307042642436882        1.2444447162974970        3.3675705328324002        25.655087160597439     
  0.87755333264507340       0.88383777222516124       0.90098391480971518       0.96532159886173685        1.2365654786193385        3.4257420322351071        26.910748510460213     
  0.84107719085169286       0.85081941903654312       0.87300289468657311       0.94360848288408539        1.2260368784773494        3.4812685726090518        28.189142330164085     
  0.80987525600896226       0.82351352163580505       0.85078177017377110       0.92276770618551729        1.2134801310569077        3.5335646588707643        29.483247874591381     
  0.76932383762423640       0.78552273872080736       0.81789164478104015       0.89760503787654589        1.1987234471335941        3.5815380229094829        30.784855414170497     
  0.73209242065205415       0.75075892305755854       0.78714367708232980       0.87334093590113415        1.1820404483779543        3.6245614969337705        32.084589653459091     
  0.69853320102855665       0.71906294854142716       0.75851037937276167       0.84993856639306364        1.1650374293249925        3.6622630951203790        33.376050285937723     
  0.66888142010406992       0.69014721694403069       0.73191077289287743       0.82744312583992141        1.1476907869209576        3.6946293847986862        34.655665659950870     
  0.64502982552281551       0.66451068305598637       0.70728641483156318       0.80596005033372553        1.1296838096178001        3.7219381041066342        35.922510826887539     
  0.62656251704939159       0.64329397832057500       0.68461152616908860       0.78551886463472642        1.1111635540749993        3.7442467459355346        37.173665327693946     
  0.61140484143837337       0.62624970940341662       0.66392393567890673       0.76593887854555820        1.0920950023202822        3.7607273455437880        38.397032659824191     
  0.59912106080106542       0.61217017672050411       0.64541970352137323       0.74700203598385773        1.0725705030397756        3.7703606818163169        39.577434978797342     
  0.59043904992243001       0.60066291185254139       0.62934882380852464       0.72860181018775427        1.0530199938628719        3.7725228201156829        40.702557050874006     
  0.58548191949472694       0.59211534815840550       0.61580428461307146       0.71067725242002466        1.0329136960857250        3.7667062676344947        41.760398303918841     
  0.58287166050937556       0.58669791224383427       0.60468139907759055       0.69313640918834418        1.0121952091039652        3.7520429130448747        42.734064425490260     
  0.58149604395283017       0.58360611375511862       0.59597009880271434       0.67590570546771844       0.99074263320771172        3.7273246631847679        43.601129650863712     
  0.58089313350717442       0.58192089239292777       0.58967088684306557       0.65904400668312269       0.96837689267824112        3.6912065353333765        44.335740674803255     
  0.58070717053891674       0.58109402488953643       0.58551756631190388       0.64275608146348939       0.94494928552473767        3.6423882903446310        44.910428138034781     
  0.58066695475005070       0.58077455366207953       0.58302040608037486       0.62736433320920071       0.92026888769782711        3.5795831255306449        45.295775992211965     
  0.58065990193533157       0.58068486861920643       0.58165981808449241       0.61348266564397003       0.89412000499803768        3.5016735316102969        45.462649934153902     
  0.58065893671765045       0.58066602758269148       0.58102027286014557       0.60196783397153519       0.86628199381742921        3.4076709770474558        45.381135270817168     
  0.58065881135837205       0.58066273556183257       0.58077774034516294       0.59324171170093143       0.83657786372417431        3.2969819532388276        45.024958705797594     
  0.58065876423675256       0.58066194524814951       0.58070335305742216       0.58722203823634911       0.80494370878221499        3.1695197262672798        44.373529844063604     
  0.58065873394699519       0.58066153482716443       0.58068266071257180       0.58373704286818517       0.77147617987197503        3.0257716246104129        43.413045231097207     
  0.58065871446775508       0.58066125554055170       0.58067543593546200       0.58199278853861125       0.73652289844523611        2.8666913725247074        42.136289872161953     
  0.58065870267515818       0.58066106743572665       0.58067146442960926       0.58123170497695853       0.70088303009895869        2.6935056444223986        40.539975255437518     
  0.58065869603036702       0.58066094855017847       0.58066875595371092       0.58093674055180222       0.66626275520312384        2.5078929119812230        38.629879960447852     
  0.58065869257469060       0.58066087929780363       0.58066689191405463       0.58081910633545353       0.63543862120191041        2.3121020611722978        36.420405729814512     
  0.58065869093483780       0.58066084258697759       0.58066568526253004       0.58076034639283114       0.61163284948956842        2.1092317454571448        33.938754105193780     
  0.58065869023851535       0.58066082507474970       0.58066497327613886       0.58072404383343612       0.59610740150418395        1.9031225361532202        31.226108026150012     
  0.58065868998099779       0.58066081768218902       0.58066460005419751       0.58070036952773729       0.58788010519881362        1.6981552719464263        28.334093702980887     
  0.58065868989850367       0.58066081499430355       0.58066442945161145       0.58068556849220354       0.58413460876786882        1.4991726104428262        25.326822615486417     
  0.58065868987583036       0.58066081416627047       0.58066436300009305       0.58067709210365193       0.58247987904471943        1.3107245692019045        22.274762547048613     
  0.58065868987073976       0.58066081395189983       0.58066434152127477       0.58067281306877949       0.58164534141525892        1.1349205053113924        19.253741736771588     
  0.58065868986984648       0.58066081390663915       0.58066433589296151       0.58067099430076563       0.58116732806534210       0.97361492082596457        16.337659876744258     
  0.58065868986973090       0.58066081389927937       0.58066433472949286       0.58067037236478147       0.58089987068044469       0.83195364299359376        13.606390059404406     
  0.58065868986972136       0.58066081389842106       0.58066433454163513       0.58067020749367637       0.58076627350506194       0.72011320117672761        11.125161838208180     
  0.58065868986972002       0.58066081389835211       0.58066433451938249       0.58067017500875251       0.58070831507210585       0.64670309587165620        8.9354004550745056     
  0.58065868986971947       0.58066081389834845       0.58066433451761190       0.58067017047556546       0.58068725903201013       0.60882162201205481        7.0691450432262952     
  0.58075171312687668       0.58075383715556050       0.58075735777478754       0.58076319329851456       0.58077428044791901       0.59259890031982376        5.5388510354642477     
