  0.58166963133283278       0.59029350064475261       0.60005798373039143       0.59853390902367432       0.56552885786926177       0.51442514422912455       0.51648765765785443     
  0.57497723144345481       0.58288951470144601       0.59276007128847652       0.59550863808810195       0.57210601991147836       0.53453034531498966       0.55158920608741868     
  0.56966879250530622       0.57679603142241964       0.58632360176818521       0.59200320660096728       0.57752460585644827       0.55303189533683050       0.58566001327023964     
  0.56545225371749896       0.57174307605394092       0.58077389374274602       0.58855034039496723       0.58233119115321108       0.56965356616588736       0.61866522658756851     
  0.56213187798387210       0.56756953552364586       0.57601749462296292       0.58533910498748576       0.58669692925001560       0.58422724625368316       0.65108716477581052     
  0.55955983869543002       0.56416749731476434       0.57197092524241488       0.58245374342267509       0.59065222325770761       0.59769735366781873       0.68321934903891757     
  0.55761644425802437       0.56145083245920269       0.56855916473157075       0.57991871391403771       0.59408810862693717       0.61067289998110097       0.71484170944932024     
  0.55620784953610414       0.55933865677502881       0.56571749142925953       0.57772748749374103       0.59699719470993029       0.62336611436177980       0.74562480564031364     
  0.55523048006263942       0.55773659508259477       0.56337801337204052       0.57583800398397367       0.59938493895514144       0.63584755554764694       0.77519525833826752     
  0.55456328914898956       0.55654407819378571       0.56147074035766054       0.57421118097021084       0.60131149614838253       0.64815610894067399       0.80318261224314980     
  0.55411135755629759       0.55566491668561702       0.55991426537040223       0.57280870180098431       0.60287878748626100       0.66031701655291253       0.82926226933742642     
  0.55380987950895744       0.55501841218457282       0.55866690560512589       0.57160238054415557       0.60415220029974603       0.67233874428744611       0.85318256813448334     
  0.55361225248337753       0.55454611175006363       0.55771023156583954       0.57057713863928572       0.60525279400609011       0.68423404132963916       0.87479540574034742     
  0.55348302918120240       0.55420373013950974       0.55698208202143507       0.56970779266874128       0.60626757013799493       0.69599868753123550       0.89404286724331306     
  0.55339991515149001       0.55396000821239677       0.55643777518802029       0.56898305800115578       0.60727133111121567       0.70763269872762669       0.91096071080016461     
  0.55334819725989715       0.55379026992046476       0.55604629494953639       0.56839041221559727       0.60831871542742022       0.71913280632718024       0.92565746987627961     
  0.55331875003870801       0.55367547282010687       0.55577480275072266       0.56792061782544800       0.60943268631210479       0.73048996962005719       0.93829173129550125     
  0.55330579466277685       0.55360256568356236       0.55558956802129855       0.56757236219749585       0.61063172153366629       0.74169414073339612       0.94905422524188210     
  0.55330422429278914       0.55355946920278765       0.55547814744736645       0.56733775772751982       0.61194078996405210       0.75273267559830659       0.95814975455758178     
  0.55331129667966827       0.55354182951513020       0.55544976344284791       0.56720617460037104       0.61336568689485671       0.76359324376896565       0.96578242497641831     
  0.55332368832832379       0.55354461401383448       0.55550408283560326       0.56717866124806027       0.61491536511480627       0.77426800427494336       0.97214945229981298     
  0.55333847044588536       0.55355678745230219       0.55562052721005062       0.56725255002629460       0.61658745612355581       0.78474559401601951       0.97743153250046177     
  0.55335611869602042       0.55358579770549587       0.55577413761750394       0.56741831616638116       0.61838442574353103       0.79501507498959767       0.98179129653888708     
  0.55337318843369221       0.55362857197869908       0.55594917731454496       0.56766470045062734       0.62031201647510448       0.80506519831478840       0.98537288617302832     
  0.55339085440382907       0.55368148541882278       0.55613832089823323       0.56799266625672429       0.62238105992903092       0.81489683912621091       0.98830204283407364     
  0.55340832954954888       0.55374031667566537       0.55634669100004475       0.56839630923232276       0.62459793249832651       0.82450329762926000       0.99068691065962444     
  0.55342239623942235       0.55380019226133836       0.55656753408763482       0.56888421118969190       0.62696790419140969       0.83387331159749167       0.99261948952189105     
  0.55342837889224006       0.55385638934449133       0.55681162713722954       0.56943945092545212       0.62948032881325822       0.84299793623486008       0.99417822247386678     
  0.55342351666867007       0.55390665352860213       0.55704500444381899       0.57006210893468612       0.63213644697558924       0.85186711543890048       0.99542960067857722     
  0.55340303564180715       0.55395262675880386       0.55725605191526018       0.57077107354715728       0.63494536682481961       0.86048602688168352       0.99642961461371160     
  0.55335746202218361       0.55398524409527972       0.55743881310913046       0.57154982907797336       0.63789671476855114       0.86884377925995759       0.99722468207238812     
  0.55327724029065983       0.55399727991192105       0.55757874716400635       0.57242211184928338       0.64098705364364839       0.87693554019448783       0.99785369895542675     
  0.55314688442460125       0.55396465638128145       0.55761311905259747       0.57332252912675030       0.64420347459985983       0.88475085549182464       0.99834864945861801     
  0.55294542807368685       0.55388876996410497       0.55756333077053599       0.57417526305793920       0.64752891172403870       0.89229485646417483       0.99873627935002718     
  0.55264348398155805       0.55375908492237513       0.55739637737574577       0.57509817520921402       0.65093579076040320       0.89955130070700451       0.99903802288071009     
  0.55221092851585107       0.55352150740928807       0.55707379269222956       0.57601680784024734       0.65448522776211548       0.90651328047635438       0.99927162430567418     
  0.55161531450715062       0.55305811013803541       0.55637237660575012       0.57686214757474930       0.65812245483870790       0.91317128223851129       0.99945140852218384     
  0.55081506672284564       0.55220903656587794       0.55537927716708757       0.57756121527037063       0.66169087812867300       0.91951379701872749       0.99958895106373147     
  0.54971229983881031       0.55052673021213205       0.55403185584029435       0.57804101466104252       0.66516368884066102       0.92552506598097084       0.99969356864336001     
  0.54771806711443594       0.54790742362572342       0.55222319045590584       0.57828872469729076       0.66874687688051293       0.93118087476263967       0.99977270167017651     
  0.54345114365648839       0.54426677325979633       0.54974821289263209       0.57802957563461510       0.67223313470328694       0.93644856398030163       0.99983220930004679     
  0.53759059351689109       0.53932802054022022       0.54658692708507162       0.57741312043870952       0.67548707195430646       0.94129837992460719       0.99987669496702103     
  0.52981550277015665       0.53302441473637918       0.54236595176355407       0.57633199002232427       0.67849836923229623       0.94570555304569670       0.99990976005092680     
  0.52028909386561450       0.52520308305160279       0.53701232173907432       0.57436966411381774       0.68111186685513658       0.94963525076243138       0.99993416127379153     
   1.0000000000000000        1.0000000000000000        1.0000000000000000        1.0000000000000000        1.0000000000000000        1.0000000000000000        1.0000000000000000     
   1.0000000000000000        1.0000000000000000        1.0000000000000000        1.0000000000000000        1.0000000000000000        1.0000000000000000        1.0000000000000000     
   1.0000000000000000        1.0000000000000000        1.0000000000000000        1.0000000000000000        1.0000000000000000        1.0000000000000000        1.0000000000000000     
   1.0000000000000000        1.0000000000000000        1.0000000000000000        1.0000000000000000        1.0000000000000000        1.0000000000000000        1.0000000000000000     
   1.0000000000000000        1.0000000000000000        1.0000000000000000        1.0000000000000000        1.0000000000000000        1.0000000000000000        1.0000000000000000     
   1.0000000000000000        1.0000000000000000        1.0000000000000000        1.0000000000000000        1.0000000000000000        1.0000000000000000        1.0000000000000000     
   1.0000000000000000        1.0000000000000000        1.0000000000000000        1.0000000000000000        1.0000000000000000        1.0000000000000000        1.0000000000000000     
   1.0000000000000000        1.0000000000000000        1.0000000000000000        1.0000000000000000        1.0000000000000000        1.0000000000000000        1.0000000000000000     
   1.0000000000000000        1.0000000000000000        1.0000000000000000        1.0000000000000000        1.0000000000000000        1.0000000000000000        1.0000000000000000     
   1.0000000000000000        1.0000000000000000        1.0000000000000000        1.0000000000000000        1.0000000000000000        1.0000000000000000        1.0000000000000000     
   1.0000000000000000        1.0000000000000000        1.0000000000000000        1.0000000000000000        1.0000000000000000        1.0000000000000000        1.0000000000000000     
   1.0000000000000000        1.0000000000000000        1.0000000000000000        1.0000000000000000        1.0000000000000000        1.0000000000000000        1.0000000000000000     
   1.0000000000000000        1.0000000000000000        1.0000000000000000        1.0000000000000000        1.0000000000000000        1.0000000000000000        1.0000000000000000     
   1.0000000000000000        1.0000000000000000        1.0000000000000000        1.0000000000000000        1.0000000000000000        1.0000000000000000        1.0000000000000000     
   1.0000000000000000        1.0000000000000000        1.0000000000000000        1.0000000000000000        1.0000000000000000        1.0000000000000000        1.0000000000000000     
   1.0000000000000000        1.0000000000000000        1.0000000000000000        1.0000000000000000        1.0000000000000000        1.0000000000000000        1.0000000000000000     
   1.0000000000000000        1.0000000000000000        1.0000000000000000        1.0000000000000000        1.0000000000000000        1.0000000000000000        1.0000000000000000     
   1.0000000000000000        1.0000000000000000        1.0000000000000000        1.0000000000000000        1.0000000000000000        1.0000000000000000        1.0000000000000000     
   1.0000000000000000        1.0000000000000000        1.0000000000000000        1.0000000000000000        1.0000000000000000        1.0000000000000000        1.0000000000000000     
   1.0000000000000000        1.0000000000000000        1.0000000000000000        1.0000000000000000        1.0000000000000000        1.0000000000000000        1.0000000000000000     
   1.0000000000000000        1.0000000000000000        1.0000000000000000        1.0000000000000000        1.0000000000000000        1.0000000000000000        1.0000000000000000     
   1.0000000000000000        1.0000000000000000        1.0000000000000000        1.0000000000000000        1.0000000000000000        1.0000000000000000        1.0000000000000000     
   1.0000000000000000        1.0000000000000000        1.0000000000000000        1.0000000000000000        1.0000000000000000        1.0000000000000000        1.0000000000000000     
   1.0000000000000000        1.0000000000000000        1.0000000000000000        1.0000000000000000        1.0000000000000000        1.0000000000000000        1.0000000000000000     
   1.0000000000000000        1.0000000000000000        1.0000000000000000        1.0000000000000000        1.0000000000000000        1.0000000000000000        1.0000000000000000     
   1.0000000000000000        1.0000000000000000        1.0000000000000000        1.0000000000000000        1.0000000000000000        1.0000000000000000        1.0000000000000000     
   1.0000000000000000        1.0000000000000000        1.0000000000000000        1.0000000000000000        1.0000000000000000        1.0000000000000000        1.0000000000000000     
   1.0000000000000000        1.0000000000000000        1.0000000000000000        1.0000000000000000        1.0000000000000000        1.0000000000000000        1.0000000000000000     
   1.0000000000000000        1.0000000000000000        1.0000000000000000        1.0000000000000000        1.0000000000000000        1.0000000000000000        1.0000000000000000     
   1.0000000000000000        1.0000000000000000        1.0000000000000000        1.0000000000000000        1.0000000000000000        1.0000000000000000        1.0000000000000000     
   1.0000000000000000        1.0000000000000000        1.0000000000000000        1.0000000000000000        1.0000000000000000        1.0000000000000000        1.0000000000000000     
   1.0000000000000000        1.0000000000000000        1.0000000000000000        1.0000000000000000        1.0000000000000000        1.0000000000000000        1.0000000000000000     
   1.0000000000000000        1.0000000000000000        1.0000000000000000        1.0000000000000000        1.0000000000000000        1.0000000000000000        1.0000000000000000     
   1.0000000000000000        1.0000000000000000        1.0000000000000000        1.0000000000000000        1.0000000000000000        1.0000000000000000        1.0000000000000000     
   1.0000000000000000        1.0000000000000000        1.0000000000000000        1.0000000000000000        1.0000000000000000        1.0000000000000000        1.0000000000000000     
   1.0000000000000000        1.0000000000000000        1.0000000000000000        1.0000000000000000        1.0000000000000000        1.0000000000000000        1.0000000000000000     
   1.0000000000000000        1.0000000000000000        1.0000000000000000        1.0000000000000000        1.0000000000000000        1.0000000000000000        1.0000000000000000     
