 age=           1   2.8158005904700736        2.7339562088235088        2.5768815219821302        2.2890195786693752        1.8961334330852548        5.7986749858476010        19.709213136747827      , mean:     2.6251622114131203     
 age=           2   2.8322590583252873        2.7587304972628206        2.6093337519345310        2.3159426715832656        1.8704929012432625        5.7595879375582211        19.815274277660027      , mean:     2.6369613336875410     
 age=           3   2.8419424723946562        2.7760593785846184        2.6343529870382132        2.3363689776675094        1.8301595037315572        5.6477973009909386        19.703810828482556      , mean:     2.6345290079996477     
 age=           4   2.8460021779981810        2.7870416034222738        2.6527307933963464        2.3505947434078016        1.7765698348188856        5.4986580033070016        19.556355364932251      , mean:     2.6219614081695677     
 age=           5   2.8454101280752737        2.7925604732605143        2.6651106204833312        2.3588254216044890        1.7109152310969928        5.3618754906325705        19.394410907700912      , mean:     2.6030509739334207     
 age=           6   2.8409476524899180        2.7933556195468343        2.6720601767205081        2.3611682287978257        1.6356885818601823        5.2472921300310089        19.199704688441013      , mean:     2.5791170937599897     
 age=           7   2.8332285247654312        2.7900631544419912        2.6741238887104468        2.3577614522717401        1.5534794124051803        5.1415053824420855        18.970778096659160      , mean:     2.5501755922420686     
 age=           8   2.8227235023198878        2.7832119097019361        2.6717830453117282        2.3489144106948383        1.4674119030323682        5.0372472471165528        18.713463992400630      , mean:     2.5168401803389813     
 age=           9   2.8097857553990022        2.7732287286348569        2.6654514182029740        2.3350570261691015        1.3804864421848466        4.9323562234091538        18.434413918942703      , mean:     2.4800378430291197     
 age=          10   2.7946758003951029        2.7604471774358399        2.6554724777962053        2.3166928829118056        1.2950322130577598        4.8265965032834446        18.138997542918162      , mean:     2.4406486020585514     
 age=          11   2.7775822314426342        2.7451191237084229        2.6421227202954563        2.2943670715375464        1.2124090216274372        4.7201181629679514        17.831508360663964      , mean:     2.3993291579390985     
 age=          12   2.7586274570829752        2.7274199365327405        2.6256326801583412        2.2685150287715481        1.1331072108882170        4.6131697668290048        17.515405247008108      , mean:     2.3564688217525465     
 age=          13   2.7378756210044752        2.7074734833733825        2.6061681276165682        2.2394657726263847        1.0570902846333365        4.5060522878267735        17.193451017960182      , mean:     2.3122686363309408     
 age=          14   2.7153630328876979        2.6853654918362388        2.5838570442764839        2.2074874838887517       0.98400315098783375        4.3990765139487422        16.867870645712539      , mean:     2.2668149639873976     
 age=          15   2.6910857604543241        2.6611402857548230        2.5587822578447792        2.1727453041973872       0.91344058083347279        4.2925366928899580        16.540425379036083      , mean:     2.2201250954317135     
 age=          16   2.6650032977972460        2.6347993236664498        2.5309911429592367        2.1354506280109793       0.84507206121522771        4.1867067200897203        16.212514392907394      , mean:     2.1722368838361561     
 age=          17   2.6370402937463426        2.6063126993586270        2.5004897187346020        2.0957987072963125       0.77861994432121095        4.0818288789321411        15.885241809550028      , mean:     2.1231787801856141     
 age=          18   2.6070998296856480        2.5756229606996897        2.4672341111763716        2.0539150934464727       0.71393810987893880        3.9781354623638077        15.559473267855861      , mean:     2.0729684396056780     
 age=          19   2.5750592673555639        2.5426476678225831        2.4311853949278328        2.0099174886627038       0.65095627163129932        3.8758258968220582        15.235880459702214      , mean:     2.0216350415288007     
 age=          20   2.5407776656901926        2.5072814941444888        2.3922764697613794        1.9639471765635965       0.58965230971177895        3.7750758629910721        14.914980608299382      , mean:     1.9692175523302837     
 age=          21   2.5041012543522747        2.4693942758952576        2.3504201992437448        1.9159790939025949       0.53005403286350794        3.6760356003933241        14.597158825295509      , mean:     1.9156948607499935     
 age=          22   2.4648495301238649        2.4288262224714270        2.3055152684455380        1.8659571534229240       0.47219888830519796        3.5788300635494896        14.282706858849757      , mean:     1.8610287868433670     
 age=          23   2.4228189924264196        2.3853970842941061        2.2574522508004682        1.8137703545521155       0.41615309474973200        3.4835775605106298        13.971845006248085      , mean:     1.8051629720959248     
 age=          24   2.3777836363381635        2.3389051239376113        2.2061128525123959        1.7593622050426010       0.36198206851230530        3.3903716036809852        13.664733032001312      , mean:     1.7480560456389140     
 age=          25   2.3294891192509071        2.2891123290437316        2.1513738387791124        1.7027010271883658       0.30974479396504045        3.2992917879063342        13.361494820106881      , mean:     1.6896698043264797     
 age=          26   2.2776530178973888        2.2357481996962774        2.0931133983156220        1.6437472589054971       0.25948384224521542        3.2104069959820891        13.062235702380619      , mean:     1.6299564531180126     
 age=          27   2.2219633158403083        2.1785068903694964        2.0311879195373623        1.5824014016684826       0.21122567965200995        3.1237710635963007        12.767040900270574      , mean:     1.5688328134710456     
 age=          28   2.1620681935918125        2.1170400589624365        1.9653960529525865        1.5185365982526287       0.16499915302178905        3.0394262625352577        12.475976847016611      , mean:     1.5061882087759042     
 age=          29   2.0975742197148355        2.0509387802715935        1.8955263724961631        1.4519994392631936       0.12079354072531608        2.9573989324330276        12.189095510924519      , mean:     1.4418847808390725     
 age=          30   2.0280477379659212        1.9797333658902390        1.8213392461389954        1.3825698693406951        7.8564087482734232E-002   2.8777059452778335        11.906451572385679      , mean:     1.3757397122238886     
 age=          31   1.9529987030403095        1.9029101680398131        1.7425247046038097        1.3100140519181260        3.8223559804610348E-002   2.8003590239026366        11.628118218652695      , mean:     1.3075344089808534     
 age=          32   1.8718654677707161        1.8198917836560098        1.6586876398281472        1.2340499625666574       -3.6374086975844429E-004   2.7253582092495758        11.354161478818996      , mean:     1.2369945031343759     
 age=          33   1.7839961192729032        1.7300041967573727        1.5693520410044741        1.1542884736779568       -3.7383013598334090E-002   2.6526893353608307        11.084659988177416      , mean:     1.1637660476408287     
 age=          34   1.6886241467205179        1.6325090081997884        1.4739094856120027        1.0702898085893211       -7.3088733568002731E-002   2.5823274779733416        10.819688200425350      , mean:     1.0874216931607863     
 age=          35   1.5848238299458193        1.5266008896638841        1.3717096857840385       0.98157202603217930      -0.10781402379278122        2.5142389551466926        10.559332267986804      , mean:     1.0074833044238707     
 age=          36   1.4715026305286407        1.4114665309049690        1.2622020705699530       0.88756617264598492      -0.14195596205488076        2.4483808234721622        10.303686411216848      , mean:    0.92344620069442318     
 age=          37   1.3473837673749798        1.2863313262911937        1.1447829590908032       0.78766483665811704      -0.17599812924474895        2.3847122117698207        10.052860752699766      , mean:    0.83475876605701105     
 age=          38   1.2110137258459459        1.1504218804102517        1.0186065690424932       0.68122546598145317      -0.21065495507126897        2.3231848564033712        9.8069722380236986      , mean:    0.74074026598617004     
 age=          39   1.0611856822901333        1.0034596940596956       0.88243527392599552       0.56741102810150690      -0.24666324250363239        2.2637713619891673        9.5661510356871435      , mean:    0.64056949638128580     
 age=          40  0.89714750217557626       0.84420158219931940       0.73477741654682582       0.44525621134809606      -0.28466642004461051        2.2064510375625823        9.3305490869190599      , mean:    0.53328161805937879     
 age=          41  0.71826511976022467       0.67118399533348183       0.57351235524472577       0.31416208711696603      -0.32578247925047621        2.1511708232436053        9.1003657926763317      , mean:    0.41776995121398164     
 age=          42  0.52243546837958366       0.48172441856813786       0.39649863288708864       0.17237865885099046      -0.37129513783824480        2.0978278830955448        8.8758513069444245      , mean:    0.29235747374028209     
 age=          43  0.30716204335319175       0.27280040588645765       0.20133604783270270        1.8010317807313582E-002 -0.42262107897251155        2.0462592131372310        8.6572973733165313      , mean:    0.15519015401290495     
 age=          44   6.8320419439204333E-002   4.0682958139607123E-002  -1.5523425657677453E-002 -0.15150160926426159      -0.48087391606538005        1.9962671954309308        8.4450668560687525      , mean:     3.9018138586737307E-003
 age=          45 -0.19768447540358863      -0.21724615202519440      -0.25626334102181603      -0.33626203244743441      -0.54553435038104858        1.9481681545727338        8.2395924116509125      , mean:   -0.16211234600818586     
 age=          46 -0.14050478883407969      -0.15982912423121290      -0.19648319545315521      -0.26097009995311105      -0.46038582276706758        1.9244152235814376        8.0414493936340410      , mean:    -9.7312676904107498E-002
 age=          47  -9.3561451641593754E-002 -0.11189223396378685      -0.14611262759433025      -0.19617760122987346      -0.37538352630832889        1.9017233025312545        7.8469998488362567      , mean:    -3.9376429147576539E-002
 age=          48  -5.9290447967499812E-002  -7.3944914558248795E-002 -0.10372330214925610      -0.14073146027467015      -0.29057861739799346        1.8799503977298542        7.6560205102105527      , mean:     1.2409931644300541E-002
 age=          49  -3.6353988922494862E-002  -4.6522674726799718E-002  -6.9497098520200321E-002  -9.3720201126067867E-002 -0.20575707132463630        1.8589381438459907        7.4682824077722767      , mean:     5.8365124061120488E-002
 age=          50  -2.1484635562259213E-002  -2.7624726658735187E-002  -4.3111560342237426E-002  -5.4490842758352052E-002 -0.12218097978619082        1.8385315273129448        7.2836303145787022      , mean:     9.8644731261509563E-002
 age=          51  -1.2676740963941755E-002  -1.5773399458815680E-002  -2.3968181242947049E-002  -2.2575845819452749E-002  -4.0957033022077156E-002   1.8186044362581695        7.1020617237018904      , mean:    0.13340029890422717     
 age=          52  -7.0631751410651375E-003  -8.6612616102186776E-003  -1.1130064736419719E-002   2.3975768711944952E-003   3.8259681243930810E-002   1.7990579341524970        6.9237194730126301      , mean:    0.16323931255247792     
 age=          53  -3.4896277852279048E-003  -4.3551316380629722E-003  -3.3442898535553799E-003   2.0785347967825590E-002  0.11431380092590641        1.7797692166083428        6.7487295276907551      , mean:    0.18844083812109286     
 age=          54  -1.4093953369881589E-003  -1.7784182686982801E-003   8.0477004805997322E-004   3.3054568588777804E-002  0.18476760895795533        1.7605933481385605        6.5772031075604911      , mean:    0.20899737055741724     
 age=          55  -3.4249959621845396E-004  -3.3131412591407716E-004   2.6291831857508962E-003   3.9834341267173244E-002  0.24824519003867909        1.7413819052658144        6.4093500256613227      , mean:    0.22516506176846918     
 age=          56   8.3065590259666318E-005   3.4724349519442400E-004   3.1450516533197046E-003   4.1939894119726505E-002  0.30336717141846170        1.7219984071257644        6.2455158373915971      , mean:    0.23718466520756093     
 age=          57   1.8463386848328035E-004   5.3592855710647670E-004   2.9784550756622513E-003   4.0350259378317599E-002  0.34912618986500105        1.7023103287339554        6.0860491093738274      , mean:    0.24534968166036186     
 age=          58   1.7336133269220587E-004   4.8793818388647114E-004   2.4815829591014324E-003   3.6145389185716775E-002  0.38460778887569214        1.6821743305912071        5.9311978411158126      , mean:    0.24994466477636978     
 age=          59   1.4596084871648467E-004   3.7156827500679323E-004   1.8845581288892133E-003   3.0290498557265119E-002  0.40680609337482643        1.6614462671615104        5.7811313952008234      , mean:    0.25066920737696868     
 age=          60   1.2868615051638401E-004   2.7617682085117901E-004   1.3123819478720032E-003   2.3678675683093172E-002  0.41423332401033014        1.6399951151573526        5.6359690601231476      , mean:    0.24753200305804876     
 age=          61   1.2140330389664696E-004   2.2253839899164622E-004   8.6104494272114186E-004   1.7334318195074791E-002  0.40660831024635757        1.6177226443023487        5.4957667929646092      , mean:    0.24087338387056714     
 age=          62   1.1930316413631308E-004   2.0044742078597247E-004   5.6197281015039728E-004   1.1810357242539456E-002  0.38455758833187415        1.5945967843628761        5.3605106856390261      , mean:    0.23105981344238763     
 age=          63   1.1907520975793439E-004   1.9443317209578027E-004   4.0045505249713015E-004   7.5190389047992065E-003  0.34950736359416745        1.5706725979541902        5.2300735033803774      , mean:    0.21859064454725857     
 age=          64   1.1927885396510111E-004   1.9439050949821785E-004   3.3273929450623052E-004   4.5279828388024041E-003  0.30382649387061383        1.5461693618653312        5.1042270184196612      , mean:    0.20406475252984993     
 age=          65   1.1948961308432725E-004   1.9570055429053715E-004   3.1461118708651990E-004   2.5971528063886396E-003  0.25110776482293495        1.5214926132759325        4.9826558711025699      , mean:    0.18827090744385627     
 age=          66   1.1963499933684492E-004   1.9689381769024368E-004   3.1568902058812432E-004   1.4989482858867636E-003  0.19610745711097133        1.4971973590513321        4.8649795367293223      , mean:    0.17229605317506710     
 age=          67   1.1972255510321675E-004   1.9771273479959035E-004   3.2104035112614241E-004   9.5768148081734508E-004  0.14355702561719519        1.4739753949401975        4.7507435312761217      , mean:    0.15721462425471341     
 age=          68   1.1976907257585383E-004   1.9820529349191167E-004   3.2547762693715943E-004   7.3360647455945058E-004   9.7133331766756786E-002   1.4524214608310155        4.6393533004104457      , mean:    0.14385539355922872     
 age=          69   1.1978961830038251E-004   1.9846257478552492E-004   3.2817297369806841E-004   6.5519691315415345E-004   6.0229184072629831E-002   1.4321158842008381        4.5300333230030505      , mean:    0.13294167181192612     
 age=          70   1.1979613729858116E-004   1.9856796879546716E-004   3.2948433948615951E-004   6.2617923361658336E-004   3.4218708354723293E-002   1.4101125731445496        4.4216583599854076      , mean:    0.12457964462778678     
 age=          71   1.1979687061754429E-004   1.9859112841330245E-004   3.2989610991668918E-004   6.0738106540863992E-004   1.8347880217659138E-002   1.3799448326332719        4.3125391243639699      , mean:    0.11816196982675438     
 age=          72   1.1979620869432288E-004   1.9858301276854914E-004   3.2981266928314054E-004   5.8979574724712957E-004   9.8067100732214842E-003   1.3290012114229277        4.2002329742310778      , mean:    0.11221163227125305     
 age=          73   1.1979565201046950E-004   1.9857152732756118E-004   3.2955133677187176E-004   5.7430391458049616E-004   5.7038732803808521E-003   1.2369958881256138        4.0813010416255135      , mean:    0.10475525556084818     
 age=          74   1.1979532732993979E-004   1.9856505319249779E-004   3.2931800124602406E-004   5.6232490202818100E-004   3.7436152602578821E-003   1.0830996596422786        3.9510270794610149      , mean:     9.3921624957675282E-002
 age=          75   1.1979505166227313E-004   1.9856252470896470E-004   3.2918558655071361E-004   5.5409669924215551E-004   2.6375075085102438E-003  0.86468275394077809        3.8030373070748591      , mean:     7.9195500997338575E-002
 age=          76   1.1979467895845936E-004   1.9856142347465748E-004   3.2913359452903127E-004   5.4915229049708756E-004   1.8980904067463628E-003  0.61096093332840340        3.6288811728402242      , mean:     6.2207939342483164E-002
 age=          77   1.1979408375559805E-004   1.9856036212266638E-004   3.2911844867461893E-004   5.4671445319431759E-004   1.4095954055280740E-003  0.37527670501575755        3.4173590913098049      , mean:     4.6151670699119206E-002
 age=          78   1.1979306170657617E-004   1.9855866067943400E-004   3.2911325497838218E-004   5.4579946651648400E-004   1.1281606218063926E-003  0.20267019510373535        3.1552432416136766      , mean:     3.3710748402760421E-002
 age=          79   1.1979114144561578E-004   1.9855547822514869E-004   3.2910771081722396E-004   5.4554735819728180E-004   9.9019661384143194E-004  0.10301426933660161        2.8285245378608823      , mean:     2.5387624903559801E-002
 age=          80   1.1978690637899090E-004   1.9854846146470163E-004   3.2909607069284168E-004   5.4548397776832467E-004   9.3247139908941140E-004   5.5111379243758953E-002   2.4236467787678881      , mean:     1.9769170836496385E-002
 age=          81   1.1977326764717366E-004   1.9852586610769152E-004   3.2905865845762113E-004   5.4541659710272659E-004   9.1171025180658506E-004   3.0603950662976841E-002   1.9589684137462866      , mean:     1.5213596986302060E-002
   1.2892636078973361     
   1.3539704591262778     
