   1.1277234346659436E-004   1.0655666542114196E-003   4.1687228104966166E-003   6.5604178601867957E-003   4.1687228104966131E-003   1.0655666542114185E-003   1.1277234346659343E-004
   1.1267232542392893E-004   1.0646216007718244E-003   4.1650255609484918E-003   6.5545994109706650E-003   4.1650255609484909E-003   1.0646216007718229E-003   1.1267232542392755E-004
   1.1256830665955647E-004   1.0636387451946451E-003   4.1611804214184761E-003   6.5485482237858713E-003   4.1611804214184414E-003   1.0636387451946423E-003   1.1256830665955505E-004
   1.1246028717347744E-004   1.0626180874798853E-003   4.1571873919064844E-003   6.5422642986324390E-003   4.1571873919064757E-003   1.0626180874798797E-003   1.1246028717347626E-004
   1.1235169615572581E-004   1.0615920294597570E-003   4.1531732352542289E-003   6.5359471251977604E-003   4.1531732352542358E-003   1.0615920294597520E-003   1.1235169615572486E-004
   1.1224424820131908E-004   1.0605767720503619E-003   4.1492013328825539E-003   6.5296964483255709E-003   4.1492013328825366E-003   1.0605767720503585E-003   1.1224424820131763E-004
   1.1213737177858458E-004   1.0595669149463340E-003   4.1452505576511159E-003   6.5234790197346198E-003   4.1452505576511228E-003   1.0595669149463330E-003   1.1213737177858356E-004
   1.1203106688752294E-004   1.0585624581476818E-003   4.1413209095599859E-003   6.5172948394248923E-003   4.1413209095599824E-003   1.0585624581476803E-003   1.1203106688752141E-004
   1.1192304740144337E-004   1.0575418004329235E-003   4.1373278800480046E-003   6.5110109142714383E-003   4.1373278800480003E-003   1.0575418004329176E-003   1.1192304740144240E-004
   1.1181102719365751E-004   1.0564833405805770E-003   4.1331869605541333E-003   6.5044942511493595E-003   4.1331869605541072E-003   1.0564833405805750E-003   1.1181102719365662E-004
   1.1169386320082049E-004   1.0553762779799060E-003   4.1288558967977557E-003   6.4976783534961471E-003   4.1288558967977522E-003   1.0553762779799036E-003   1.1169386320081961E-004
   1.1156926929624248E-004   1.0541990114094374E-003   4.1242501802177976E-003   6.4904302281869166E-003   4.1242501802178011E-003   1.0541990114094422E-003   1.1156926929624175E-004
   1.1143838854326822E-004   1.0529623414799185E-003   4.1194120650948343E-003   6.4828163717840954E-003   4.1194120650948334E-003   1.0529623414799101E-003   1.1143838854326767E-004
   1.1129950634688119E-004   1.0516500672752235E-003   4.1142781700080301E-003   6.4747370394439407E-003   4.1142781700080292E-003   1.0516500672752176E-003   1.1129950634688013E-004
   1.1115262270708023E-004   1.0502621887953569E-003   4.1088484949573512E-003   6.4661922311665372E-003   4.1088484949573520E-003   1.0502621887953601E-003   1.1115262270707927E-004
   1.1099773762386610E-004   1.0487987060403307E-003   4.1031230399428296E-003   6.4571819469518036E-003   4.1031230399428166E-003   1.0487987060403357E-003   1.1099773762386544E-004
   1.1083370803389425E-004   1.0472488183993960E-003   4.0970595506839040E-003   6.4476396902373541E-003   4.0970595506839092E-003   1.0472488183993936E-003   1.1083370803389321E-004
   1.1065939087381972E-004   1.0456017252618228E-003   4.0906157729000726E-003   6.4374989644606171E-003   4.0906157729000458E-003   1.0456017252618180E-003   1.1065939087381866E-004
   1.1047364308029724E-004   1.0438466260168564E-003   4.0837494523106701E-003   6.4266932730592009E-003   4.0837494523106891E-003   1.0438466260168546E-003   1.1047364308029667E-004
   1.1027417852663760E-004   1.0419619194430353E-003   4.0763760803547147E-003   6.4150896229081648E-003   4.0763760803547251E-003   1.0419619194430411E-003   1.1027417852663707E-004
   1.1006042568116917E-004   1.0399422052349890E-003   4.0684745298918646E-003   6.4026547657262253E-003   4.0684745298918785E-003   1.0399422052349921E-003   1.1006042568116828E-004
   1.0983066994887332E-004   1.0377712824766064E-003   4.0599814195013432E-003   6.3892889566697164E-003   4.0599814195013363E-003   1.0377712824766034E-003   1.0983066994887322E-004
   1.0958319673473505E-004   1.0354329502517861E-003   4.0508333677622705E-003   6.3748924508949100E-003   4.0508333677622913E-003   1.0354329502517800E-003   1.0958319673473415E-004
   1.0931743450708017E-004   1.0329218082551501E-003   4.0410092475344113E-003   6.3594320001206014E-003   4.0410092475344070E-003   1.0329218082551423E-003   1.0931743450707956E-004
   1.0903338326590885E-004   1.0302378564867032E-003   4.0305090588177691E-003   6.3429076043467559E-003   4.0305090588177639E-003   1.0302378564867010E-003   1.0903338326590828E-004
   1.0872989994787793E-004   1.0273702943357026E-003   4.0192905473317320E-003   6.3252527670109053E-003   4.0192905473317589E-003   1.0273702943357000E-003   1.0872989994787632E-004
   1.0840412689462283E-004   1.0242921202753108E-003   4.0072480773750072E-003   6.3063012467068991E-003   4.0072480773750063E-003   1.0242921202753097E-003   1.0840412689462191E-004
   1.0805377797945654E-004   1.0209817330840434E-003   3.9942971403864576E-003   6.2859200503097637E-003   3.9942971403864437E-003   1.0209817330840449E-003   1.0805377797945529E-004
   1.0767771013903259E-004   1.0174283321511724E-003   3.9803954820855254E-003   6.2640426812570682E-003   3.9803954820855090E-003   1.0174283321511695E-003   1.0767771013903202E-004
   1.0727592337335180E-004   1.0136319174766815E-003   3.9655431024722184E-003   6.2406691395487865E-003   3.9655431024722106E-003   1.0136319174766856E-003   1.0727592337335124E-004
   1.0684441696070851E-004   1.0095546869230078E-003   3.9495921115645979E-003   6.2155666872162809E-003   3.9495921115646022E-003   1.0095546869230056E-003   1.0684441696070694E-004
   1.0638090477441147E-004   1.0051750392686583E-003   3.9324580008016112E-003   6.1886023311346150E-003   3.9324580008015982E-003   1.0051750392686598E-003   1.0638090477441029E-004
   1.0588081456108188E-004   1.0004497720706874E-003   3.9139717530610124E-003   6.1595100850538936E-003   3.9139717530609934E-003   1.0004497720706856E-003   1.0588081456108117E-004
   1.0534071713068686E-004   9.9534648349687365E-004   3.8940066055011581E-003   6.1280904592867251E-003   3.8940066055011568E-003   9.9534648349687647E-004   1.0534071713068570E-004
   1.0475604022984579E-004   9.8982197110427913E-004   3.8723935409998621E-003   6.0940774675832081E-003   3.8723935409998495E-003   9.8982197110427349E-004   1.0475604022984444E-004
   1.0412221160518029E-004   9.8383303244994023E-004   3.8489635424349090E-003   6.0572051236934595E-003   3.8489635424349185E-003   9.8383303244993113E-004   1.0412221160517937E-004
   1.0343351593996675E-004   9.7732566448015625E-004   3.8235053384035682E-003   6.0171409448051419E-003   3.8235053384035786E-003   9.7732566448015170E-004   1.0343351593996588E-004
   1.0268423791748189E-004   9.7024586414125639E-004   3.7958076575030815E-003   5.9735524481059395E-003   3.7958076575030754E-003   9.7024586414125259E-004   1.0268423791748073E-004
   1.0186866222100032E-004   9.6253962837953503E-004   3.7656592283306996E-003   5.9261071507834316E-003   3.7656592283306966E-003   9.6253962837953091E-004   1.0186866222099983E-004
   1.0098335966049020E-004   9.5417455536277531E-004   3.7329332880447407E-003   5.8746055631502475E-003   3.7329332880447655E-003   9.5417455536277629E-004   1.0098335966048888E-004
   1.0002318645089850E-004   9.4510204234267425E-004   3.6974396923828046E-003   5.8187484506752587E-003   3.6974396923828102E-003   9.4510204234267263E-004   1.0002318645089678E-004
   9.8981855743828520E-005   9.3526268596015388E-004   3.6589460428018122E-003   5.7581700822648980E-003   3.6589460428018005E-003   9.3526268596015485E-004   9.8981855743827545E-005
   9.7854223754229922E-005   9.2460788346689809E-004   3.6172621950392825E-003   5.6925712233880151E-003   3.6172621950392803E-003   9.2460788346689776E-004   9.7854223754229055E-005
   9.6625430658620938E-005   9.1299722692331187E-004   3.5718388434481030E-003   5.6210874187325472E-003   3.5718388434480943E-003   9.1299722692331372E-004   9.6625430658619826E-005
   9.5282331228536312E-005   9.0030650930589804E-004   3.5221900638019131E-003   5.5429539578300251E-003   3.5221900638018997E-003   9.0030650930590433E-004   9.5282331228535756E-005
   9.3815209425546982E-005   8.8644392542339503E-004   3.4679566947160459E-003   5.4576056198994884E-003   3.4679566947160502E-003   8.8644392542339503E-004   9.3815209425545884E-005
   9.2212634616203559E-005   8.7130146916841158E-004   3.4087161933850228E-003   5.3643774393162570E-003   3.4087161933850346E-003   8.7130146916840714E-004   9.2212634616202908E-005
   9.0475749863852168E-005   8.5488994115168009E-004   3.3445108140893838E-003   5.2633359126427366E-003   3.3445108140893712E-003   8.5488994115168161E-004   9.0475749863851517E-005
   8.8614842738595192E-005   8.3730654686986136E-004   3.2757208453540799E-003   5.1550795089412441E-003   3.2757208453540660E-003   8.3730654686985670E-004   8.8614842738594284E-005
   8.6646487658931137E-005   8.1870789517864237E-004   3.2029589742470711E-003   5.0405724283675204E-003   3.2029589742470560E-003   8.1870789517864096E-004   8.6646487658930446E-005
   8.4580972194964052E-005   7.9919119157467603E-004   3.1266054892933096E-003   4.9204131399838398E-003   3.1266054892933070E-003   7.9919119157467267E-004   8.4580972194962507E-005
   8.2408580308261759E-005   7.7866463086668689E-004   3.0463012291081426E-003   4.7940364230091934E-003   3.0463012291081213E-003   7.7866463086668494E-004   8.2408580308260851E-005
   8.0117309833704583E-005   7.5701480664192022E-004   2.9616025237457688E-003   4.6607440635376418E-003   2.9616025237457684E-003   7.5701480664192098E-004   8.0117309833704244E-005
   7.7705446176277052E-005   7.3422551798427431E-004   2.8724459917853851E-003   4.5204363167254714E-003   2.8724459917853769E-003   7.3422551798427507E-004   7.7705446176276415E-005
   7.5174703930995073E-005   7.1031296580985283E-004   2.7788950146477977E-003   4.3732129274163967E-003   2.7788950146478003E-003   7.1031296580985510E-004   7.5174703930994396E-005
   7.2520510844479541E-005   6.8523394767570488E-004   2.6807805752108171E-003   4.2188079093605614E-003   2.6807805752108046E-003   6.8523394767570434E-004   7.2520510844478660E-005
   6.9733722409972925E-005   6.5890205869592068E-004   2.5777646392300562E-003   4.0566892900581767E-003   2.5777646392300441E-003   6.5890205869591927E-004   6.9733722409972234E-005
   6.6805194120716499E-005   6.3123089398459749E-004   2.4695091724610901E-003   3.8863250970094612E-003   2.4695091724610831E-003   6.3123089398459977E-004   6.6805194120716363E-005
   6.3729210659987988E-005   6.0216645048804390E-004   2.3558029035011855E-003   3.7073828474021193E-003   2.3558029035011803E-003   6.0216645048804369E-004   6.3729210659987256E-005
   6.0502914369423924E-005   5.7168172667941531E-004   2.2365401966489510E-003   3.5196962998299323E-003   2.2365401966489597E-003   5.7168172667941672E-004   6.0502914369423369E-005
   5.7128591375714565E-005   5.3979832378018720E-004   2.1118055604655121E-003   3.3233984474178441E-003   2.1118055604655165E-003   5.3979832378018590E-004   5.7128591375713928E-005
   5.3613100058927821E-005   5.0658104545478770E-004   1.9818525206341479E-003   3.1188882695406825E-003   1.9818525206341513E-003   5.0658104545478683E-004   5.3613100058927604E-005
   4.9971300242546320E-005   4.7217029964281561E-004   1.8472303828020230E-003   2.9070302215105583E-003   1.8472303828020178E-003   4.7217029964281571E-004   4.9971300242545920E-005
   4.6226624725137216E-005   4.3678749886440297E-004   1.7088053597203987E-003   2.6891874828581285E-003   1.7088053597203953E-003   4.3678749886440286E-004   4.6226624725136803E-005
   4.2409936217008344E-005   4.0072425960948347E-004   1.5677183169641199E-003   2.4671554607700740E-003   1.5677183169641258E-003   4.0072425960948211E-004   4.2409936217007992E-005
   3.8556669681847731E-005   3.6431540081093857E-004   1.4252791372302565E-003   2.2429955486829595E-003   1.4252791372302558E-003   3.6431540081093835E-004   3.8556669681847284E-005
   3.4703974678359245E-005   3.2791194231776317E-004   1.2828610846366635E-003   2.0188688848770762E-003   1.2828610846366585E-003   3.2791194231776398E-004   3.4703974678358920E-005
   3.0893001486954274E-005   2.9190270611653414E-004   1.1419853132831393E-003   1.7971693456013751E-003   1.1419853132831348E-003   2.9190270611653473E-004   3.0893001486954030E-005
   2.7166614983060869E-005   2.5669271510993360E-004   1.0042363586903122E-003   1.5803905519484593E-003   1.0042363586903076E-003   2.5669271510993388E-004   2.7166614983060780E-005
   2.3570537700469598E-005   2.2271399372748990E-004   8.7130439208017599E-004   1.3711923664171508E-003   8.7130439208018043E-004   2.2271399372748992E-004   2.3570537700469385E-005
   2.0151635236314831E-005   1.9040936700947034E-004   7.4492183895528855E-004   1.1723011480687245E-003   7.4492183895528540E-004   1.9040936700947045E-004   2.0151635236314536E-005
   1.6953343997697164E-005   1.6018925816392731E-004   6.2669436197653578E-004   9.8624376627705367E-004   6.2669436197653557E-004   1.6018925816392780E-004   1.6953343997697029E-005
   1.4015099670010803E-005   1.3242628826133008E-004   5.1807973382289965E-004   8.1531435244735703E-004   5.1807973382289835E-004   1.3242628826133008E-004   1.4015099670010672E-005
   1.1367764963563984E-005   1.0741207379160992E-004   4.2021882006922112E-004   6.6130831376632932E-004   4.2021882006922112E-004   1.0741207379160960E-004   1.1367764963563820E-005
   9.0330580819069002E-006   8.5351826358793273E-005   3.3391445204595448E-004   5.2548908492090502E-004   3.3391445204595410E-004   8.5351826358792798E-005   9.0330580819068257E-006
   7.0206950634700744E-006   6.6337351154154554E-005   2.5952579113777392E-004   4.0842188669208603E-004   2.5952579113777338E-004   6.6337351154154540E-005   7.0206950634699914E-006
   5.3329620349429380E-006   5.0390249399171017E-005   1.9713734590577712E-004   3.1023971220480638E-004   1.9713734590577663E-004   5.0390249399170895E-005   5.3329620349428982E-006
   3.9572852995332660E-006   3.7391714375721794E-005   1.4628431926391595E-004   2.3021109927189834E-004   1.4628431926391546E-004   3.7391714375721706E-005   3.9572852995332381E-006
   2.8668028686393469E-006   2.7087931731458771E-005   1.0597373561926630E-004   1.6677337867530950E-004   1.0597373561926648E-004   2.7087931731458791E-005   2.8668028686393244E-006
   2.0289374369357495E-006   1.9171084060342596E-005   7.5001347976155739E-005   1.1803139838463883E-004   7.5001347976155481E-005   1.9171084060342600E-005   2.0289374369357309E-006
   1.4025387240113519E-006   1.3252349375797403E-005   5.1846002234784777E-005   8.1591282150958818E-005   5.1846002234784756E-005   1.3252349375797430E-005   1.4025387240113462E-006
