  0.99159392516839662       0.98367926732747224       0.96312517389315677       0.92530592612272200       0.85368990459199945       0.97745030053801896       0.99999999990997213     
  0.99347010446472028       0.98655174636156073       0.97196896155181745       0.93094130318734170       0.85540643177431952       0.97706773987135220       0.99999999988320554     
  0.99492272037297869       0.98896136160240611       0.97530992890028223       0.93596999139090575       0.85668790150123442       0.97668439327616974       0.99999999985020249     
  0.99606870341537490       0.99087319815300712       0.97823738822699746       0.94068892534597381       0.85747560286307500       0.97630358490356772       0.99999999981016885     
  0.99691323372539897       0.99241772004575257       0.98078593820103666       0.94475332340315477       0.85719074425542130       0.97591832013356750       0.99999999986259291     
  0.99755708504854712       0.99366970176549985       0.98299805181579125       0.94812062517607543       0.85704003671036644       0.97553055998726212       0.99999999982808174     
  0.99805157585505266       0.99468888381892706       0.98492632494975307       0.95079929854052581       0.86298989621591082       0.97513958229200481       0.99999999978742027     
  0.99843109981329525       0.99551987810299636       0.98660273328518644       0.95279915757753342       0.85942741183520288       0.97477496051687951       0.99999999974013121     
  0.99872515082423197       0.99611679890117244       0.98806272738495371       0.95301876945140152       0.85267774297858379       0.97437631397246027       0.99999999968576214     
  0.99895441875712421       0.99663409099586309       0.98933342678231273       0.95318038880317402       0.84473361093121568       0.97398003568769753       0.99999999977659415     
  0.99913440876711757       0.99711553173588197       0.99043595594189671       0.95168315293915806       0.83365395514045493       0.97368862475307949       0.99999999973306142     
  0.99927249041472899       0.99751593701570884       0.99116201058632969       0.95163349075988080       0.82005904676517860       0.97362429539250217       0.99999999968405706     
  0.99938636161227801       0.99785000101207788       0.99110125873706822       0.94953686933258108       0.80418106300633441       0.97435531150868704       0.99999999962911679     
  0.99947751958769093       0.99810792365103795       0.99141486583669158       0.94842587375393406       0.78748865083012476       0.97485526230818853       0.99999999974205966     
  0.99955182335884796       0.99832437541668217       0.99119734673234616       0.94739515493489046       0.77004381949402823       0.97446957294825765       0.99999999970009534     
  0.99960293163127412       0.99851206697266504       0.99084380248007642       0.94519716049670210       0.75253936233719476       0.97407694387278521       0.99999999965311537     
  0.99964668583702188       0.99865060962409469       0.98759414271535251       0.94191493255273717       0.73192038348408139       0.97369282487253683       0.99999999960010233     
  0.99968326437505284       0.99866322228923576       0.98645667973473339       0.93901260992515356       0.71471784584629605       0.97328790396272324       0.99999999972995857     
  0.99971671384505545       0.99869476271709279       0.98548769475000242       0.93543654492228190       0.70409894831438657       0.97287736330561225       0.99999999969074749     
  0.99973768424330967       0.99767485501351061       0.98280127210649593       0.93287728460974717       0.68700837294986328       0.97249053658166063       0.99999999964601471     
  0.99974850563235051       0.99709082409850258       0.97986941756799240       0.92195584247817419       0.67033545536557337       0.97210954630443913       0.99999999976917631     
  0.99973846713830539       0.99584599474436120       0.97883291192042177       0.91722429663807903       0.65416761395286083       0.97170768338627334       0.99999999973795939     
  0.99910590997731219       0.99414300048450865       0.97665751629641084       0.91174967420978115       0.63862387140527987       0.97151696581329339       0.99999999970269715     
  0.99871219557570767       0.99104322950377077       0.97397369194396410       0.90504344367431488       0.62338982810227339       0.97153529551011553       0.99999999981505228     
  0.99826821473613792       0.99000895265897360       0.97108263574482256       0.89667323207706984       0.60868351444541424       0.97287161262299360       0.99999999979322618     
  0.99632964249729461       0.98822737777958136       0.96889182273181773       0.88079101375967184       0.59473656106526163       0.97319314082487396       0.99999999976986431     
  0.99341564538848559       0.98285900022225270       0.96507338727961134       0.87274995903143893       0.58159367762396053       0.97289450684707990       0.99999999974556553     
  0.99167899060453324       0.98112693067101830       0.96221666005144169       0.85852127456585714       0.56858423541072078       0.97266034312920624       0.99999999985429033     
  0.98773385210649667       0.98000950706829759       0.95772285087104203       0.85087300393544574       0.55650823673310634       0.97240101685010272       0.99999999984381449     
  0.98494021113925923       0.97561654643298112       0.95568151939769386       0.82334920643581289       0.51346555388974291       0.97221698275763035       0.99999999991622823     
  0.98339414804468672       0.97307533699328452       0.95208031795751913       0.81660621560116076       0.52155747948960507       0.97200863818324246       0.99999999991391264     
  0.97975265151356616       0.96892005796806513       0.94905932429641204       0.79146139311244079       0.50768873975379769       0.97188568691473975       0.99999999991335242     
  0.97586440130782237       0.96628226814239349       0.94316319337794274       0.78592433221564506       0.49843529671312309       0.97202466700587054       0.99999999995866884     
  0.97211204192549572       0.96375492479737590       0.93560718886643734       0.78037987943917309       0.47865219503027828       0.97252884127492001       0.99999999996103017     
  0.96883668947970147       0.95677026950317601       0.93075535610882631       0.77412642599177939       0.46598982545231721       0.97447930779619618       0.99999999996448319     
  0.96326778953779080       0.95440919156779958       0.92411274190795367       0.75732460120231515       0.44763097451335881       0.97471136690693916       0.99999999998573719     
  0.96083235496510733       0.94863558195963615       0.88686508974895795       0.72699695860922953       0.44063203500772874       0.97478809979295367       0.99999999998831424     
  0.95362225355498442       0.94182795800984598       0.87852207618467915       0.72274881434626204       0.42646758094751397       0.97491258953885229       0.99999999999597589     
  0.94597560333914665       0.92642384807431588       0.84897110301610790       0.71309745140224889       0.42301728081302287       0.97508805057249504       0.99999999999697109     
  0.93720347550637195       0.89984747910203478       0.81126323949233126       0.70017975617552053       0.42581759814233339       0.97531689578825320       0.99999999999780431     
  0.90804711000575389       0.86790526543045565       0.79646990459970946       0.67881252080421173       0.36433910077267884       0.97560287890907882       0.99999999999938183     
  0.84303765788103213       0.80530958810627085       0.77750399057915631       0.65458070586801853       0.34012805669423829       0.97594945449151338       0.99999999999960376     
  0.80747003203549650       0.77898316402742906       0.72962259924923745       0.63204294158146934       0.32086274852402147       0.97643482053973563       0.99999999999990896     
  0.77363586707156284       0.75680683299013063       0.70334930183036914       0.62051878752141143       0.28303059697468308       0.97713075326741805       0.99999999999994738     
  0.73754511687124380       0.71029551386486145       0.70597962428194860       0.54628812599637733       0.28545913996976668       0.98022109751877307       0.99999999999997535     
  0.77345192189369449       0.74719484256378843       0.74049883594059895       0.58436411160839086       0.30420612534901431       0.98070036338396893       0.99999999999999623     
  0.82742042441606767       0.79035182499751422       0.78036454310109238       0.62134864839668646       0.32506508454590682       0.98124402975963010       0.99999999999999745     
  0.87781700214741076       0.83919606485260589       0.81828861831772859       0.65802584388652707       0.34840797823656222       0.98185513244218159        1.0000000000000002     
  0.91627922912128890       0.88083799444149558       0.85664490181424047       0.69450762155240187       0.37435508710362919       0.98253600142045960        1.0000000000000016     
  0.94814291626756431       0.91850157791010523       0.89093654554072288       0.73083943392173623       0.40300203748006019       0.98328901821940717        1.0000000000000018     
  0.96519297521729930       0.94550715772629224       0.91000932646384891       0.76694749062707879       0.43442349431577115       0.98411628645940752        1.0000000000000000     
  0.97673878156188010       0.96313076787037177       0.93391883145220944       0.80246560485630414       0.46864348026778768       0.98501886431666263       0.99999999999999922     
  0.98565090889751705       0.97540645136841919       0.95212707922274376       0.83671586854445124       0.50559977627659558       0.98848897821679393       0.99999999999999778     
  0.99181672946412480       0.98430025886490358       0.96449681032471524       0.86881303567278811       0.54512785419867982       0.98946484811902014        1.0000000000000018     
  0.99586898296656712       0.99070037888097606       0.97557358645163605       0.89784860777253439       0.58818235779249228       0.99048628419552553       0.99999999999999833     
  0.99818779785139911       0.99502692884273158       0.98387818881320310       0.92309062163823330       0.65552901832071819       0.99154095681463716       0.99999999999999833     
  0.99929917781136024       0.99761842321474559       0.98911955627262460       0.94413216100700204       0.76291832107927049       0.99261238397042606       0.99999999999999978     
  0.99975624628177384       0.99899805697666066       0.99365093514480429       0.96094454229630710       0.80328561699681666       0.99368026054663261       0.99999999999999678     
  0.99992537446841401       0.99962261148493214       0.99662364201232467       0.97381645034632347       0.84010898223147712       0.99472033456340414       0.99999999999999889     
  0.99998058426879144       0.99987081929838462       0.99838473222209578       0.98323805520916030       0.87428528822026297       0.99570596734471328       0.99999999999999756     
  0.99999535176676191       0.99995690649958191       0.99929381364749992       0.98981025332126149       0.90482270001799581       0.99749651986456045        1.0000000000000022     
  0.99999845032177614       0.99998347901261453       0.99969497571554278       0.99413669307523833       0.93090468409127403       0.99809717143024901       0.99999999999999900     
  0.99999913035065091       0.99999132914635069       0.99985653798920582       0.99676053695504685       0.95203244659336028       0.99859726251669367        1.0000000000000009     
  0.99999942744862269       0.99999437031509419       0.99991897753681624       0.99821924579741950       0.96813550353653821       0.99900316412787382       0.99999999999999711     
  0.99999963061245101       0.99999619236730253       0.99994757124513445       0.99897087347611857       0.97958839648428020       0.99930433956323339        1.0000000000000016     
  0.99999977612299262       0.99999750034848600       0.99996448626726187       0.99935441891461962       0.98713509247561182       0.99953434982789890       0.99999999999999845     
  0.99999987640257493       0.99999845152237188       0.99997644295027022       0.99957229142103932       0.99177234389220037       0.99971078997550733        1.0000000000000016     
  0.99999994022548977       0.99999912068049590       0.99998504383396281       0.99971532687108400       0.99453918216306469       0.99984325243285432        1.0000000000000000     
  0.99999997594250523       0.99999956054902450       0.99999108505996026       0.99981898027891425       0.99628967220267983       0.99993189491161327       0.99999999999999989     
  0.99999999243060778       0.99999981698590890       0.99999516344888928       0.99989096113194653       0.99754073859315395       0.99997909186951650        1.0000000000000000     
  0.99999999826774122       0.99999994061524211       0.99999772569656142       0.99993826198397473       0.99848089081356162       0.99999642309775405       0.99999999999999944     
  0.99999999973397036       0.99999998611297103       0.99999913385542871       0.99996745838887713       0.99914869285024011       0.99999975992537127        1.0000000000000036     
  0.99999999997480826       0.99999999785086779       0.99999975375827288       0.99998564278227875       0.99956884164309157       0.99999999324335120        1.0000000000000024     
  0.99999999999865630       0.99999999979970911       0.99999995251445661       0.99999518944159982       0.99980190659248658       0.99999999993647681       0.99999999999999956     
  0.99999999999996247       0.99999999998981892       0.99999999441754139       0.99999860808577912       0.99991976997018062       0.99999999999988665       0.99999999999999833     
  0.99999999999999967       0.99999999999974487       0.99999999964149167       0.99999973168752077       0.99997408688982359        1.0000000000000004       0.99999999999999922     
  0.99999999999999933       0.99999999999999689       0.99999999998919742       0.99999996008270142       0.99999439085498099       0.99999999999999933       0.99999999999999989     
  0.99999999999999956        1.0000000000000004       0.99999999999985068       0.99999999715404275       0.99999946148995766       0.99999999999999978        1.0000000000000004     
  0.99999999999999944       0.99999999999999933       0.99999999999999900       0.99999999991320010       0.99999991992542869       0.99999999999999989       0.99999999999999867     
  0.99999999999999911       0.99999999999999933        1.0000000000000004       0.99999999999981659       0.99999999985004473        1.0000000000000004       0.99999999999999745     
   1.0000000000000000        1.0000000000000000       0.99999999999999978        1.0000000000000002       0.99999999964759567       0.99999999999999978        1.0000000000000002     
