  0.92809594651778426     
  0.96085169702582607     
  0.97632889015741131     
  0.97835845514106301     
  0.96923114954736622     
  0.95091450345748585     
  0.92550591968742446     
  0.89544630029289929     
  0.86267487063237602     
  0.82856346105720902     
  0.79389446478395065     
  0.75897423113790485     
  0.72394024574925941     
  0.68887675548377580     
  0.65385051076718470     
  0.61894565022952075     
  0.58428555413255390     
  0.55003126163625293     
  0.51637642496802905     
  0.48352219989866518     
  0.45172337945843954     
  0.42124732274496512     
  0.39237027286458742     
  0.36535468527741255     
  0.34044066792542338     
  0.31790555387461655     
  0.29796614000412253     
  0.28078928338161802     
  0.26649936712855621     
  0.25517854952969798     
  0.24693595547573596     
  0.24184881064336536     
  0.23996398556545562     
  0.24126850099149930     
  0.24568725221681073     
  0.25297741834532328     
  0.26287216897200455     
  0.27504602723630434     
  0.28899351487683089     
  0.30453512327403326     
  0.32139757746733311     
  0.33904381072667023     
  0.35712597298858700     
  0.37483880742546488     
  0.39323746728717274     
  0.44957977894575413     
  0.49484119042372160     
  0.52968182219706128     
  0.55494363536855684     
  0.57156895677930486     
  0.58050821068902470     
  0.58276870650369306     
  0.57932962990392711     
  0.57037272119663007     
  0.55603242312757972     
  0.53688449392100612     
  0.51351652695083727     
  0.48657876081336698     
  0.45687026813125120     
  0.42532214104988042     
  0.39309779500695680     
  0.36160573181790584     
  0.33230565184763472     
  0.30653191562676702     
  0.28534925996135452     
  0.26954632742550405     
  0.25891549226394001     
  0.25204013402874131     
  0.24669049631498091     
  0.23986177345644780     
  0.22843306494459012     
  0.20944721860963772     
  0.18184924575311603     
  0.14823699968580004     
  0.11349365251252559     
   8.2376193487919705E-002
   5.8072971160932019E-002
   4.1621108710355889E-002
   3.2136458513133716E-002
   2.7660253551302541E-002
   2.6076616805010767E-002
