   1.1277234346659361E-004   1.0655666542114099E-003   4.1687228104965880E-003   6.5604178601867576E-003   4.1687228104965602E-003   1.0655666542114083E-003   1.1277234346659250E-004
   1.1267232542392748E-004   1.0646216007718185E-003   4.1650255609484536E-003   6.5545994109706095E-003   4.1650255609484441E-003   1.0646216007718084E-003   1.1267232542392656E-004
   1.1256830665955551E-004   1.0636387451946306E-003   4.1611804214184180E-003   6.5485482237858175E-003   4.1611804214183928E-003   1.0636387451946371E-003   1.1256830665955421E-004
   1.1246028717347619E-004   1.0626180874798751E-003   4.1571873919064306E-003   6.5422642986323644E-003   4.1571873919064254E-003   1.0626180874798736E-003   1.1246028717347505E-004
   1.1235169615572447E-004   1.0615920294597425E-003   4.1531732352542107E-003   6.5359471251976919E-003   4.1531732352542003E-003   1.0615920294597431E-003   1.1235169615572348E-004
   1.1224424820131797E-004   1.0605767720503574E-003   4.1492013328825071E-003   6.5296964483255214E-003   4.1492013328825001E-003   1.0605767720503465E-003   1.1224424820131682E-004
   1.1213737177858374E-004   1.0595669149463282E-003   4.1452505576510881E-003   6.5234790197345287E-003   4.1452505576510708E-003   1.0595669149463262E-003   1.1213737177858275E-004
   1.1203106688752179E-004   1.0585624581476737E-003   4.1413209095599321E-003   6.5172948394248108E-003   4.1413209095599434E-003   1.0585624581476666E-003   1.1203106688752082E-004
   1.1192304740144211E-004   1.0575418004329100E-003   4.1373278800479708E-003   6.5110109142713828E-003   4.1373278800479561E-003   1.0575418004329094E-003   1.1192304740144168E-004
   1.1181102719365675E-004   1.0564833405805655E-003   4.1331869605540804E-003   6.5044942511492893E-003   4.1331869605540578E-003   1.0564833405805624E-003   1.1181102719365598E-004
   1.1169386320081961E-004   1.0553762779799015E-003   4.1288558967977279E-003   6.4976783534960976E-003   4.1288558967977149E-003   1.0553762779798995E-003   1.1169386320081870E-004
   1.1156926929624125E-004   1.0541990114094311E-003   4.1242501802177638E-003   6.4904302281868524E-003   4.1242501802177664E-003   1.0541990114094311E-003   1.1156926929624064E-004
   1.1143838854326761E-004   1.0529623414799025E-003   4.1194120650948117E-003   6.4828163717840026E-003   4.1194120650948005E-003   1.0529623414799044E-003   1.1143838854326669E-004
   1.1129950634687981E-004   1.0516500672752139E-003   4.1142781700079832E-003   6.4747370394438739E-003   4.1142781700079754E-003   1.0516500672752161E-003   1.1129950634687947E-004
   1.1115262270707926E-004   1.0502621887953487E-003   4.1088484949573121E-003   6.4661922311664583E-003   4.1088484949573069E-003   1.0502621887953491E-003   1.1115262270707861E-004
   1.1099773762386547E-004   1.0487987060403216E-003   4.1031230399428045E-003   6.4571819469517551E-003   4.1031230399427941E-003   1.0487987060403205E-003   1.1099773762386445E-004
   1.1083370803389347E-004   1.0472488183993862E-003   4.0970595506838866E-003   6.4476396902372890E-003   4.0970595506838615E-003   1.0472488183993884E-003   1.1083370803389258E-004
   1.1065939087381827E-004   1.0456017252618076E-003   4.0906157729000102E-003   6.4374989644605711E-003   4.0906157729000067E-003   1.0456017252618132E-003   1.1065939087381782E-004
   1.1047364308029618E-004   1.0438466260168458E-003   4.0837494523106458E-003   6.4266932730591498E-003   4.0837494523106492E-003   1.0438466260168527E-003   1.1047364308029568E-004
   1.1027417852663706E-004   1.0419619194430251E-003   4.0763760803546982E-003   6.4150896229081007E-003   4.0763760803546843E-003   1.0419619194430288E-003   1.1027417852663608E-004
   1.1006042568116859E-004   1.0399422052349864E-003   4.0684745298918525E-003   6.4026547657261455E-003   4.0684745298918456E-003   1.0399422052349806E-003   1.1006042568116743E-004
   1.0983066994887282E-004   1.0377712824766016E-003   4.0599814195013085E-003   6.3892889566696531E-003   4.0599814195013025E-003   1.0377712824765973E-003   1.0983066994887225E-004
   1.0958319673473421E-004   1.0354329502517778E-003   4.0508333677622479E-003   6.3748924508948666E-003   4.0508333677622401E-003   1.0354329502517759E-003   1.0958319673473333E-004
   1.0931743450707905E-004   1.0329218082551419E-003   4.0410092475343757E-003   6.3594320001205545E-003   4.0410092475343688E-003   1.0329218082551382E-003   1.0931743450707844E-004
   1.0903338326590783E-004   1.0302378564866930E-003   4.0305090588177248E-003   6.3429076043466648E-003   4.0305090588177005E-003   1.0302378564866896E-003   1.0903338326590732E-004
   1.0872989994787681E-004   1.0273702943356942E-003   4.0192905473317043E-003   6.3252527670108437E-003   4.0192905473316999E-003   1.0273702943356972E-003   1.0872989994787563E-004
   1.0840412689462224E-004   1.0242921202752962E-003   4.0072480773749959E-003   6.3063012467068332E-003   4.0072480773749751E-003   1.0242921202753008E-003   1.0840412689462145E-004
   1.0805377797945526E-004   1.0209817330840379E-003   3.9942971403864307E-003   6.2859200503097091E-003   3.9942971403864108E-003   1.0209817330840358E-003   1.0805377797945456E-004
   1.0767771013903203E-004   1.0174283321511630E-003   3.9803954820854951E-003   6.2640426812570187E-003   3.9803954820854795E-003   1.0174283321511613E-003   1.0767771013903088E-004
   1.0727592337335111E-004   1.0136319174766776E-003   3.9655431024721872E-003   6.2406691395487284E-003   3.9655431024721629E-003   1.0136319174766713E-003   1.0727592337335052E-004
   1.0684441696070744E-004   1.0095546869229954E-003   3.9495921115645814E-003   6.2155666872162271E-003   3.9495921115645692E-003   1.0095546869229983E-003   1.0684441696070656E-004
   1.0638090477441016E-004   1.0051750392686535E-003   3.9324580008015782E-003   6.1886023311345430E-003   3.9324580008015747E-003   1.0051750392686466E-003   1.0638090477440970E-004
   1.0588081456108103E-004   1.0004497720706802E-003   3.9139717530609899E-003   6.1595100850538372E-003   3.9139717530609630E-003   1.0004497720706757E-003   1.0588081456108014E-004
   1.0534071713068545E-004   9.9534648349686888E-004   3.8940066055011321E-003   6.1280904592866531E-003   3.8940066055011238E-003   9.9534648349686584E-004   1.0534071713068461E-004
   1.0475604022984453E-004   9.8982197110426785E-004   3.8723935409998283E-003   6.0940774675831534E-003   3.8723935409998222E-003   9.8982197110427067E-004   1.0475604022984364E-004
   1.0412221160517950E-004   9.8383303244992354E-004   3.8489635424348977E-003   6.0572051236933988E-003   3.8489635424348782E-003   9.8383303244992592E-004   1.0412221160517851E-004
   1.0343351593996637E-004   9.7732566448014541E-004   3.8235053384035639E-003   6.0171409448050942E-003   3.8235053384035370E-003   9.7732566448014715E-004   1.0343351593996524E-004
   1.0268423791748040E-004   9.7024586414124283E-004   3.7958076575030698E-003   5.9735524481058771E-003   3.7958076575030477E-003   9.7024586414124305E-004   1.0268423791747974E-004
   1.0186866222099960E-004   9.6253962837952311E-004   3.7656592283306697E-003   5.9261071507833649E-003   3.7656592283306558E-003   9.6253962837952419E-004   1.0186866222099863E-004
   1.0098335966048911E-004   9.5417455536277217E-004   3.7329332880447481E-003   5.8746055631501912E-003   3.7329332880447208E-003   9.5417455536277336E-004   1.0098335966048830E-004
   1.0002318645089700E-004   9.4510204234266482E-004   3.6974396923827877E-003   5.8187484506752119E-003   3.6974396923827742E-003   9.4510204234266493E-004   1.0002318645089593E-004
   9.8981855743827097E-005   9.3526268596014759E-004   3.6589460428017814E-003   5.7581700822648494E-003   3.6589460428017809E-003   9.3526268596014444E-004   9.8981855743826460E-005
   9.7854223754228933E-005   9.2460788346688855E-004   3.6172621950392616E-003   5.6925712233879770E-003   3.6172621950392447E-003   9.2460788346689267E-004   9.7854223754228215E-005
   9.6625430658619271E-005   9.1299722692330667E-004   3.5718388434480813E-003   5.6210874187324726E-003   3.5718388434480565E-003   9.1299722692330591E-004   9.6625430658619013E-005
   9.5282331228535675E-005   9.0030650930589360E-004   3.5221900638018806E-003   5.5429539578299705E-003   3.5221900638018749E-003   9.0030650930589457E-004   9.5282331228534984E-005
   9.3815209425545599E-005   8.8644392542339210E-004   3.4679566947160229E-003   5.4576056198994225E-003   3.4679566947160051E-003   8.8644392542338852E-004   9.3815209425545071E-005
   9.2212634616202583E-005   8.7130146916840421E-004   3.4087161933849942E-003   5.3643774393161894E-003   3.4087161933849855E-003   8.7130146916839988E-004   9.2212634616202122E-005
   9.0475749863851423E-005   8.5488994115167499E-004   3.3445108140893504E-003   5.2633359126427089E-003   3.3445108140893573E-003   8.5488994115167759E-004   9.0475749863850786E-005
   8.8614842738594243E-005   8.3730654686985258E-004   3.2757208453540448E-003   5.1550795089411704E-003   3.2757208453540322E-003   8.3730654686985041E-004   8.8614842738593945E-005
   8.6646487658929849E-005   8.1870789517863500E-004   3.2029589742470278E-003   5.0405724283674666E-003   3.2029589742470161E-003   8.1870789517863478E-004   8.6646487658929836E-005
   8.4580972194962670E-005   7.9919119157466443E-004   3.1266054892932845E-003   4.9204131399837895E-003   3.1266054892932719E-003   7.9919119157466757E-004   8.4580972194962575E-005
   8.2408580308260769E-005   7.7866463086668104E-004   3.0463012291081053E-003   4.7940364230091353E-003   3.0463012291080992E-003   7.7866463086668006E-004   8.2408580308260024E-005
   8.0117309833704136E-005   7.5701480664191621E-004   2.9616025237457410E-003   4.6607440635375846E-003   2.9616025237457224E-003   7.5701480664191740E-004   8.0117309833703824E-005
   7.7705446176276510E-005   7.3422551798426987E-004   2.8724459917853625E-003   4.5204363167254324E-003   2.8724459917853543E-003   7.3422551798427063E-004   7.7705446176275629E-005
   7.5174703930994531E-005   7.1031296580984502E-004   2.7788950146477825E-003   4.3732129274163742E-003   2.7788950146477713E-003   7.1031296580984751E-004   7.5174703930993718E-005
   7.2520510844478945E-005   6.8523394767569794E-004   2.6807805752108050E-003   4.2188079093605181E-003   2.6807805752107989E-003   6.8523394767569924E-004   7.2520510844478322E-005
   6.9733722409972410E-005   6.5890205869591472E-004   2.5777646392300315E-003   4.0566892900581377E-003   2.5777646392300211E-003   6.5890205869591635E-004   6.9733722409971705E-005
   6.6805194120716688E-005   6.3123089398459413E-004   2.4695091724610666E-003   3.8863250970094356E-003   2.4695091724610606E-003   6.3123089398459304E-004   6.6805194120715496E-005
   6.3729210659987541E-005   6.0216645048803957E-004   2.3558029035011677E-003   3.7073828474020738E-003   2.3558029035011551E-003   6.0216645048804076E-004   6.3729210659986687E-005
   6.0502914369423342E-005   5.7168172667941195E-004   2.2365401966489341E-003   3.5196962998298807E-003   2.2365401966489297E-003   5.7168172667941162E-004   6.0502914369422766E-005
   5.7128591375713623E-005   5.3979832378018265E-004   2.1118055604655004E-003   3.3233984474177951E-003   2.1118055604654900E-003   5.3979832378018395E-004   5.7128591375713426E-005
   5.3613100058927415E-005   5.0658104545478293E-004   1.9818525206341370E-003   3.1188882695406496E-003   1.9818525206341318E-003   5.0658104545478380E-004   5.3613100058927117E-005
   4.9971300242546265E-005   4.7217029964280948E-004   1.8472303828020046E-003   2.9070302215105301E-003   1.8472303828020052E-003   4.7217029964281225E-004   4.9971300242545628E-005
   4.6226624725136545E-005   4.3678749886439950E-004   1.7088053597203849E-003   2.6891874828580903E-003   1.7088053597203846E-003   4.3678749886439907E-004   4.6226624725136498E-005
   4.2409936217007998E-005   4.0072425960947935E-004   1.5677183169641137E-003   2.4671554607700414E-003   1.5677183169641091E-003   4.0072425960947718E-004   4.2409936217007741E-005
   3.8556669681847270E-005   3.6431540081093678E-004   1.4252791372302380E-003   2.2429955486829301E-003   1.4252791372302424E-003   3.6431540081093569E-004   3.8556669681847020E-005
   3.4703974678358852E-005   3.2791194231776235E-004   1.2828610846366494E-003   2.0188688848770645E-003   1.2828610846366464E-003   3.2791194231776105E-004   3.4703974678358635E-005
   3.0893001486954044E-005   2.9190270611653202E-004   1.1419853132831259E-003   1.7971693456013565E-003   1.1419853132831248E-003   2.9190270611653175E-004   3.0893001486953915E-005
   2.7166614983060780E-005   2.5669271510993062E-004   1.0042363586903000E-003   1.5803905519484449E-003   1.0042363586903003E-003   2.5669271510993290E-004   2.7166614983060648E-005
   2.3570537700469273E-005   2.2271399372748778E-004   8.7130439208017003E-004   1.3711923664171384E-003   8.7130439208016807E-004   2.2271399372748849E-004   2.3570537700469263E-005
   2.0151635236314597E-005   1.9040936700946907E-004   7.4492183895528204E-004   1.1723011480687172E-003   7.4492183895528074E-004   1.9040936700946896E-004   2.0151635236314455E-005
   1.6953343997697032E-005   1.6018925816392609E-004   6.2669436197653307E-004   9.8624376627704175E-004   6.2669436197652841E-004   1.6018925816392660E-004   1.6953343997696924E-005
   1.4015099670010660E-005   1.3242628826132773E-004   5.1807973382289488E-004   8.1531435244734706E-004   5.1807973382289303E-004   1.3242628826132897E-004   1.4015099670010545E-005
   1.1367764963563828E-005   1.0741207379160879E-004   4.2021882006921721E-004   6.6130831376632151E-004   4.2021882006921634E-004   1.0741207379160899E-004   1.1367764963563760E-005
   9.0330580819068087E-006   8.5351826358792338E-005   3.3391445204595269E-004   5.2548908492090058E-004   3.3391445204595160E-004   8.5351826358792297E-005   9.0330580819067342E-006
   7.0206950634699897E-006   6.6337351154154120E-005   2.5952579113777159E-004   4.0842188669208132E-004   2.5952579113777040E-004   6.6337351154154107E-005   7.0206950634699474E-006
   5.3329620349428956E-006   5.0390249399170787E-005   1.9713734590577481E-004   3.1023971220480405E-004   1.9713734590577525E-004   5.0390249399170576E-005   5.3329620349428541E-006
   3.9572852995332186E-006   3.7391714375721523E-005   1.4628431926391481E-004   2.3021109927189628E-004   1.4628431926391416E-004   3.7391714375721509E-005   3.9572852995332034E-006
   2.8668028686393308E-006   2.7087931731458564E-005   1.0597373561926561E-004   1.6677337867530709E-004   1.0597373561926560E-004   2.7087931731458581E-005   2.8668028686393049E-006
   2.0289374369357326E-006   1.9171084060342396E-005   7.5001347976155129E-005   1.1803139838463788E-004   7.5001347976154939E-005   1.9171084060342474E-005   2.0289374369357131E-006
   1.4025387240113473E-006   1.3252349375797293E-005   5.1846002234784309E-005   8.1591282150957694E-005   5.1846002234784201E-005   1.3252349375797271E-005   1.4025387240113324E-006
