  0.97759579733958302       0.96981764451193309       0.94747434680225429       0.92554789588922703       0.82245837527288546       0.77463438189879075       0.99956980232986881     
  0.98575832688540221       0.97589474700533263       0.95502919972998335       0.93088541274924885       0.81593811575411768       0.76246740160139825       0.99951188509893041     
  0.98924065257037963       0.98058866815682444       0.96134196252980220       0.93548120964819592       0.80961946156564457       0.74699096616448302       0.99944693818057961     
  0.99179987565614491       0.98426514513393815       0.96658518886560296       0.93912024979227349       0.80063640739795849       0.72258523461012902       0.99937475518600194     
  0.99373208691240300       0.98717900409632797       0.97096699239268736       0.94080787601654359       0.78861399502120899       0.69378599963356813       0.99941304125344377     
  0.99518232142284302       0.98947277780222931       0.97417877394835539       0.94299506541613543       0.77019688706542766       0.65294764984431930       0.99933813052268561     
  0.99627112477570312       0.99126532865616490       0.97647117117606774       0.94463747083934790       0.74010809400844957       0.59137570908510106       0.99925602549664683     
  0.99708223012081221       0.99267524934334428       0.97832258297325603       0.94578896410388169       0.72537308471647144       0.54077338026842170       0.99916670792296491     
  0.99768543959926936       0.99369938336348052       0.97997726078688463       0.94658167093504331       0.71122967505915746       0.51009185110213329       0.99907019926309737     
  0.99810192571791667       0.99396851755841731       0.98003101748947352       0.94442353798050793       0.69129566036053935       0.50119595749997481       0.99896653222247256     
  0.99837522382518351       0.99437873058030091       0.98051037339142544       0.94275790551579364       0.67759962476045954       0.46300829034977486       0.99902798998047149     
  0.99824662816175769       0.99390496036945808       0.97943767168803442       0.94174541708089676       0.66253217996214753       0.43513166711295376       0.99892246386264461     
  0.99820776928947952       0.99285458252409753       0.97935191937870869       0.94085662643152335       0.64808666331427733       0.39797539667595955       0.99880960029387400     
  0.99806300931759562       0.99219662192220215       0.97678912131666029       0.93875472422806605       0.63316410025451353       0.36305405896496168       0.99868886278470137     
  0.99703562650676969       0.99119006070302040       0.97465997621257494       0.93708550609223695       0.61774116315474004       0.38645965785362940       0.99855908629449075     
  0.99616039203875262       0.99056890601601910       0.97375921201812010       0.92841410174031702       0.60215697967729609       0.35397954801036813       0.99841827695064489     
  0.99474061660265589       0.98983540286595662       0.97251634968621015       0.92295179562864493       0.58552533415629593       0.33029389616030097       0.99850114072111007     
  0.99333875639747127       0.98688940291754246       0.97168751356489724       0.91594405750674346       0.56962440908883094       0.30053777225511469       0.99834984925221815     
  0.99173250867500196       0.98600191440545149       0.97077345298177387       0.90263292498052372       0.55353224052705852       0.27309151561866590       0.99818313974011941     
  0.99095696713568127       0.98351145246423743       0.96973447749464359       0.89822281463857523       0.53698545754269944       0.28608177824258818       0.99800153352053078     
  0.99016132746028851       0.98169252971564025       0.96707493292405744       0.89352111799341927       0.52078391717009154       0.25988090711991552       0.99782861710545623     
  0.98699685024876060       0.97928869285924591       0.96283269089008128       0.88848277982718393       0.50434997846227081       0.23599048702039260       0.99790612299002790     
  0.98424357416460739       0.97748928474711583       0.96157220147457723       0.87852561085067515       0.49846677881753593       0.21278548131632186       0.99771243806938503     
  0.98356411093710561       0.97477741146009844       0.95936846536141152       0.87324481021796085       0.48380172668747429       0.19786180011598944       0.99751565807061204     
  0.98000052073028265       0.97088371786865690       0.95805876340489360       0.86771638332893308       0.46940625865060748       0.17850834470653607       0.99731818829601160     
  0.97402988656023348       0.96934446470867830       0.95673015286411522       0.86181934445990238       0.45575620493717967       0.16374394612365137       0.99744865283598372     
  0.97100100434232428       0.96850878970171606       0.95538741629611779       0.85368773328631753       0.44356435821957491       0.15007034863748409       0.99726559705898965     
  0.97023055691349225       0.96767697236552253       0.95403430264557998       0.84807100493911491       0.43403139901009724       0.16226596059516543       0.99708422486738424     
  0.96946630380278320       0.96683374003546019       0.95264014683782039       0.84265393925455745       0.43607028441237711       0.15028306804808858       0.99690359545753937     
  0.96869793018263850       0.96600545476114519       0.94807081887708911       0.83579964771853865       0.42759705451419183       0.15380819059639575       0.99707716925265977     
  0.96792127886976542       0.96517705918631669       0.94555371275729194       0.83116958413276676       0.42307159243022424       0.16159059661668279       0.99691408181915753     
  0.96701698624965493       0.96243788272937381       0.94276150367338485       0.82543122416266945       0.41610081817254246       0.15713267110864482       0.99675112540983690     
  0.96620450659952839       0.96149710826968571       0.93973176062783514       0.82109619359595454       0.44771664998785915       0.16758384622663802       0.99658728161767929     
  0.96537247001530069       0.96008803188531089       0.92605833461809972       0.81833151940318227       0.44410382159872797       0.18015291347359794       0.99681454482556087     
  0.96451551026528626       0.95810592519722648       0.92311870262973139       0.81500599383856542       0.45017568156509230       0.19484560012218372       0.99667308562496970     
  0.96169077977693374       0.95598410599228112       0.91332047790255011       0.81293388670192013       0.44772769104107207       0.18815871799316286       0.99653271302121604     
  0.96070395658627861       0.95046108066352286       0.91092308684908763       0.81516865273333605       0.44650930873164718       0.18679023298259859       0.99679884875177205     
  0.95840971620451676       0.94653190588902458       0.90857435403188624       0.81236655426071602       0.44828175776189655       0.18292332007071757       0.99668704172149614     
  0.95675712398554680       0.92775228781030805       0.90606863578075414       0.81139251710382398       0.45770536543555584       0.17835198319282930       0.99658056418012964     
  0.95386570109662194       0.93416220065293065       0.90326666211812623       0.80853154260384097       0.47104787606463261       0.17891760902643236       0.99648099922371036     
  0.94740392551395924       0.92751704509496491       0.90312610534464566       0.80926424766681804       0.51125799663765215       0.17755780356066411       0.99681473248628405     
  0.93622091396254048       0.91972328382528312       0.89816491907773122       0.80851254862060917       0.51574079368486569       0.17879702876577400       0.99675439537250698     
  0.94105124076758273       0.92298265692777959       0.89307531030472331       0.80556457369522627       0.52938153843085511       0.18235734195721387       0.99670722711100146     
  0.92634733483736831       0.91442560080287039       0.89177122867670866       0.82502422425739408       0.56182533872546225       0.18842518742153624       0.99707339541242457     
  0.92994648586728834       0.91326006159771678       0.91713538989609522       0.82431252699179236       0.58730252035933794       0.19755988551950704       0.99706874410638313     
  0.95593374741353920       0.93964490661346090       0.93680761101635368       0.85004175829578754       0.60942365156764966       0.21446829125246400       0.99707951683596496     
  0.96902187496150716       0.95772708193195133       0.95279737428985056       0.87452996449681875       0.63255363292727884       0.29613902793062868       0.99711190653415327     
  0.97834240663578198       0.96999828258676435       0.96514712573746120       0.89672917142096720       0.65674466671310106       0.30037109758607844       0.99751070604636571     
  0.98619463287725706       0.97920790438590521       0.97406332455092826       0.91643112378986835       0.68197873365279038       0.30692727922823665       0.99757652537711317     
  0.99161922708869843       0.98626094694802668       0.98135209150636027       0.93356447742769477       0.70816190054534423       0.31600981668514883       0.99765912825939573     
  0.99532496385300218       0.99144431586956994       0.98600283154026991       0.94814743405907342       0.73512864026802205       0.32786656904023553       0.99804147023736578     
  0.99765683359066237       0.99503713859201903       0.99036869360463808       0.96031073713694559       0.76263728265083264       0.34281407847155504       0.99814840012509376     
  0.99895133472797681       0.99736403919714156       0.99292331454851368       0.97026809608278475       0.79035606690137328       0.48552651427639443       0.99826961638861200     
  0.99955586174544697       0.99872355259216850       0.99557233496579944       0.97826760105148558       0.81787163728189127       0.50853737354515471       0.99862365919048102     
  0.99982421266384858       0.99942718340021619       0.99699012378087304       0.98455813580444174       0.84471273925807444       0.53491780513288412       0.99875858935250150     
  0.99993906819194167       0.99976252849153113       0.99837875929222908       0.98937522329550720       0.87037425001639102       0.56468683218381699       0.99890318074558970     
  0.99998267331953106       0.99990768784040174       0.99916112744420460       0.99294150377924417       0.89434105670771025       0.59775003261242710       0.99921583133589820     
  0.99999570185490994       0.99996565123316117       0.99959368666037651       0.99547162591430538       0.91612249965793291       0.63383936467290847       0.99935758784687623     
  0.99999860995235612       0.99998603222594917       0.99980302310164981       0.99717682937341912       0.93530371371417664       0.76417002946086854       0.99949860270639546     
  0.99999922748568582       0.99999258839905469       0.99989640727011497       0.99826204700295318       0.95223444858283524       0.80106266116090397       0.99972534807211133     
  0.99999947449342230       0.99999508897174627       0.99993504177805581       0.99891496445088268       0.96641124532400313       0.83267189686601595       0.99982327007610172     
  0.99999964445693801       0.99999653493241014       0.99995618782108242       0.99929315914403793       0.97639858172084426       0.86279452068532902       0.99989947985183192     
  0.99999977233057169       0.99999759904615104       0.99996908754644709       0.99951726814914321       0.98888857203781411       0.89043948294645725       0.99997041331287528     
  0.99999986582477529       0.99999841451102767       0.99997830526228892       0.99966149060010645       0.99247080159046008       0.91473508183250052       0.99998963551668052     
  0.99999992964380580       0.99999902809332042       0.99998524919271770       0.99976364795898154       0.99460366076096229       0.93506891059353281       0.99999752143142095     
  0.99999996856945739       0.99999946523640981       0.99999044407217530       0.99983955570488459       0.99610220078246059       0.96514118390086534       0.99999960162589463     
  0.99999998869792273       0.99999974776499068       0.99999425065014769       0.99989531722061087       0.99721629346413221       0.97277013688120761       0.99999998648446142     
  0.99999999692210573       0.99999990354648349       0.99999690939883801       0.99993487921154500       0.99808346393425940       0.97876818827686252       0.99999999941406570     
  0.99999999940900774       0.99999997194102297       0.99999859132877389       0.99996197064801973       0.99877280244344402       0.98393162659783906       0.99999999999150047     
  0.99999999992566690       0.99999999421509811       0.99999948975613173       0.99997982001660479       0.99926397606947603       0.98862340525944126       0.99999999999996625     
  0.99999999999432354       0.99999999921648486       0.99999986336291102       0.99999075107940005       0.99957637428138080       0.99277796790521755       0.99999999999999944     
  0.99999999999975620       0.99999999993596178       0.99999997506646254       0.99999652163638864       0.99976287638261074       0.99600008216554725        1.0000000000000036     
  0.99999999999999512       0.99999999999712552       0.99999999716271626       0.99999896523189014       0.99987165668162514       0.99807253119510853        1.0000000000000024     
   1.0000000000000000       0.99999999999993661       0.99999999981967269       0.99999971032612989       0.99994045474819826       0.99917444947489309       0.99999999999999956     
  0.99999999999999922       0.99999999999999922       0.99999999999449396       0.99999995569072331       0.99997792437412825       0.99969014872317896       0.99999999999999833     
   1.0000000000000002        1.0000000000000002       0.99999999999993672       0.99999999683464946       0.99999507725436321       0.99985067985841092       0.99999999999999922     
  0.99999999999999933       0.99999999999999989       0.99999999999999989       0.99999999991890876       0.99999946787118688       0.99999216034459992       0.99999999999999989     
  0.99999999999999956        1.0000000000000004       0.99999999999999867       0.99999999999970013       0.99999998913650046       0.99999905195393890        1.0000000000000004     
  0.99999999999999944       0.99999999999999933       0.99999999999999978       0.99999999999999800       0.99999999999916711       0.99999958276554923       0.99999999999999867     
  0.99999999999999911       0.99999999999999933        1.0000000000000004       0.99999999999999989       0.99999999999670808       0.99999999962371422       0.99999999999999745     
   1.0000000000000000        1.0000000000000000       0.99999999999999978        1.0000000000000002        1.0000000000000004       0.99999999999999556        1.0000000000000002     
