   2.2833428346972533     
   2.2999149572540021     
   2.3018280813370380     
   2.2918642157256106     
   2.2719459143181915     
   2.2441418360101895     
   2.2113837885940422     
   2.1757508089329822     
   2.1384713462405278     
   2.0997272499189990     
   2.0595388452617920     
   2.0179234005189710     
   1.9749575556949204     
   1.9307848758573380     
   1.8855879744735755     
   1.8395936418280021     
   1.7930402358519379     
   1.7461792639460156     
   1.6991920630681614     
   1.6523006027035765     
   1.6056809475944911     
   1.5594682037481689     
   1.5137569592523521     
   1.4685871060018172     
   1.4239574691159631     
   1.3798258710076678     
   1.3361164477099960     
   1.2927168595604452     
   1.2494698918003957     
   1.2061955299497005     
   1.1626947470392159     
   1.1187084558938611     
   1.0739168903173342     
   1.0279340760944202     
  0.98029842203509676     
  0.93055045216169330     
  0.87806851998906277     
  0.82208314750849965     
  0.76150886951182006     
  0.69494277724822739     
  0.62069304558412219     
  0.53711393463263357     
  0.44237871739357276     
  0.33398233616090373     
  0.21075010549856449     
  0.26420249979820665     
  0.30899259139896623     
  0.34617207010275602     
  0.37762749730015593     
  0.40230384079898657     
  0.42050857041402345     
  0.43261204283485816     
  0.43898708816118365     
  0.43993580106986874     
  0.43585299056832022     
  0.42718797172942496     
  0.41438469222773644     
  0.39787442758940605     
  0.37806347611080365     
  0.35542970711089439     
  0.33080701891213038     
  0.30513859089751627     
  0.27958155913446603     
  0.25541681935792138     
  0.23401306717348805     
  0.21654083538420210     
  0.20355327833167688     
  0.19465380592986689     
  0.18872229010654426     
  0.18372575501629310     
  0.17704498273810471     
  0.16564751707425382     
  0.14747417254755502     
  0.12324083639816406     
   9.6334894247219860E-002
   7.1077996439886798E-002
   5.0851689430469575E-002
   3.6959461935811296E-002
   2.8731587858707570E-002
   2.4465705334081749E-002
   2.2344713521491109E-002
