  0.65485319720838742       0.67409191044382655       0.70292979998759686       0.73642932030302000       0.78240363422412618       0.97757262659273225        1.6719584787050858     
  0.66860534142243055       0.68576972269889902       0.71305297265461509       0.74912491365764100       0.80512029269973140        1.0252010924885135        1.8190371106801724     
  0.68392859937563966       0.69906838761823331       0.72435029224389946       0.76143411369991487       0.82719730907298594        1.0729954351522202        1.9754781308433271     
  0.70036338176860302       0.71350229042743707       0.73664202741499873       0.77390114352130868       0.84919816173925666        1.1211636007953643        2.1409937949339302     
  0.71757169855318015       0.72876569096836030       0.74973084015717817       0.78668881728347795       0.87126825414111342        1.1689334591514162        2.3166152457335754     
  0.73527819618187051       0.74463638334380855       0.76345159851293176       0.79982501591512956       0.89338165780022205        1.2158376074557335        2.5037975585877055     
  0.75325340169954558       0.76093854293125252       0.77765491724066937       0.81328712546858339       0.91519046780821434        1.2620631390240316        2.7034075876356907     
  0.77135033994269775       0.77751933020982922       0.79220595469031752       0.82702718750077642       0.93649002360412659        1.3085686056727921        2.9164010362946433     
  0.78941738477987999       0.79422469770736281       0.80696311952293931       0.84096644805802678       0.95723633356386550        1.3556049336030012        3.1435332836500804     
  0.80727402945131854       0.81090969806460922       0.82178379478932950       0.85500699073619990       0.97736101711544199        1.4032599129286532        3.3855606849524809     
  0.82477455018196066       0.82743207982190270       0.83650306538183328       0.86907323569071004       0.99674277621842078        1.4516048765504257        3.6432901626754188     
  0.84179480993129852       0.84364246682908084       0.85110421980718909       0.88301525714522244        1.0153020930795940        1.5006729506969358        3.9175107588239566     
  0.85823880373808970       0.85942337419982107       0.86549038338893891       0.89670851368679483        1.0329300317679806        1.5505199579043540        4.2091559229991971     
  0.87401881735740461       0.87466321756768628       0.87954344131724771       0.91012730968185884        1.0496203298961124        1.6011480124353064        4.5190934229621016     
  0.88909108997324049       0.88929014049156752       0.89317046501365427       0.92315810127407194        1.0654192507168347        1.6525722348982097        4.8482845311122862     
  0.90342114964053211       0.90324699055959379       0.90629469460275358       0.93565791295919087        1.0804264992288048        1.7048024638386703        5.1977355988339289     
  0.91694416973677095       0.91648434842275839       0.91883474286976252       0.94762379131526797        1.0947100249009110        1.7578270500864193        5.5684237436914774     
  0.92964020316242713       0.92896156324597157       0.93070185940942263       0.95904260153565613        1.1083635813270323        1.8116321704964278        5.9613520446053876     
  0.94153584456339501       0.94063872968448725       0.94190379230951693       0.96985327254526876        1.1213568175740742        1.8662011677788768        6.3775442937877971     
  0.95253123884895874       0.95150345827042948       0.95241689059961665       0.98002986989383811        1.1337290468983467        1.9214954193024512        6.8179724612462804     
  0.96266044154071584       0.96150087149794283       0.96221339607236889       0.98954372430892124        1.1455237663697364        1.9775017950135381        7.2837476757703179     
  0.97187375170127599       0.97059377414640946       0.97125622666710199       0.99836477611038366        1.1567611508134712        2.0341901918854162        7.7758816341595667     
  0.98017392022960559       0.97878550910109552       0.97950645755137855        1.0064881307892630        1.1674522922160095        2.0915251998897837        8.2954010915980891     
  0.98747509797739819       0.98605731354388060       0.98691780222087488        1.0139059366902163        1.1776060704476785        2.1494918009078390        8.8434229540204363     
  0.99384365067820901       0.99239318072927429       0.99351675848665988        1.0206122796037962        1.1872337795608263        2.2080870483549200        9.4211325698609230     
  0.99924724304384283       0.99778730266432958       0.99928199286190866        1.0265937504833618        1.1963277477479937        2.2672843530321023        10.029751780266988     
   1.0036583097442524        1.0022130074841933        1.0041850711860361        1.0318276320877775        1.2048683209992863        2.3270291156975680        10.670178254858753     
   1.0070773389401122        1.0056473336138747        1.0082110679870959        1.0362964216561443        1.2128345752897631        2.3872675135934145        11.343379549858577     
   1.0094727456990278        1.0080692812739822        1.0113233623833457        1.0399641059161446        1.2202167372610779        2.4479687474159157        12.050417632667564     
   1.0108227707111750        1.0094801976547987        1.0134619521723922        1.0428156106839563        1.2270197833730900        2.5091283545438556        12.792483621129255     
   1.0110797095331263        1.0098445171042958        1.0146099842196916        1.0448131331573323        1.2331972340255795        2.5706473175704212        13.570500538942580     
   1.0101974670850404        1.0091236626773421        1.0147344080275504        1.0459358886254382        1.2387245341474382        2.6324725019712356        14.385216385556534     
   1.0081165321003511        1.0072564912125443        1.0137092189061663        1.0461303726448914        1.2435364443207286        2.6944789512267699        15.237077964626366     
   1.0047509502557401        1.0042653843257174        1.0115456482755962        1.0453365791729003        1.2475994347164017        2.7565620741920895        16.126555418581567     
   1.0000241209122445        1.0000681145566925        1.0081149858351028        1.0434836522327708        1.2508595698445972        2.8185788166469852        17.053802493302261     
  0.99386152890254997       0.99458814786671512        1.0030893734927917        1.0404821460056086        1.2532331913679819        2.8802504755415455        18.018754261155319     
  0.98621230844330854       0.98755729520071833       0.99630762160342268        1.0361985714179880        1.2546023977219718        2.9414606386209563        19.020662064262915     
  0.97696429884344738       0.97840858077570247       0.98786864741025637        1.0305306536061607        1.2547338567365547        3.0019863345904692        20.058677659111559     
  0.96584574245453780       0.96656291012094120       0.97770685480078412        1.0233228594361254        1.2536263048985323        3.0615826090252098        21.131555249598186     
  0.95118834386214846       0.95195548576022926       0.96489802336681629        1.0141815685397197        1.2513475080258871        3.1200531301398100        22.238197787582290     
  0.93110537637305368       0.93371182209337777       0.94912386993600728        1.0029801697513057        1.2473203999963027        3.1771352110771294        23.376922608072974     
  0.90642867693587625       0.91153854818338631       0.93029532007716931       0.98941107213209900        1.2414990329381514        3.2325148065934197        24.545332262874808     
  0.87708436839474313       0.88579539750500325       0.90796140371194156       0.97315072968638816        1.2336150218374060        3.2859011494898880        25.740751317519599     
  0.84291825943062682       0.85481517291141518       0.88117579090833154       0.95277936703983657        1.2231996650605235        3.3366577593083484        26.957208245067893     
  0.81418013197223216       0.82974995076730707       0.86072222730091452       0.93344230160218633        1.2109396230117344        3.3842430077518584        28.187964430451355     
  0.77512670295872577       0.79338914335130550       0.82950566066773634       0.90990205007460689        1.1974098402758671        3.4276153219497547        29.425069026539585     
  0.73870973332461820       0.75978313250196938       0.80028308300646089       0.88712337244973993        1.1829585214024478        3.4661981289509400        30.659546173938217     
  0.70535547234770224       0.72846540435721696       0.77280413225919775       0.86513334525546692        1.1653953104655157        3.4996497892805376        31.885261159153615     
  0.67578625776531731       0.69961352964805779       0.74682243735165887       0.84395510990279221        1.1500190992788522        3.5279712249130939        33.098788843243575     
  0.65179880435993287       0.67379148925184507       0.72231547036541210       0.82362851384522251        1.1344439111717266        3.5514419286948913        34.299236320880695     
  0.63295026518645703       0.65218145210865630       0.69938261652613676       0.80409726215194111        1.1187862717899346        3.5701259207422553        35.483726776206034     
  0.61720432829466465       0.63454329544617527       0.67812012567346924       0.78511118940944769        1.1031777993148038        3.5832475109488255        36.640754082146827     
  0.60409765883033162       0.61963400116165834       0.65876871414776994       0.76641595464191115        1.0877941651114398        3.5898518823112373        37.755862397850876     
  0.59408854679443790       0.60702459659349339       0.64158879082536713       0.74790071618722176        1.0721479912653946        3.5893608066532359        38.817347509755578     
  0.58761101835332941       0.59695263609694815       0.62666848831708699       0.72952923658703017        1.0559733141796757        3.5813111252339582        39.813818895811146     
  0.58397192866819436       0.58978720641601501       0.61388223041130474       0.71123642345048432        1.0390259517725484        3.5648858272613966        40.728950141466548     
  0.58202315434176932       0.58529798867539906       0.60322347359509121       0.69296199803602898        1.0210866889050465        3.5389619570912774        41.541594037202927     
  0.58109369046231796       0.58274941904568811       0.59483380347278791       0.67477444724681745        1.0019388604659984        3.5022897952973477        42.227273512876806     
  0.58076134334245910       0.58144401119047795       0.58877068099801666       0.65686028911109218       0.98127708380007472        3.4536651349031575        42.760013407881807     
  0.58067778093688716       0.58089142973272523       0.58482785635064027       0.63953575578291921       0.95874728654307173        3.3918739619943530        43.112015158495623     
  0.58066157955364772       0.58071510514274216       0.58254050654718137       0.62341076607210688       0.93397585835599495        3.3159241229659329        43.254954529763545     
  0.58065911377317803       0.58067199838306127       0.58138413047559601       0.60942547617822262       0.90660996989898346        3.2249404938041124        43.161043519790532     
  0.58065880066398878       0.58066333191631547       0.58089822111509581       0.59829403745201692       0.87641060815084748        3.1183986933695107        42.805707888574624     
  0.58065874681656815       0.58066167756286025       0.58073241056771452       0.59020815659837933       0.84331322593223979        2.9959145971832903        42.169805104322045     
  0.58065872820587394       0.58066125196840412       0.58068546883605432       0.58521396815114912       0.80747880830966223        2.8585500905158763        41.240631202543788     
  0.58065871844556982       0.58066106892055247       0.58067298556005853       0.58257661332437316       0.76930678398937546        2.7080705082537042        40.010719378914935     
  0.58065871298784466       0.58066096444895510       0.58066888808566453       0.58139109745095385       0.72957554738080532        2.5455834217727840        38.477915836658184     
  0.58065871011768544       0.58066090356796507       0.58066691790988623       0.58094391569096682       0.68987886816420185        2.3728532373712250        36.648353123011020     
  0.58065870874170278       0.58066087055286630       0.58066574801769655       0.58079088273580526       0.65292592667651805        2.1920360203586116        34.536309827965077     
  0.58065870815209364       0.58066085437844461       0.58066505221515541       0.58073314246971430       0.62250317696196666        2.0064110285099983        32.168108662257936     
  0.58065870792979812       0.58066084739872514       0.58066467380806441       0.58070476353474720       0.60134577571381653        1.8199002805993560        29.583512829859139     
  0.58065870785678342       0.58066084479071012       0.58066449265928743       0.58068826996770728       0.58956319372320465        1.6356276411786168        26.832245423422464     
  0.58065870783592421       0.58066084395703610       0.58066441836149618       0.58067873095330591       0.58429826851444966        1.4560020708469088        23.975169948222504     
  0.58065870783088502       0.58066084373013582       0.58066439297048023       0.58067371054110972       0.58226254494608343        1.2823514328205958        21.078937508242902     
  0.58065870782991491       0.58066084367834181       0.58066438583004942       0.58067142914509451       0.58143726157111608        1.1160131370152819        18.214929993471621     
  0.58065870782977103       0.58066084366889592       0.58066438420025568       0.58067057352502693       0.58103564418003473       0.96019131284361459        15.452589473438767     
  0.58065870782975526       0.58066084366759452       0.58066438390608388       0.58067032002151320       0.58082969009142726       0.82217058980931756        12.866997305895207     
  0.58065870782975404       0.58066084366746729       0.58066438386485586       0.58067026261900945       0.58073388430568840       0.71292966839804339        10.519392665051299     
  0.58065870782975404       0.58066084366745807       0.58066438386069696       0.58067025303525910       0.58069585741982854       0.64160519195808718        8.4485501090511050     
  0.58065870782975404       0.58066084366745752       0.58066438386041175       0.58067025189839683       0.58068360164926602       0.60553860418358763        6.6851776221458303     
  0.58075173108692357       0.58075386692468323       0.58075740711768020       0.58076327506230352       0.58077360167232173       0.59073021187487307        5.2602870172398495     
