  0.58407449118782473       0.59332718105131543       0.60306471841573472       0.59974772994499226       0.56078149511609121       0.51414125321125170       0.51835916295183293     
  0.57724623999061186       0.58574315335521487       0.59569374536898090       0.59666807998164106       0.56752055490634945       0.53446147336420979       0.55425361069893664     
  0.57174654722783513       0.57943100302470130       0.58916431424912707       0.59310137585715772       0.57311368834010301       0.55345291697112875       0.58967198180223535     
  0.56730946245607983       0.57413088125674849       0.58346306162378558       0.58956127068122244       0.57813833730655095       0.57150268468965060       0.62403321664901579     
  0.56374656277151036       0.56968871512011809       0.57851367856549818       0.58623748748019611       0.58282835295641433       0.58838492704618062       0.65722436773334891     
  0.56091396769446789       0.56600013858586407       0.57424604146665448       0.58320882891247194       0.58728679999696798       0.60377601008780746       0.68959438174437160     
  0.55869634932294809       0.56298139282927850       0.57059485345433658       0.58050717832098886       0.59148100554143257       0.61767976964328997       0.72101504948992845     
  0.55701398512333700       0.56055783876920173       0.56750211779348647       0.57814256628347127       0.59539620561832385       0.63082136300557889       0.75140813203206558     
  0.55578412600157934       0.55865255228993771       0.56490631497189603       0.57610233101725439       0.59905246188026462       0.64341795567718074       0.78046162320467027     
  0.55491067727382115       0.55719036696664048       0.56274360055175621       0.57436558877406862       0.60245443755113093       0.65558819783857658       0.80785017853304042     
  0.55430749416212988       0.55609425777424915       0.56093345900029512       0.57291910925034017       0.60558504601186225       0.66743547414211180       0.83328983542031576     
  0.55389976908298200       0.55528604926855074       0.55948146956356570       0.57172208334081520       0.60843622723475210       0.67903054672072416       0.85656602873536958     
  0.55362999150018577       0.55470108628267012       0.55834473231736015       0.57074805147557084       0.61098917476875703       0.69043037111399741       0.87756212713195603     
  0.55345199539008605       0.55428145147416308       0.55746304784592859       0.56998267139207925       0.61325854346580755       0.70166107636777764       0.89624401628399852     
  0.55333874342986400       0.55398678237146171       0.55679046301765256       0.56939272106722794       0.61528383686314247       0.71274160971104339       0.91266271344334426     
  0.55327350500241212       0.55378651499327725       0.55628840556437664       0.56893360836636375       0.61713699279925427       0.72368402719082636       0.92693357531656506     
  0.55323844787722642       0.55365656196535717       0.55591775871922144       0.56860517470282113       0.61886710465000327       0.73448598242129381       0.93921548821649825     
  0.55322545921940780       0.55357999774080813       0.55563723932617959       0.56840512185426295       0.62054009080344297       0.74514500739570599       0.94969447847173893     
  0.55323781471524236       0.55354186783127879       0.55545308993999043       0.56831534809983730       0.62216023899661865       0.75565612461492115       0.95856802711576117     
  0.55325577822353633       0.55353874613010723       0.55536043589813455       0.56832638535096636       0.62376843684141559       0.76600888312400972       0.96603164716890644     
  0.55328649066216140       0.55355515408603928       0.55534898572800651       0.56843551308504769       0.62540667217208090       0.77620116644250436       0.97227361985805894     
  0.55332027121174943       0.55358134451416763       0.55540219712515082       0.56863694457766178       0.62710024917807661       0.78622120976960141       0.97746629880534885     
  0.55336033992440326       0.55362363144839322       0.55550358593484517       0.56892828448728239       0.62887024914045386       0.79605970404688087       0.98176469283097711     
  0.55338901919486705       0.55367433183026415       0.55563581376913429       0.56930913772202107       0.63073495081351472       0.80571163632099541       0.98530668579117908     
  0.55342374113645099       0.55373133756787318       0.55581022781442946       0.56978126874983492       0.63271214146115018       0.81517405099252316       0.98821281303108854     
  0.55345658895408412       0.55379414871363575       0.55602690245285846       0.57034404099486025       0.63481524245798771       0.82444696838521458       0.99058685448700634     
  0.55348185426757524       0.55385674526451756       0.55627936362945429       0.57099149168377339       0.63704395444571271       0.83351322628739288       0.99251730327638954     
  0.55350156513989390       0.55391469752723765       0.55656293098071752       0.57171965604808173       0.63940060146568356       0.84236365622414155       0.99407965243000029     
  0.55350798017367231       0.55396438837273931       0.55686554061404747       0.57252110059082140       0.64189197075506099       0.85099354167126573       0.99533826276185855     
  0.55349684690431933       0.55400545279639724       0.55717339140135769       0.57339834295937009       0.64453148033334950       0.85940194071793752       0.99634762706386948     
  0.55345647307866641       0.55402753947105721       0.55747817534557587       0.57434265008164720       0.64731899355616340       0.86758452840996880       0.99715297742274589     
  0.55337488332325646       0.55401779098292459       0.55777112761011238       0.57535048913112330       0.65024810816490330       0.87552818864860704       0.99779241667728291     
  0.55323553057983621       0.55395130439869167       0.55801829627741806       0.57640218978444824       0.65329858196820023       0.88322095045872406       0.99829726739378255     
  0.55301658857088998       0.55384542825704697       0.55820720915773403       0.57748333491888970       0.65648112218473775       0.89065549091748053       0.99869365889220585     
  0.55269332325408460       0.55366782265868508       0.55829896369285725       0.57857652397254522       0.65979134425274766       0.89782251798574975       0.99900313173272037     
  0.55223630701947790       0.55338143918028737       0.55821337957920947       0.57965305342385665       0.66319192340569555       0.90469721394470792       0.99924313799519737     
  0.55161591734538973       0.55289002353047090       0.55789430366911319       0.58067290612001099       0.66665298365775960       0.91128026996506784       0.99942833887549254     
  0.55078721499175753       0.55196030514687167       0.55733698940422571       0.58160728487693536       0.67009968275723797       0.91755774551365732       0.99957040023649912     
  0.54966288527795604       0.55038898156014993       0.55650686765259194       0.58240513452240605       0.67357262324037326       0.92350663633388130       0.99967873275423802     
  0.54760690770834219       0.54805087429739630       0.55513330027140928       0.58296863861714676       0.67719137172342059       0.92910075413656568       0.99976089707043003     
  0.54357553938209102       0.54472111353898112       0.55308250876243992       0.58326899098387552       0.68064474992280266       0.93430746055912639       0.99982287007104487     
  0.53792251623150300       0.54027292911229741       0.55031469002967459       0.58323294637141387       0.68398367502277801       0.93909998613902346       0.99986935721507142     
  0.53068759456340320       0.53479361594353070       0.54668368650281973       0.58281440546810026       0.68710006356233821       0.94345923119097996       0.99990403807590911     
  0.52191980210860456       0.52772464816061371       0.54193216786704534       0.58160076993321885       0.68986280232706076       0.94734798470986004       0.99992973106711847     
   1.0000000000000000        1.0000000000000000        1.0000000000000000        1.0000000000000000        1.0000000000000000        1.0000000000000000        1.0000000000000000     
   1.0000000000000000        1.0000000000000000        1.0000000000000000        1.0000000000000000        1.0000000000000000        1.0000000000000000        1.0000000000000000     
   1.0000000000000000        1.0000000000000000        1.0000000000000000        1.0000000000000000        1.0000000000000000        1.0000000000000000        1.0000000000000000     
   1.0000000000000000        1.0000000000000000        1.0000000000000000        1.0000000000000000        1.0000000000000000        1.0000000000000000        1.0000000000000000     
   1.0000000000000000        1.0000000000000000        1.0000000000000000        1.0000000000000000        1.0000000000000000        1.0000000000000000        1.0000000000000000     
   1.0000000000000000        1.0000000000000000        1.0000000000000000        1.0000000000000000        1.0000000000000000        1.0000000000000000        1.0000000000000000     
   1.0000000000000000        1.0000000000000000        1.0000000000000000        1.0000000000000000        1.0000000000000000        1.0000000000000000        1.0000000000000000     
   1.0000000000000000        1.0000000000000000        1.0000000000000000        1.0000000000000000        1.0000000000000000        1.0000000000000000        1.0000000000000000     
   1.0000000000000000        1.0000000000000000        1.0000000000000000        1.0000000000000000        1.0000000000000000        1.0000000000000000        1.0000000000000000     
   1.0000000000000000        1.0000000000000000        1.0000000000000000        1.0000000000000000        1.0000000000000000        1.0000000000000000        1.0000000000000000     
   1.0000000000000000        1.0000000000000000        1.0000000000000000        1.0000000000000000        1.0000000000000000        1.0000000000000000        1.0000000000000000     
   1.0000000000000000        1.0000000000000000        1.0000000000000000        1.0000000000000000        1.0000000000000000        1.0000000000000000        1.0000000000000000     
   1.0000000000000000        1.0000000000000000        1.0000000000000000        1.0000000000000000        1.0000000000000000        1.0000000000000000        1.0000000000000000     
   1.0000000000000000        1.0000000000000000        1.0000000000000000        1.0000000000000000        1.0000000000000000        1.0000000000000000        1.0000000000000000     
   1.0000000000000000        1.0000000000000000        1.0000000000000000        1.0000000000000000        1.0000000000000000        1.0000000000000000        1.0000000000000000     
   1.0000000000000000        1.0000000000000000        1.0000000000000000        1.0000000000000000        1.0000000000000000        1.0000000000000000        1.0000000000000000     
   1.0000000000000000        1.0000000000000000        1.0000000000000000        1.0000000000000000        1.0000000000000000        1.0000000000000000        1.0000000000000000     
   1.0000000000000000        1.0000000000000000        1.0000000000000000        1.0000000000000000        1.0000000000000000        1.0000000000000000        1.0000000000000000     
   1.0000000000000000        1.0000000000000000        1.0000000000000000        1.0000000000000000        1.0000000000000000        1.0000000000000000        1.0000000000000000     
   1.0000000000000000        1.0000000000000000        1.0000000000000000        1.0000000000000000        1.0000000000000000        1.0000000000000000        1.0000000000000000     
   1.0000000000000000        1.0000000000000000        1.0000000000000000        1.0000000000000000        1.0000000000000000        1.0000000000000000        1.0000000000000000     
   1.0000000000000000        1.0000000000000000        1.0000000000000000        1.0000000000000000        1.0000000000000000        1.0000000000000000        1.0000000000000000     
   1.0000000000000000        1.0000000000000000        1.0000000000000000        1.0000000000000000        1.0000000000000000        1.0000000000000000        1.0000000000000000     
   1.0000000000000000        1.0000000000000000        1.0000000000000000        1.0000000000000000        1.0000000000000000        1.0000000000000000        1.0000000000000000     
   1.0000000000000000        1.0000000000000000        1.0000000000000000        1.0000000000000000        1.0000000000000000        1.0000000000000000        1.0000000000000000     
   1.0000000000000000        1.0000000000000000        1.0000000000000000        1.0000000000000000        1.0000000000000000        1.0000000000000000        1.0000000000000000     
   1.0000000000000000        1.0000000000000000        1.0000000000000000        1.0000000000000000        1.0000000000000000        1.0000000000000000        1.0000000000000000     
   1.0000000000000000        1.0000000000000000        1.0000000000000000        1.0000000000000000        1.0000000000000000        1.0000000000000000        1.0000000000000000     
   1.0000000000000000        1.0000000000000000        1.0000000000000000        1.0000000000000000        1.0000000000000000        1.0000000000000000        1.0000000000000000     
   1.0000000000000000        1.0000000000000000        1.0000000000000000        1.0000000000000000        1.0000000000000000        1.0000000000000000        1.0000000000000000     
   1.0000000000000000        1.0000000000000000        1.0000000000000000        1.0000000000000000        1.0000000000000000        1.0000000000000000        1.0000000000000000     
   1.0000000000000000        1.0000000000000000        1.0000000000000000        1.0000000000000000        1.0000000000000000        1.0000000000000000        1.0000000000000000     
   1.0000000000000000        1.0000000000000000        1.0000000000000000        1.0000000000000000        1.0000000000000000        1.0000000000000000        1.0000000000000000     
   1.0000000000000000        1.0000000000000000        1.0000000000000000        1.0000000000000000        1.0000000000000000        1.0000000000000000        1.0000000000000000     
   1.0000000000000000        1.0000000000000000        1.0000000000000000        1.0000000000000000        1.0000000000000000        1.0000000000000000        1.0000000000000000     
   1.0000000000000000        1.0000000000000000        1.0000000000000000        1.0000000000000000        1.0000000000000000        1.0000000000000000        1.0000000000000000     
   1.0000000000000000        1.0000000000000000        1.0000000000000000        1.0000000000000000        1.0000000000000000        1.0000000000000000        1.0000000000000000     
