   1.8681435905566706        1.8169239616497490        1.7453430113470727        1.7738835916797142        1.8653233304148864        4.5177254609919260        18.486104389281522     
   1.8807415141494890        1.8370112101699547        1.7748431426333451        1.8085494844939174        1.8675701573684751        4.4885028644964668        18.620347409022347     
   1.8883798796897078        1.8514116835513945        1.7985341247238611        1.8377179526326539        1.8523903922094038        4.3664072375897041        18.487269916291542     
   1.8920750897320464        1.8611446422814109        1.8171833379066409        1.8619899209024580        1.8224149513686876        4.1722350266517987        18.198823624736370     
   1.8926177837749971        1.8670185183644554        1.8314352152733584        1.8816543307105733        1.7778381524590638        3.9209908197032681        17.890904780152745     
   1.8906095364395363        1.8696744221491024        1.8418212831006704        1.8968680734709811        1.7192003615094278        3.6322523225982852        17.622398351304223     
   1.8865030808271752        1.8696174643547219        1.8487773816704922        1.9077734233008767        1.6476953614029966        3.3446367032489008        17.370320933797959     
   1.8806195584867700        1.8672186114808316        1.8526496143786031        1.9145432185558486        1.5658598170461433        3.0837527894555303        17.108092444485067     
   1.8731901784516463        1.8627544487759757        1.8537094427666008        1.9173246569258449        1.4764687287950777        2.8599728429750462        16.828519154829561     
   1.8643728360631013        1.8564316582608900        1.8521768746315188        1.9162386886155343        1.3819232446758456        2.6668309907007557        16.534055538446250     
   1.8542699908267322        1.8484010002400337        1.8482404951885407        1.9113821538432356        1.2838651120988369        2.4967785836099647        16.227805870507225     
   1.8429370859051379        1.8387647013442294        1.8420693048976924        1.9028259298843675        1.1833137790839467        2.3444061406332173        15.912911290409022     
   1.8303971265442196        1.8275947468043885        1.8337948542406253        1.8906262536117526        1.0812873949865454        2.2058955324552159        15.592134807772261     
   1.8166598596205559        1.8149440797076319        1.8235185638256779        1.8748726557077127       0.97879091333963508        2.0784674558248528        15.267806132063251     
   1.8017177691954536        1.8008509981862220        1.8113501829009702        1.8556655280119894       0.87693644519915581        1.9601325320387322        14.941824524929991     
   1.7855454163624906        1.7853422732864892        1.7973471439204693        1.8332140244626423       0.77672961036769361        1.8494950781691566        14.615727614585857     
   1.7681008669554648        1.7684280198043687        1.7815436080306739        1.8077555197267721       0.67923578657204109        1.7455719092368398        14.290745633648234     
   1.7493321132763819        1.7500916709003382        1.7639467501171417        1.7795472211660603       0.58531065608754806        1.6476980192345947        13.967855920050068     
   1.7291783288095741        1.7302945315570228        1.7445337563318235        1.7488321864418230       0.49574285308243504        1.5553919351028211        13.647826370096645     
   1.7075609516760506        1.7089745068044564        1.7232826824599763        1.7158220404538691       0.41138494051107322        1.4683067572773862        13.331255624671316     
   1.6843826205957135        1.6860400162889109        1.7001400097935928        1.6807125823310283       0.33294545654124363        1.3861901492615492        13.018598055656598     
   1.6595303893716951        1.6613507776907239        1.6750261829637263        1.6437423911813218       0.26096432505089340        1.3088490008900389        12.710201711240959     
   1.6328972868665181        1.6347663248895272        1.6478670480228521        1.6051688824701882       0.19576491360499695        1.2361552331248424        12.406333821292288     
   1.6043481715108214        1.6061702418031816        1.6185585651536338        1.5651467781273602       0.13755766596880825        1.1680043893945260        12.107192411416497     
   1.5737428767479020        1.5754184712511650        1.5869709815866251        1.5238143469934389        8.6363589859819706E-002   1.1043144238760512        11.812930820712428     
   1.5409136541393296        1.5423591421066223        1.5529471528948753        1.4812791260082281        4.2158255574823528E-002   1.0450182775696484        11.523675137421566     
   1.5056612722179361        1.5068353766436833        1.5163063894260291        1.4375411666138624        4.8881157222130924E-003  0.99005243018994094        11.239524107802218     
   1.4677628079435683        1.4686615625831971        1.4768426047151022        1.3925988751615863       -2.5499797849349515E-002  0.93935990084341137        10.960553522375397     
   1.4269666476918297        1.4276209528187900        1.4343231824874199        1.3464157004128572       -4.9059686875527898E-002  0.89287795458080887        10.686819663187372     
   1.3829900837070306        1.3834498700189675        1.3884863592571726        1.2989210731348149       -6.5866126675807823E-002  0.85053912280325117        10.418375572912730     
   1.3355225810761753        1.3358593117705153        1.3390157628972137        1.2500206928822841       -7.5961613902572847E-002  0.81226998004524387        10.155285383300958     
   1.2841827410576949        1.2845190885677442        1.2855630401624012        1.1995679600505775       -7.9403661823729238E-002  0.77798840129894442        9.8976025187378784     
   1.2285689058163463        1.2290470655802059        1.2277698003206725        1.1473189151790475       -7.6324634195172256E-002  0.74759329554399301        9.6453876361942292     
   1.1682249577823380        1.1689850238681052        1.1652463397233777        1.0929408116676265       -6.6919524149942913E-002  0.72097018395189871        9.3986933537960908     
   1.1026009454760248        1.1037922829636437        1.0976252690220827        1.0360700754324785       -5.1395539553734070E-002  0.69798741821581423        9.1575788063734400     
   1.0310879003817948        1.0328091744112189        1.0243205225650818       0.97626770631422621       -2.9688551360953094E-002  0.67849616536668378        8.9221065930773786     
  0.95296890909525112       0.95529246481904917       0.94471627427749993       0.91297433523845462       -2.2800282776039723E-003  0.66234254538558579        8.6923502264027750     
  0.86741080163741269       0.87036921765680175       0.85835920393387344       0.84549575768498109        3.0196270410278812E-002  0.64937333655044882        8.4683848721905122     
  0.77337339650207415       0.77693015570997759       0.76463463479679483       0.77304287023500684        6.6696848996623148E-002  0.63943285421745866        8.2502928926360450     
  0.66972274871000836       0.67351027017958243       0.66258952389894399       0.69473519468555178       0.10624180409398534       0.63238275637769337        8.0381716127160825     
  0.55494254271861276       0.55840940638414682       0.55067545666912665       0.60907476982774578       0.14756557120282168       0.62802898344105984        7.8321549576300509     
  0.42598977168268287       0.42990749934975003       0.42870270975512359       0.51455669788545855       0.18869658416449023       0.62616555592790135        7.6324170002862548     
  0.27975008227658132       0.28553291723281726       0.29506107428850598       0.40938476668927148       0.22858179612005350       0.62642082279259825        7.4391602932654388     
  0.11410529608610885       0.12391208932512733       0.14549645167132763       0.29125382779652725       0.26560961112257875       0.62833952762889933        7.2526419309945620     
  -7.1421748285013673E-002  -5.8221587084094757E-002  -2.1570879646462936E-002  0.15849528220500048       0.30590087555701445       0.63203424518419171        7.0731770546846295     
  -4.2152388335453060E-002  -2.8551926701207781E-002   1.1929635655724155E-002  0.20033122154300281       0.44475457523028245       0.64976154373214379        6.9012191899905782     
  -2.2010859785613228E-002  -8.9158581991795813E-003   3.3448002007847290E-002  0.23043571687377865       0.57693901072145237       0.67017106579270891        6.7337649888481623     
  -1.0868078365104367E-002   1.8898821167729486E-003   4.5038741734874557E-002  0.24988537829995369       0.70065241767731712       0.69324438782370212        6.5705909650866410     
  -4.0802130917476130E-003   7.1972114799091422E-003   4.9140800235381650E-002  0.25928654249484645       0.81427584165767231       0.71897640551955355        6.4114694084253463     
  -4.8409925288828749E-005   9.3974176842444180E-003   4.8118012776013019E-002  0.25930984625653414       0.91635410061420297       0.74738385230123217        6.2562362093292538     
   1.7720827035379481E-003   9.6473342692383734E-003   4.3975727891614899E-002  0.25089621443233406        1.0054888078968616       0.77854185836353662        6.1048577797384169     
   2.2589831119953028E-003   8.6305341202114853E-003   3.8165258492262835E-002  0.23531988067467027        1.0805645304395768       0.81258990189834435        5.9574254050073288     
   2.0414504545770056E-003   6.9794804186204627E-003   3.1617761748583724E-002  0.21421601361838530        1.1409542591075861       0.84978684997542753        5.8140133822825710     
   1.5654255951470803E-003   5.2077282149887360E-003   2.4994959570957025E-002  0.18926486827648623        1.1844260488447662       0.89048875998258192        5.6746901932749934     
   1.0780169671300002E-003   3.6357531957733297E-003   1.8830466609616039E-002  0.16217603951591808        1.2077801066910281       0.93506604892539136        5.5396242636072683     
   6.9051291931184454E-004   2.3944155489756102E-003   1.3510971122515928E-002  0.13468558947479731        1.2096465340278784       0.98408157182509060        5.4091160036230868     
   4.2460173866824472E-004   1.4995268113319898E-003   9.2266581930293048E-003  0.10826228296098730        1.1891818786609318        1.0383120086414013        5.2834559712903282     
   2.6547670684014908E-004   9.0492148795384675E-004   5.9979530060935860E-003   8.4079783255936985E-002   1.1461676812208450        1.0987072367036894        5.1628194622505719     
   1.8381973201761921E-004   5.4649327349365838E-004   3.7176574808390991E-003   6.2872289316853569E-002   1.0813527987753342        1.1665009502571306        5.0472990188677622     
   1.4882020892795491E-004   3.5442798946570711E-004   2.2150545963840751E-003   4.4918869115961525E-002  0.99642895151430200        1.2431949351180085        4.9369383194478820     
   1.3659846790664877E-004   2.6575704047429680E-004   1.2977214742231910E-003   3.0545869831316391E-002  0.89424941753429377        1.3304926604443772        4.8317239095931290     
   1.3328548345649567E-004   2.3182338375979299E-004   7.8737421030760052E-004   1.9654348828154585E-002  0.77903247292188071        1.4301246395899276        4.7315805974971097     
   1.3270324395016646E-004   2.2169123631923210E-004   5.3501500055196159E-004   1.1953848648480262E-002  0.65592405489764882        1.5436213519399398        4.6363310099490702     
   1.3272999868945445E-004   2.1981758506071377E-004   4.2752484627690520E-004   7.0109635432464169E-003  0.53087429338347525        1.6717964072441085        4.5457097354969003     
   1.3281594360874501E-004   2.1999786703244900E-004   3.8935777649200964E-004   4.0320491258935562E-003  0.41031167910886812        1.8141106810528982        4.4593746965936463     
   1.3286677012499658E-004   2.2036273482953318E-004   3.7822161709289022E-004   2.3877430042048777E-003  0.30100330231771577        1.9679674800181171        4.3769269664080568     
   1.3288490574381621E-004   2.2054543378067257E-004   3.7508033282768714E-004   1.5501422667339145E-003  0.20849625033109928        2.1245885690140502        4.2979039170411877     
   1.3288486152601697E-004   2.2055947765761287E-004   3.7334424582691016E-004   1.1453194497972169E-003  0.13531369585217495        2.2712592303875878        4.2217259839427861     
   1.3287847553251680E-004   2.2048278205778497E-004   3.7152197399363887E-004   9.4446389404072816E-004   8.2085787389342912E-002   2.3885931526108131        4.1476664507681287     
   1.3287231845451785E-004   2.2038497847360315E-004   3.6960487757827930E-004   8.3002830202327446E-004   4.6792772629927551E-002   2.4514417966743203        4.0747290307634243     
   1.3286845269666912E-004   2.2030720629698296E-004   3.6787060409780749E-004   7.5296117631724056E-004   2.5950707078891584E-002   2.4306299572935655        4.0014751866390172     
   1.3286655229724457E-004   2.2026049166188214E-004   3.6655217908710937E-004   6.9722558722542767E-004   1.4554621688532689E-002   2.2945865197621447        3.9257130121277184     
   1.3286574179562321E-004   2.2023808002313326E-004   3.6572126013286306E-004   6.5791276226328545E-004   8.6262490020284251E-003   2.0228529184024757        3.8444476669445851     
   1.3286536181714563E-004   2.2022927800231158E-004   3.6528943881320098E-004   6.3218853089510999E-004   5.4413392267766312E-003   1.6384834464119047        3.7537298648440158     
   1.3286505472564570E-004   2.2022630989233029E-004   3.6510581731876124E-004   6.1717539886382822E-004   3.5599258356330274E-003   1.2047838031831628        3.6484696956774529     
   1.3286464114655271E-004   2.2022507918973992E-004   3.6504342720599194E-004   6.0961606560322565E-004   2.3816143983398080E-003  0.79732746664592558        3.5225531347098680     
   1.3286398090113180E-004   2.2022390167804792E-004   3.6502629258789587E-004   6.0643177616902786E-004   1.6690600759649791E-003  0.47413570623210533        3.3693254811796365     
   1.3286284735629481E-004   2.2022201461491204E-004   3.6502052012721758E-004   6.0535238783707688E-004   1.2838183387256215E-003  0.25719470584040033        3.1850145071348686     
   1.3286071786837076E-004   2.2021848521837251E-004   3.6501437082767340E-004   6.0506838947936797E-004   1.1048696031550969E-003  0.13302145175105157        2.9770229456885478     
   1.3285602164444605E-004   2.2021070380393308E-004   3.6500146072067439E-004   6.0499795520883577E-004   1.0346995804889510E-003   6.8845230129548379E-002   2.7818532237802995     
   1.3284089828084989E-004   2.2018564661356488E-004   3.6495996670144311E-004   6.0492321961942979E-004   1.0111812364536994E-003   3.4890821203090561E-002   2.6746953269766998     
