   1.7897795873999389     
   1.8126352026824890     
   1.8194806896387057     
   1.8136120424071116     
   1.7973129527793295     
   1.7726166298979540     
   1.7423367009385720     
   1.7087366460321511     
   1.6732699024917537     
   1.6362655848804522     
   1.5977721611940838     
   1.5577958012375741     
   1.5164188008717947     
   1.4737875096073050     
   1.4301304948460862     
   1.3857246893996804     
   1.3408864615960865     
   1.2959107634884359     
   1.2510655331522131     
   1.2066317391042598     
   1.1628358817683784     
   1.1198796028185711     
   1.0779297508033496     
   1.0370822341880268     
  0.99737005019067138     
  0.95879426350279096     
  0.92132154285650347     
  0.88489660294964967     
  0.84944927992243335     
  0.81488515248950222     
  0.78109410854806083     
  0.74794120404841691     
  0.71524787131907763     
  0.68274916467159608     
  0.65017885788472018     
  0.61728353330950170     
  0.58359825791792819     
  0.54861467294343647     
  0.51165093939518191     
  0.47202256322388092     
  0.42850550060501214     
  0.38012619497695471     
  0.32566874237411852     
  0.26316717599238632     
  0.19372571977058536     
  0.25649162860590113     
  0.30948730815238595     
  0.35324946955483805     
  0.38845094221555343     
  0.41574711875996340     
  0.43574274498610210     
  0.44907362816123747     
  0.45653179310911274     
  0.45850007366880680     
  0.45496512481882634     
  0.44640102287295985     
  0.43327125908534997     
  0.41604747605231984     
  0.39526139577657743     
  0.37150523007646485     
  0.34566586825349066     
  0.31882888085763506     
  0.29222874268268706     
  0.26721361596920840     
  0.24501845922091056     
  0.22690778280805707     
  0.21349421139781996     
  0.20446233923274279     
  0.19861093568126395     
  0.19376107630338452     
  0.18714580497731648     
  0.17546983349660764     
  0.15639062819706384     
  0.13067233206891238     
  0.10198051579395161     
   7.4966763878490619E-002
   5.3241359950047307E-002
   3.8153901256110408E-002
   2.8868067537044444E-002
   2.3524277255539749E-002
   2.0728999225458337E-002
