  0.64950350578563631       0.66814662838044381       0.69598240343314832       0.72908314669611185       0.77528170899311688       0.96680371535615006        1.6541873940132457     
  0.66311715236964097       0.67973747654513106       0.70615408756815357       0.74178660444454370       0.79838831771910757        1.0144853181179150        1.8007669823653194     
  0.67837336177871510       0.69299681332697649       0.71748041720554401       0.75415519264724251       0.82089758137850388        1.0623183966160525        1.9564579493165808     
  0.69478217765734851       0.70742149885907046       0.72979572585587704       0.76673709848381943       0.84331986327206188        1.1101582470289932        2.1214000507301281     
  0.71197637625491228       0.72269071620353831       0.74291621829413956       0.77967486272967756       0.86578934356602233        1.1570712366408888        2.2962093900074283     
  0.72967105601521887       0.73857864924284178       0.75667868924034798       0.79299407218660656       0.88811921889592704        1.2032456168674976        2.4826674527266572     
  0.74764800354516758       0.75490933956765627       0.77092353323584295       0.80665998554141549       0.91004707586910816        1.2487423484030211        2.6817079797184538     
  0.76576443776852465       0.77152484364462470       0.78552208690429470       0.82061594276943151       0.93135853523382017        1.2944065540359539        2.8940941568041416     
  0.78384948123544285       0.78826920846640625       0.80033116439507157       0.83477150056756644       0.95192027176234739        1.3405569535447899        3.1205328252473721     
  0.80171634838154837       0.80499087731173757       0.81517051664831852       0.84901764511355049       0.97166552597639877        1.3873213359066507        3.3617402133991736     
  0.81921763697984495       0.82153794882460862       0.82998072423459801       0.86324247902884188       0.99052896016194281        1.4347662215218391        3.6184821988845197     
  0.83622405948917844       0.83777603511315679       0.84466059002780369       0.87733514892868691        1.0084237550943063        1.4829057197964912        3.8915106597345104     
  0.85263913675813285       0.85356289558943943       0.85910065916070122       0.89117693624839189        1.0253959574118516        1.5317782120330816        4.1817195904096849     
  0.86838124570683028       0.86879626109292118       0.87318616554115325       0.90469409457454752        1.0414531190035690        1.5813738701932871        4.4899384992950502     
  0.88339325379280298       0.88339709006173972       0.88683096090528102       0.91773288957095467        1.0567227735869700        1.6316999509407568        4.8170911728363617     
  0.89763312951053065       0.89729901666347223       0.89996286316020968       0.93027715403179800        1.0711972621610464        1.6827611698596940        5.1641417547415456     
  0.91107499396139691       0.91046499847681295       0.91248646230533592       0.94224337220262888        1.0850106857710700        1.7345445535623232        5.5320367338665504     
  0.92370060454527558       0.92286138500107329       0.92438799944968997       0.95364656413741689        1.0981395561134855        1.7870347024670350        5.9217468673262745     
  0.93548321096221498       0.93446634434913278       0.93565111355310870       0.96448223931175825        1.1106062798029674        1.8402148540799821        6.3342652455915571     
  0.94642119419855764       0.94525035486716180       0.94623077791828547       0.97473369790395581        1.1224548609484759        1.8940476346592885        6.7705351471201709     
  0.95648716196087658       0.95521217545987469       0.95609317617364764       0.98429941797899501        1.1337201721851620        1.9485213231523737        7.2316193412197558     
  0.96564122783488393       0.96432775742273669       0.96517962869527008       0.99311412884690853        1.1444339848773912        2.0036065576338777        7.7185145504056116     
  0.97386658391309733       0.97253654474341589       0.97344194854137123        1.0012179574013875        1.1545716228585055        2.0592705213778806        8.2322237384644943     
  0.98114366046631496       0.97981933615312278       0.98087761998819833        1.0085898404275189        1.1641810234962999        2.1155011437577027        8.7738426161245435     
  0.98745997107809247       0.98616378023627382       0.98748797621285156        1.0151961259753230        1.1732716609644034        2.1722991910391283        9.3445374244708184     
  0.99280706266865171       0.99155357747238049       0.99325506564188115        1.0210382948213224        1.1818349870797162        2.2296411590053449        9.9454303272536801     
  0.99718211747474383       0.99595406138584375       0.99814072102625151        1.0261055817720526        1.1898476241520950        2.2874725274754963        10.577447259981543     
   1.0005651201350270       0.99936280334522865        1.0020973034333178        1.0303715063673100        1.1972895748242174        2.3457441146341851        11.241547623382425     
   1.0029368510291066        1.0017830056319843        1.0051041899841433        1.0338381724303942        1.2041513158352604        2.4044304262575178        11.938791338739360     
   1.0042810703491456        1.0032050073930541        1.0071490981305873        1.0365108492626178        1.2104343604543766        2.4635336090556321        12.670371397619530     
   1.0046015549073644        1.0035865881183061        1.0081770884051948        1.0383492343943610        1.2160936187431817        2.5229593379825004        13.437069942110920     
   1.0038067384679032        1.0028698817131068        1.0081429782792919        1.0393404245745426        1.2211088860051553        2.5826549110577166        14.239715499295071     
   1.0018375846805916        1.0010810888810555        1.0069738299748983        1.0394752313804063        1.2254375937968709        2.6425027533540253        15.078775260763759     
  0.99862779250943789       0.99817272397579404        1.0045510817250314        1.0386413977802433        1.2290432422199360        2.7024059909031863        15.954741695652263     
  0.99406635798144993       0.99408241329521274        1.0008858921251662        1.0367704231698793        1.2318387551627543        2.7622324072883697        16.867793348145323     
  0.98803212231182125       0.98868392205854949       0.99590439032077172        1.0337698531857373        1.2337805280125533        2.8218316829636740        17.818037284602227     
  0.98045930678793591       0.98171314767183704       0.98904808480297324        1.0295181899262131        1.2347787007422952        2.8810177198621165        18.805000171806153     
  0.97129632352711448       0.97262934847321447       0.98016931564329501        1.0238480485233981        1.2346465820446832        2.9395818815697274        19.827953972190116     
  0.96027551885641482       0.96092163860694169       0.96928978405381261        1.0163852173396912        1.2332190557057010        2.9972975920091693        20.885842064859215     
  0.94586941684843107       0.94605617064433356       0.95681731452815733        1.0070295909464517        1.2304047785463792        3.0539893907652136        21.977727001954982     
  0.92578849588069956       0.92762277703983875       0.94062704525665142       0.99554780570286261        1.2261348397637175        3.1094056818283136        23.102169550925886     
  0.90141041900864938       0.90616498912216847       0.92133161287027676       0.98135550257143200        1.2200303248083582        3.1632474254497334        24.256767123876166     
  0.87226327612070109       0.87933123880044417       0.89920216178358037       0.96424178458929954        1.2120492803548584        3.2152269935219993        25.438927347521670     
  0.83721376966860561       0.84810934253253145       0.87173450092045268       0.94361119731009635        1.2016422867177692        3.2647224771567425        26.642841235964273     
  0.80890046786993197       0.82276854935199784       0.85082029220217725       0.92510339364300609        1.1886569273379022        3.3112162963681953        27.861941461897803     
  0.76930073500431140       0.78660191542719871       0.81985557497944339       0.90108708248012659        1.1744514250350573        3.3536678519952363        29.088720470311419     
  0.73297255191418809       0.75330173557439406       0.79100899066350916       0.87810221062229643        1.1598538383526686        3.3915243378534394        30.314298109754613     
  0.69987973182116281       0.72233952062934070       0.76402812096420969       0.85607492869399804        1.1447622696421027        3.4244496934431830        31.532674801462452     
  0.67080375702246253       0.69388576693922466       0.73862261747192048       0.83502392777412671        1.1292243813343870        3.4524458245250798        32.740524637498318     
  0.64737037413830278       0.66852816083788391       0.71474004662725599       0.81508207505796149        1.1134697294446825        3.4757921090592805        33.937010806166619     
  0.62899630306561627       0.64743548943278528       0.69245140236910707       0.79619155800071784        1.0975498969969171        3.4945491367298374        35.119666223033832     
  0.61370008873503901       0.63032891842190153       0.67184046449749224       0.77790414171493594        1.0812331675054092        3.5079548068556221        36.277009950740407     
  0.60109100220735601       0.61592759478931236       0.65310036552943451       0.76002578919474684        1.0654056028131247        3.5150692469861387        37.394708312902054     
  0.59176184134393850       0.60384384288252069       0.63651750196469414       0.74236514340550241        1.0502656337162062        3.5153230079773472        38.461126579564805     
  0.58608078726914103       0.59440917735192123       0.62218259724191072       0.72478208591238624        1.0348279619445957        3.5082613650611272        39.464901944776472     
  0.58307602831315719       0.58799571208160506       0.61003672606943926       0.70721556867782298        1.0188924961632924        3.4930828584751459        40.390183079522650     
  0.58155148154487357       0.58419069002484802       0.60009670149935945       0.68960528597294435        1.0021300951884320        3.4686731496922252        41.215686715408800     
  0.58090257388800115       0.58213472679741984       0.59249181192406064       0.67201119568337009       0.98412809376434041        3.4337949718879224        41.916890314010075     
  0.58070802247853603       0.58115590986972221       0.58718931556058462       0.65462550306570066       0.96464845395446908        3.3872502309966710        42.467725439743631     
  0.58066677919214615       0.58078965547747063       0.58386987133705004       0.63777714032288524       0.94336918075560250        3.3278593804103536        42.840233749236226     
  0.58065981691822732       0.58068805647284105       0.58202794402781055       0.62202497483861963       0.91988449294004415        3.2545983994265395        43.006783147352273     
  0.58065890241835194       0.58066605316449826       0.58114957924439481       0.60831188021611449       0.89409794426240952        3.1665621392503387        42.938854731302129     
  0.58065879471106074       0.58066207992087115       0.58080915263788835       0.59747398424918141       0.86563766954170474        3.0632393588789051        42.611350680174176     
  0.58065877300757407       0.58066135021636789       0.58070396318998663       0.58964005050786228       0.83439465341668406        2.9445992067322235        42.004539258549549     
  0.58065876364333557       0.58066114188316187       0.58067653421270671       0.58483813008478225       0.80030924518458835        2.8110755322349812        41.105052007558520     
  0.58065875833066782       0.58066104171071053       0.58066949929242251       0.58236193043968032       0.76373473069028097        2.6642403256548119        39.906800444928351     
  0.58065875533962408       0.58066098348093698       0.58066713287234883       0.58127792786665478       0.72543165201749482        2.5048684791595992        38.405748683771868     
  0.58065875377278608       0.58066094999707851       0.58066595652755926       0.58088342402197457       0.68692673991297937        2.3350557224092632        36.606848859192610     
  0.58065875303215786       0.58066093205570224       0.58066526528192508       0.58075611487265255       0.65086259850222161        2.1573148644216853        34.523293122363761     
  0.58065875272674672       0.58066092335852537       0.58066486866542821       0.58071220090773301       0.62102518308454391        1.9748767836729499        32.180406844579245     
  0.58065875261985744       0.58066091964980560       0.58066465979731985       0.58069235122347229       0.60024666974157537        1.7920990237828274        29.618860415767820     
  0.58065875258951183       0.58066091832662414       0.58066456285042034       0.58068145541594973       0.58873959695379874        1.6137374711023440        26.886463795257676     
  0.58065875258245092       0.58066091794706387       0.58066452393240631       0.58067542764364499       0.58371303594756974        1.4395977419142911        24.043269961349893     
  0.58065875258112820       0.58066091786105323       0.58066451095623872       0.58067240521857533       0.58186914572527604        1.2705898913821132        21.155496792300166     
  0.58065875258093880       0.58066091784568119       0.58066450757127264       0.58067109817490092       0.58119642450877684        1.1082458695358421        18.294563934296729     
  0.58065875258091970       0.58066091784365592       0.58066450692774985       0.58067064021386050       0.58091502359783154       0.95547206168967824        15.490982212558157     
  0.58065875258091704       0.58066091784341245       0.58066450682255943       0.58067049688643735       0.58077864363823806       0.81957530887435626        12.872741838495269     
  0.58065875258091781       0.58066091784339080       0.58066450680964832       0.58067046231529729       0.58071622300687642       0.71135640099333153        10.502656339875756     
  0.58065875258091715       0.58066091784339002       0.58066450680853210       0.58067045634089232       0.58069120841360145       0.64014052907602947        8.4196066518203878     
  0.58065875258091826       0.58066091784339025       0.58066450680846504       0.58067045564458530       0.58068292489952877       0.60397626968038376        6.6510670443564743     
  0.58075177583811766       0.58075394110064760       0.58075753006577846       0.58076347884869373       0.58077380269076007       0.58945603277878444        5.2121871953683758     
