   1.1277234346659468E-004   1.0655666542114177E-003   4.1687228104966235E-003   6.5604178601868400E-003   4.1687228104966305E-003   1.0655666542114201E-003   1.1277234346659398E-004
   1.1267232542392882E-004   1.0646216007718251E-003   4.1650255609484849E-003   6.5545994109706832E-003   4.1650255609485048E-003   1.0646216007718201E-003   1.1267232542392791E-004
   1.1256830665955613E-004   1.0636387451946445E-003   4.1611804214184657E-003   6.5485482237858904E-003   4.1611804214184579E-003   1.0636387451946425E-003   1.1256830665955537E-004
   1.1246028717347711E-004   1.0626180874798825E-003   4.1571873919064757E-003   6.5422642986324659E-003   4.1571873919065087E-003   1.0626180874798886E-003   1.1246028717347611E-004
   1.1235169615572606E-004   1.0615920294597509E-003   4.1531732352542245E-003   6.5359471251978012E-003   4.1531732352542445E-003   1.0615920294597544E-003   1.1235169615572490E-004
   1.1224424820131877E-004   1.0605767720503671E-003   4.1492013328825418E-003   6.5296964483255856E-003   4.1492013328825739E-003   1.0605767720503617E-003   1.1224424820131808E-004
   1.1213737177858455E-004   1.0595669149463401E-003   4.1452505576511185E-003   6.5234790197346406E-003   4.1452505576511246E-003   1.0595669149463366E-003   1.1213737177858409E-004
   1.1203106688752266E-004   1.0585624581476857E-003   4.1413209095599746E-003   6.5172948394248897E-003   4.1413209095599798E-003   1.0585624581476850E-003   1.1203106688752195E-004
   1.1192304740144386E-004   1.0575418004329180E-003   4.1373278800480159E-003   6.5110109142714574E-003   4.1373278800480220E-003   1.0575418004329213E-003   1.1192304740144230E-004
   1.1181102719365769E-004   1.0564833405805798E-003   4.1331869605541272E-003   6.5044942511493968E-003   4.1331869605541229E-003   1.0564833405805778E-003   1.1181102719365701E-004
   1.1169386320082042E-004   1.0553762779799141E-003   4.1288558967977540E-003   6.4976783534961861E-003   4.1288558967977444E-003   1.0553762779799052E-003   1.1169386320081984E-004
   1.1156926929624299E-004   1.0541990114094468E-003   4.1242501802178045E-003   6.4904302281869192E-003   4.1242501802178089E-003   1.0541990114094420E-003   1.1156926929624187E-004
   1.1143838854326898E-004   1.0529623414799198E-003   4.1194120650948542E-003   6.4828163717840703E-003   4.1194120650948438E-003   1.0529623414799220E-003   1.1143838854326787E-004
   1.1129950634688175E-004   1.0516500672752198E-003   4.1142781700080292E-003   6.4747370394439606E-003   4.1142781700080379E-003   1.0516500672752213E-003   1.1129950634688012E-004
   1.1115262270708136E-004   1.0502621887953632E-003   4.1088484949573416E-003   6.4661922311665294E-003   4.1088484949573650E-003   1.0502621887953630E-003   1.1115262270707993E-004
   1.1099773762386678E-004   1.0487987060403322E-003   4.1031230399428331E-003   6.4571819469518114E-003   4.1031230399428183E-003   1.0487987060403285E-003   1.1099773762386593E-004
   1.1083370803389456E-004   1.0472488183993977E-003   4.0970595506839248E-003   6.4476396902373341E-003   4.0970595506839265E-003   1.0472488183994005E-003   1.1083370803389395E-004
   1.1065939087381999E-004   1.0456017252618208E-003   4.0906157729000527E-003   6.4374989644606301E-003   4.0906157729000648E-003   1.0456017252618219E-003   1.1065939087381912E-004
   1.1047364308029775E-004   1.0438466260168598E-003   4.0837494523107108E-003   6.4266932730592200E-003   4.0837494523106926E-003   1.0438466260168607E-003   1.1047364308029659E-004
   1.1027417852663851E-004   1.0419619194430400E-003   4.0763760803547138E-003   6.4150896229081822E-003   4.0763760803547260E-003   1.0419619194430424E-003   1.1027417852663741E-004
   1.1006042568116953E-004   1.0399422052349951E-003   4.0684745298918759E-003   6.4026547657262470E-003   4.0684745298918933E-003   1.0399422052349968E-003   1.1006042568116888E-004
   1.0983066994887435E-004   1.0377712824766151E-003   4.0599814195013580E-003   6.3892889566697338E-003   4.0599814195013484E-003   1.0377712824766092E-003   1.0983066994887360E-004
   1.0958319673473485E-004   1.0354329502517898E-003   4.0508333677622826E-003   6.3748924508949568E-003   4.0508333677622722E-003   1.0354329502517854E-003   1.0958319673473455E-004
   1.0931743450708135E-004   1.0329218082551514E-003   4.0410092475344165E-003   6.3594320001206265E-003   4.0410092475344165E-003   1.0329218082551503E-003   1.0931743450707984E-004
   1.0903338326590982E-004   1.0302378564867043E-003   4.0305090588177743E-003   6.3429076043467541E-003   4.0305090588177647E-003   1.0302378564867028E-003   1.0903338326590865E-004
   1.0872989994787797E-004   1.0273702943357044E-003   4.0192905473317763E-003   6.3252527670109053E-003   4.0192905473317728E-003   1.0273702943357022E-003   1.0872989994787685E-004
   1.0840412689462335E-004   1.0242921202753162E-003   4.0072480773750115E-003   6.3063012467068826E-003   4.0072480773750124E-003   1.0242921202753131E-003   1.0840412689462244E-004
   1.0805377797945659E-004   1.0209817330840449E-003   3.9942971403864689E-003   6.2859200503097654E-003   3.9942971403864646E-003   1.0209817330840507E-003   1.0805377797945570E-004
   1.0767771013903348E-004   1.0174283321511715E-003   3.9803954820855367E-003   6.2640426812570846E-003   3.9803954820855202E-003   1.0174283321511721E-003   1.0767771013903230E-004
   1.0727592337335284E-004   1.0136319174766867E-003   3.9655431024722063E-003   6.2406691395487743E-003   3.9655431024722210E-003   1.0136319174766880E-003   1.0727592337335184E-004
   1.0684441696070889E-004   1.0095546869230076E-003   3.9495921115646057E-003   6.2155666872162930E-003   3.9495921115646126E-003   1.0095546869230067E-003   1.0684441696070813E-004
   1.0638090477441115E-004   1.0051750392686650E-003   3.9324580008016103E-003   6.1886023311346168E-003   3.9324580008016120E-003   1.0051750392686605E-003   1.0638090477441058E-004
   1.0588081456108237E-004   1.0004497720706919E-003   3.9139717530610185E-003   6.1595100850539109E-003   3.9139717530610151E-003   1.0004497720706887E-003   1.0588081456108111E-004
   1.0534071713068753E-004   9.9534648349688146E-004   3.8940066055011798E-003   6.1280904592867433E-003   3.8940066055011542E-003   9.9534648349688319E-004   1.0534071713068577E-004
   1.0475604022984628E-004   9.8982197110428346E-004   3.8723935409998769E-003   6.0940774675832150E-003   3.8723935409998638E-003   9.8982197110427978E-004   1.0475604022984463E-004
   1.0412221160518000E-004   9.8383303244993698E-004   3.8489635424349394E-003   6.0572051236934916E-003   3.8489635424349320E-003   9.8383303244993676E-004   1.0412221160517945E-004
   1.0343351593996733E-004   9.7732566448016319E-004   3.8235053384035847E-003   6.0171409448052070E-003   3.8235053384035795E-003   9.7732566448015777E-004   1.0343351593996611E-004
   1.0268423791748131E-004   9.7024586414125736E-004   3.7958076575030902E-003   5.9735524481059473E-003   3.7958076575030884E-003   9.7024586414125368E-004   1.0268423791748138E-004
   1.0186866222100078E-004   9.6253962837953503E-004   3.7656592283307074E-003   5.9261071507834499E-003   3.7656592283307048E-003   9.6253962837953243E-004   1.0186866222099968E-004
   1.0098335966049043E-004   9.5417455536278410E-004   3.7329332880447785E-003   5.8746055631502554E-003   3.7329332880447715E-003   9.5417455536278074E-004   1.0098335966048925E-004
   1.0002318645089784E-004   9.4510204234267653E-004   3.6974396923828115E-003   5.8187484506752691E-003   3.6974396923828133E-003   9.4510204234267458E-004   1.0002318645089738E-004
   9.8981855743828385E-005   9.3526268596015572E-004   3.6589460428018265E-003   5.7581700822649101E-003   3.6589460428018078E-003   9.3526268596015626E-004   9.8981855743827396E-005
   9.7854223754230586E-005   9.2460788346690058E-004   3.6172621950393007E-003   5.6925712233880377E-003   3.6172621950392898E-003   9.2460788346689917E-004   9.7854223754229218E-005
   9.6625430658621182E-005   9.1299722692331361E-004   3.5718388434481030E-003   5.6210874187325585E-003   3.5718388434481021E-003   9.1299722692331437E-004   9.6625430658620179E-005
   9.5282331228536786E-005   9.0030650930590238E-004   3.5221900638019153E-003   5.5429539578300416E-003   3.5221900638019179E-003   9.0030650930590411E-004   9.5282331228536352E-005
   9.3815209425547225E-005   8.8644392542339557E-004   3.4679566947160550E-003   5.4576056198995179E-003   3.4679566947160576E-003   8.8644392542339557E-004   9.3815209425546101E-005
   9.2212634616204019E-005   8.7130146916841614E-004   3.4087161933850298E-003   5.3643774393162622E-003   3.4087161933850372E-003   8.7130146916841332E-004   9.2212634616203274E-005
   9.0475749863852913E-005   8.5488994115168627E-004   3.3445108140893920E-003   5.2633359126427852E-003   3.3445108140893929E-003   8.5488994115168659E-004   9.0475749863851965E-005
   8.8614842738595382E-005   8.3730654686985822E-004   3.2757208453540712E-003   5.1550795089412502E-003   3.2757208453540738E-003   8.3730654686986364E-004   8.8614842738594636E-005
   8.6646487658931720E-005   8.1870789517864205E-004   3.2029589742470694E-003   5.0405724283675395E-003   3.2029589742470655E-003   8.1870789517864400E-004   8.6646487658930974E-005
   8.4580972194963876E-005   7.9919119157467917E-004   3.1266054892933248E-003   4.9204131399838615E-003   3.1266054892933105E-003   7.9919119157467982E-004   8.4580972194963131E-005
   8.2408580308261786E-005   7.7866463086669058E-004   3.0463012291081352E-003   4.7940364230092082E-003   3.0463012291081339E-003   7.7866463086669058E-004   8.2408580308260593E-005
   8.0117309833705098E-005   7.5701480664192651E-004   2.9616025237457714E-003   4.6607440635376566E-003   2.9616025237457684E-003   7.5701480664192575E-004   8.0117309833704461E-005
   7.7705446176277621E-005   7.3422551798427811E-004   2.8724459917853881E-003   4.5204363167254853E-003   2.8724459917853873E-003   7.3422551798427919E-004   7.7705446176276754E-005
   7.5174703930995222E-005   7.1031296580986053E-004   2.7788950146478133E-003   4.3732129274164245E-003   2.7788950146477986E-003   7.1031296580985695E-004   7.5174703930994680E-005
   7.2520510844479718E-005   6.8523394767570813E-004   2.6807805752108397E-003   4.2188079093605771E-003   2.6807805752108267E-003   6.8523394767570575E-004   7.2520510844479162E-005
   6.9733722409973291E-005   6.5890205869592177E-004   2.5777646392300614E-003   4.0566892900581811E-003   2.5777646392300636E-003   6.5890205869592231E-004   6.9733722409972532E-005
   6.6805194120717339E-005   6.3123089398460172E-004   2.4695091724610957E-003   3.8863250970094828E-003   2.4695091724610883E-003   6.3123089398460150E-004   6.6805194120716390E-005
   6.3729210659988381E-005   6.0216645048804846E-004   2.3558029035011842E-003   3.7073828474021176E-003   2.3558029035011850E-003   6.0216645048804770E-004   6.3729210659987595E-005
   6.0502914369423789E-005   5.7168172667941748E-004   2.2365401966489614E-003   3.5196962998299279E-003   2.2365401966489566E-003   5.7168172667941889E-004   6.0502914369423613E-005
   5.7128591375714511E-005   5.3979832378018959E-004   2.1118055604655234E-003   3.3233984474178523E-003   2.1118055604655178E-003   5.3979832378018796E-004   5.7128591375714152E-005
   5.3613100058928004E-005   5.0658104545479084E-004   1.9818525206341552E-003   3.1188882695406799E-003   1.9818525206341622E-003   5.0658104545479052E-004   5.3613100058927530E-005
   4.9971300242546658E-005   4.7217029964281826E-004   1.8472303828020299E-003   2.9070302215105661E-003   1.8472303828020245E-003   4.7217029964281723E-004   4.9971300242546265E-005
   4.6226624725137311E-005   4.3678749886440628E-004   1.7088053597204031E-003   2.6891874828581302E-003   1.7088053597204022E-003   4.3678749886440476E-004   4.6226624725137047E-005
   4.2409936217008696E-005   4.0072425960948401E-004   1.5677183169641223E-003   2.4671554607700679E-003   1.5677183169641267E-003   4.0072425960948358E-004   4.2409936217008161E-005
   3.8556669681847751E-005   3.6431540081094253E-004   1.4252791372302599E-003   2.2429955486829591E-003   1.4252791372302575E-003   3.6431540081093987E-004   3.8556669681847555E-005
   3.4703974678359306E-005   3.2791194231776544E-004   1.2828610846366609E-003   2.0188688848770827E-003   1.2828610846366642E-003   3.2791194231776604E-004   3.4703974678359076E-005
   3.0893001486954328E-005   2.9190270611653652E-004   1.1419853132831391E-003   1.7971693456013697E-003   1.1419853132831376E-003   2.9190270611653647E-004   3.0893001486954105E-005
   2.7166614983061065E-005   2.5669271510993453E-004   1.0042363586903115E-003   1.5803905519484608E-003   1.0042363586903098E-003   2.5669271510993507E-004   2.7166614983060913E-005
   2.3570537700469669E-005   2.2271399372749117E-004   8.7130439208017870E-004   1.3711923664171512E-003   8.7130439208018098E-004   2.2271399372749047E-004   2.3570537700469500E-005
   2.0151635236314787E-005   1.9040936700947140E-004   7.4492183895528941E-004   1.1723011480687276E-003   7.4492183895528638E-004   1.9040936700947094E-004   2.0151635236314682E-005
   1.6953343997697147E-005   1.6018925816392807E-004   6.2669436197653828E-004   9.8624376627705498E-004   6.2669436197653784E-004   1.6018925816392761E-004   1.6953343997697124E-005
   1.4015099670010808E-005   1.3242628826133038E-004   5.1807973382289889E-004   8.1531435244735584E-004   5.1807973382289986E-004   1.3242628826133000E-004   1.4015099670010743E-005
   1.1367764963563962E-005   1.0741207379161021E-004   4.2021882006922328E-004   6.6130831376633007E-004   4.2021882006922128E-004   1.0741207379161010E-004   1.1367764963563877E-005
   9.0330580819069714E-006   8.5351826358793246E-005   3.3391445204595480E-004   5.2548908492090751E-004   3.3391445204595458E-004   8.5351826358793218E-005   9.0330580819068528E-006
   7.0206950634700871E-006   6.6337351154154500E-005   2.5952579113777327E-004   4.0842188669208571E-004   2.5952579113777430E-004   6.6337351154154852E-005   7.0206950634700194E-006
   5.3329620349429769E-006   5.0390249399171220E-005   1.9713734590577744E-004   3.1023971220480747E-004   1.9713734590577744E-004   5.0390249399171125E-005   5.3329620349429049E-006
   3.9572852995332830E-006   3.7391714375721828E-005   1.4628431926391597E-004   2.3021109927189894E-004   1.4628431926391619E-004   3.7391714375721869E-005   3.9572852995332457E-006
   2.8668028686393642E-006   2.7087931731458873E-005   1.0597373561926648E-004   1.6677337867530994E-004   1.0597373561926676E-004   2.7087931731458795E-005   2.8668028686393371E-006
   2.0289374369357465E-006   1.9171084060342698E-005   7.5001347976156037E-005   1.1803139838463917E-004   7.5001347976155834E-005   1.9171084060342715E-005   2.0289374369357317E-006
   1.4025387240113699E-006   1.3252349375797516E-005   5.1846002234784817E-005   8.1591282150958913E-005   5.1846002234784939E-005   1.3252349375797445E-005   1.4025387240113500E-006
