  0.98418462143654228       0.97393809281971100       0.95950898883508351       0.92632471011188411       0.82248216957700071       0.91722656999627750       0.99997894178548608     
  0.98809612243186606       0.98212259113076261       0.96479092677496214       0.93130545701008161       0.82277658797585940       0.91421572498853265       0.99997615693290465     
  0.99164018489844175       0.98534437509199191       0.96929600028162877       0.93582560438385365       0.82059646123679608       0.91098104881430886       0.99997326006876597     
  0.99364524774960117       0.98791015796119519       0.97315301785541075       0.93937820182038667       0.81486094538622023       0.90748991747652896       0.99997025640988457     
  0.99512659719442065       0.98999458629331749       0.97646214455844427       0.94233981782754905       0.80080874363433108       0.90697501074637554       0.99996714232251571     
  0.99669788630418754       0.99168938771225135       0.97930367857356926       0.94461253709445281       0.78873517658489711       0.90462359911279289       0.99996390650266986     
  0.99739390485136170       0.99306855601347155       0.98169017269480319       0.94446977770450191       0.74615819677452633       0.90890810297407942       0.99996644328733897     
  0.99792612731748487       0.99419186307382534       0.98359173118122578       0.94526525406361561       0.71453231345822510       0.90422637931864758       0.99996331777153658     
  0.99833581670991656       0.99510772054086294       0.98463705225500620       0.94546789740536419       0.69502171715363614       0.89901746729628129       0.99996004360878588     
  0.99865192892687094       0.99582298510557465       0.98550246171275135       0.94465942316948126       0.67602533040958723       0.89394837275981498       0.99995658981439184     
  0.99889501073487574       0.99642749328663738       0.98559642500386802       0.94299254577302627       0.64858642533564426       0.89027238641799389       0.99995291844654854     
  0.99908640709584995       0.99682514429106384       0.98561521783754180       0.94254688658845809       0.62908187907283697       0.88565946927456574       0.99994898490961448     
  0.99923225150431982       0.99709567019625334       0.98541856499414271       0.93966076510502083       0.60945925450406579       0.87888392000648274       0.99995292563068028     
  0.99935011822953412       0.99718490875496013       0.98452585091892164       0.93816985836089528       0.58825114458115080       0.87047142511726017       0.99994909650120700     
  0.99940856921452093       0.99704325363897084       0.98231498962220887       0.93635845859793965       0.56805288602022230       0.86106186625928016       0.99994495889364388     
  0.99939740837377500       0.99594725077083746       0.98100641736761296       0.93290255962194257       0.54722021252700537       0.85036025890550071       0.99994046137880455     
  0.99907105034622634       0.99366582596581177       0.98014368625372217       0.91474133872049834       0.52621007677555343       0.83959435163855090       0.99994559484580270     
  0.99882251789556509       0.99199964888573222       0.97911207961295266       0.90837776360921429       0.50529070995426306       0.82570617419431702       0.99994127149232648     
  0.99840543365357015       0.99113667136312100       0.97626646651569993       0.90147559078577466       0.48476260174628000       0.81996911324630539       0.99993655842106088     
  0.99707004301792601       0.98999915060615473       0.97338577625821843       0.89426065486862127       0.46491423404293991       0.80481537478258003       0.99993139823819632     
  0.99435465396795231       0.98899890825796033       0.97149975900616514       0.88653421696698720       0.45774572548950998       0.78895106810270688       0.99993815382069351     
  0.99260787439418474       0.98711484018210838       0.96929433162080580       0.87879605724130472       0.44264207716844350       0.79540604234271406       0.99993329279807130     
  0.99165721670842921       0.98597270560310291       0.96550068833672498       0.87165193751565873       0.42675804293396519       0.79287411933845375       0.99992795010198621     
  0.99054650961966217       0.98256418094843201       0.96403371527027915       0.86045787204878144       0.41643637420627816       0.78390028128957601       0.99992203143475678     
  0.98960133605309142       0.98121409254780856       0.96210487820529411       0.85116313983365310       0.40278653866728198       0.76945206200931715       0.99993087528317548     
  0.98796830473796415       0.97990087851810392       0.96038580552242914       0.84415868894804635       0.39020150810549142       0.75638496267489719       0.99992529368484839     
  0.98467610607643219       0.97771725347742588       0.95784851247030256       0.83241767457778215       0.37874150654520006       0.74188713899484027       0.99991890061104916     
  0.98315783195527440       0.97544902591132365       0.95633953456493170       0.82607198518516778       0.36959020755938971       0.72618480284398068       0.99991139151692876     
  0.98182688246868799       0.97448034311858667       0.95412343098317187       0.82036451197152382       0.36008982861518340       0.71068936948952854       0.99992274437933182     
  0.98008662668574598       0.96945579612116106       0.95222304444612882       0.81499930142191723       0.35216384594525957       0.70875864260520682       0.99991513269506760     
  0.97775183220777073       0.96731571467162591       0.94549762315612307       0.81001115276335200       0.38029232334699031       0.70571797350453369       0.99990586857700070     
  0.97557127753679984       0.96525267454101826       0.94228260664579566       0.80505313025648084       0.37249824497522194       0.69271782331631460       0.99991910974876230     
  0.97168489978505079       0.96349117149990604       0.93431359809435677       0.80030085869597323       0.38131981753499916       0.71855926792837688       0.99990987841572776     
  0.96975844322237525       0.96015092118958811       0.93019993079694885       0.78745046628761217       0.38011339312634196       0.71931822208131291       0.99989900870445325     
  0.96783361195546647       0.95740969115488284       0.92468084558651020       0.77625642515238613       0.38829028579859265       0.71992212858781357       0.99988658199696123     
  0.96300974696924868       0.95311113720308782       0.92004762157863029       0.77225287542516552       0.38704101049885520       0.71290452321679243       0.99990552894569529     
  0.96096640470793471       0.95135040257183867       0.90582710569939007       0.76826112233410593       0.39102161555424036       0.70684056972094123       0.99989506880736800     
  0.95717981852042655       0.94269948213189492       0.89938648245209696       0.76466777912280215       0.43004840440214198       0.70218360077881126       0.99988421664762162     
  0.95253754935480051       0.93707394088653784       0.89360661443801648       0.76115718538188892       0.43633143509260153       0.69928688455612342       0.99990746224114868     
  0.94944129951177714       0.92989108333217863       0.88512690216295575       0.76711216717734798       0.43928908980766934       0.69813015394388289       0.99990026370868590     
  0.94196110441991932       0.92048291128608883       0.87739019955663022       0.76605837375940766       0.45215259084345366       0.69897417833640507       0.99989394949121324     
  0.92835618084062499       0.91192511352254091       0.86919888218127772       0.76188031421685221       0.45764727589637499       0.70179816104317605       0.99992026814599411     
  0.91462197261084432       0.89939430482886751       0.85831798305504492       0.75980490544296175       0.45763307627032163       0.70634246720870442       0.99991833061115987     
  0.90508554628683091       0.89297138076681903       0.85003412360037112       0.77400801705324129       0.46661028310691771       0.71305938324606888       0.99991787139335220     
  0.89805929234744586       0.87333212698771989       0.87333586994634371       0.76616302823373050       0.48638212900167677       0.72207107597396047       0.99994338321582099     
  0.92500664953202338       0.90355174035580610       0.90159816995209019       0.79319169209839757       0.50838470216460907       0.72581181245263393       0.99994546342321489     
  0.95238580119463956       0.93262145176058842       0.92533425268159031       0.82078268232309359       0.53227000311554273       0.80619823582807193       0.99996515253191076     
  0.96712049076434525       0.95335029418537331       0.94448188830423185       0.84798299921004017       0.55788996211762665       0.81192100529620592       0.99996833273202712     
  0.97719760755255414       0.96730235875159998       0.95929420771242702       0.87370872937458055       0.58511225375828968       0.81872779544038843       0.99997208354095557     
  0.98550835429110772       0.97751164772520560       0.97060554480703298       0.89724208733305943       0.61381832200700714       0.82658627992313016       0.99998466511921036     
  0.99125966276487676       0.98521509557367914       0.97863017596478641       0.91814482031811140       0.64395258957679946       0.83545032221056115       0.99998765378533494     
  0.99520261251243114       0.99086268105930486       0.98522024177426792       0.93619609393407166       0.68205289541779257       0.84525254197900490       0.99999054034975787     
  0.99765138484169624       0.99476619353031226       0.98927448961401765       0.95137177156836139       0.75324981176602923       0.85588706099611933       0.99999590032076657     
  0.99898021301337159       0.99726328546188647       0.99225583447452037       0.96381507380392317       0.81773191609978613       0.86721083136452259       0.99999731155082805     
  0.99958498731579948       0.99871065142495719       0.99523630551422437       0.97378151928328216       0.84471273925807444       0.90321128072201284       0.99999839214436492     
  0.99984339162321878       0.99944166362945297       0.99721409355521684       0.98157368292174885       0.87037425001639102       0.92449113186634013       0.99999953925730445     
  0.99994853619558899       0.99977806734508090       0.99831840326119670       0.98749752389264356       0.89434105670771025       0.93267622906164682       0.99999979030080410     
  0.99998605450710576       0.99991697549072134       0.99918289356596357       0.99184409921152117       0.91612249965793291       0.94058445322820627       0.99999995742196546     
  0.99999652299880815       0.99996965540390403       0.99960839852234373       0.99489166235604154       0.93530371371417664       0.94805508382262993       0.99999998604466023     
  0.99999875509968295       0.99998730596746677       0.99981372696228188       0.99690886443342486       0.95159819315756622       0.95495333757252299       0.99999999629594705     
  0.99999926575414622       0.99999294474427447       0.99990226058758902       0.99815987720204136       0.96488910124767036       0.96118877061324726       0.99999999969573883     
  0.99999950264488535       0.99999526345666334       0.99993814902444189       0.99888107967971229       0.97525214600043053       0.96673108389555218       0.99999999996454092     
  0.99999967029638293       0.99999669813658687       0.99995744024767985       0.99928454083869300       0.98294636181307538       0.97475019930114593       0.99999999999757572     
  0.99999979470536371       0.99999776034649790       0.99997016576278952       0.99951698879314554       0.98838039367928410       0.98068148449923886       0.99999999999997535     
  0.99999988338235624       0.99999856257674280       0.99997950662517610       0.99966551220631050       0.99205055651797902       0.98396544354376669        1.0000000000000016     
  0.99999994177596541       0.99999915156356189       0.99998638632330061       0.99977067972444966       0.99446301707566787       0.98719605718884584       0.99999999999999845     
  0.99999997565214549       0.99999955661950746       0.99999146821695717       0.99984819588664864       0.99608532625188839       0.99043239637292901        1.0000000000000016     
  0.99999999196225575       0.99999980489357654       0.99999509322464797       0.99990387064991304       0.99726689962746395       0.99344021668719551        1.0000000000000000     
  0.99999999803828998       0.99999993194349124       0.99999752187014945       0.99994238339063590       0.99818570032406562       0.99590582060408228       0.99999999999999989     
  0.99999999967141495       0.99999998242495214       0.99999896375591102       0.99996796677546518       0.99888413395729791       0.99766474947931405        1.0000000000000000     
  0.99999999996503075       0.99999999688326957       0.99999966571493981       0.99998414757443876       0.99936879980327709       0.99876475331696113       0.99999999999999944     
  0.99999999999782485       0.99999999965082875       0.99999992321538844       0.99999344300173243       0.99966972897870909       0.99946424519401722        1.0000000000000036     
  0.99999999999992772       0.99999999997741029       0.99999998848716054       0.99999786997043749       0.99983887772509872       0.99972783643004859        1.0000000000000024     
  0.99999999999999911       0.99999999999924316       0.99999999898264735       0.99999948132700545       0.99993099201079982       0.99990892235119733       0.99999999999999956     
  0.99999999999999922       0.99999999999998823       0.99999999995354494       0.99999990548911477       0.99998166168102309       0.99998568561131562       0.99999999999999833     
   1.0000000000000002        1.0000000000000002       0.99999999999908262       0.99999999013553398       0.99999649306480898       0.99999691884651232       0.99999999999999922     
  0.99999999999999933       0.99999999999999989       0.99999999999999400       0.99999999940070006       0.99999841825130675       0.99999992106992908       0.99999999999999989     
  0.99999999999999956        1.0000000000000004       0.99999999999999867       0.99999999999233014       0.99999990658198046       0.99999999974771403        1.0000000000000004     
  0.99999999999999944       0.99999999999999933       0.99999999999999978       0.99999999999999545       0.99999999998941469       0.99999999999988465       0.99999999999999867     
  0.99999999999999911       0.99999999999999933        1.0000000000000004       0.99999999999999989       0.99999999999999944        1.0000000000000004       0.99999999999999745     
   1.0000000000000000        1.0000000000000000       0.99999999999999978        1.0000000000000002        1.0000000000000004       0.99999999999999978        1.0000000000000002     
