  0.58351791984163859       0.59260402540405965       0.60197961293747249       0.59836469620840649       0.56036288142267165       0.51351612835097393       0.51617934198557336     
  0.57665574130170205       0.58500231430732708       0.59468068532492446       0.59543538435697474       0.56751659474298621       0.53433378560423850       0.55240996661312369     
  0.57115780337642719       0.57869613999826175       0.58820582314948322       0.59202272131958333       0.57350491170697127       0.55376109278325314       0.58800782474567925     
  0.56674625215592056       0.57341977048632642       0.58254849721250346       0.58863932991858592       0.57889598197374248       0.57208317793654084       0.62258232506307754     
  0.56321888103853646       0.56901217277234528       0.57764539241312196       0.58546936218721624       0.58392695855378385       0.58888720631921410       0.65568714816287443     
  0.56042743003561524       0.56536637227226927       0.57342833916759850       0.58259382163291196       0.58865643913168442       0.60419070499871497       0.68806379596250911     
  0.55826070145213413       0.56239835479162525       0.56982923903459770       0.58004170182195314       0.59306968042392538       0.61795430777287808       0.71974563648194634     
  0.55664110180990023       0.56003252148380833       0.56679103135505005       0.57782070472995517       0.59713675828156543       0.63085706833271504       0.75043827826705023     
  0.55547858278146378       0.55819293970234296       0.56424902061391791       0.57591831835980767       0.60084149850059632       0.64321585998139752       0.77978833439431883     
  0.55467225001147513       0.55680135454594681       0.56211772612483679       0.57431375327056755       0.60419341384116665       0.65520154046908452       0.80744948194268118     
  0.55413107030379216       0.55577563038665789       0.56038935407567370       0.57298116693643020       0.60719259135397863       0.66691661957385406       0.83312643440745504     
  0.55377464387468978       0.55503481274679867       0.55902017875425858       0.57188762353508826       0.60982870972336189       0.67841722900272816       0.85659863766595001     
  0.55354411923821123       0.55450617896386734       0.55795336894457459       0.57100460327795399       0.61214966061025466       0.68974637214612056       0.87774777074262256     
  0.55339580785024722       0.55413266869720834       0.55713037919944330       0.57030714323426634       0.61419324305334433       0.70092080626460207       0.89654128523196719     
  0.55330243688155278       0.55387253948654291       0.55650597116463330       0.56975822795749465       0.61605121123897777       0.71195381290740378       0.91303415519894326     
  0.55324745981890100       0.55369518569062359       0.55604100000465917       0.56935006505725327       0.61773436572130669       0.72285255555378658       0.92734706376452603     
  0.55322007922991778       0.55357979066407415       0.55569065452544619       0.56905537041524534       0.61932033318158941       0.73361548632982021       0.93964512705099035     
  0.55321374995195294       0.55350974287438448       0.55544880581780420       0.56888029758337633       0.62082531069665725       0.74423855994945221       0.95012063836354699     
  0.55322216470542684       0.55347904570257289       0.55531348919861967       0.56882151366611211       0.62228515376208082       0.75471612412760092       0.95897671403403573     
  0.55324288271599686       0.55347690458102072       0.55526789111059227       0.56887351141916109       0.62373993436467745       0.76503755025072417       0.96641356701180903     
  0.55327294513102754       0.55349762049242823       0.55529747630901960       0.56901626133280525       0.62522365072560604       0.77519871501413828       0.97262302423222236     
  0.55330570227013454       0.55354468385036115       0.55537928922735058       0.56922762481048494       0.62676840842084103       0.78518979735038352       0.97778034604341391     
  0.55333871364242293       0.55360072078991829       0.55549489580598033       0.56952139024438841       0.62838279430412847       0.79500182024797894       0.98204279414939588     
  0.55336927825224669       0.55366213609855053       0.55564572392581257       0.56989446395834509       0.63009602186952596       0.80463009808665165       0.98554981975426170     
  0.55339768100075049       0.55372766707848020       0.55583784556590066       0.57034510300061991       0.63192363266854501       0.81407213299693970       0.98842293976519480     
  0.55342342683066459       0.55379418346984521       0.55606930674337451       0.57087503725535937       0.63387442919466042       0.82332310946685339       0.99076635220934728     
  0.55344509336440673       0.55385436904406149       0.55632787125262684       0.57147796134932327       0.63594871704338118       0.83237045358585937       0.99266888406610576     
  0.55345857400765497       0.55390720467935062       0.55660084853598635       0.57215074920701203       0.63814864123388193       0.84120547597830686       0.99420633377163292     
  0.55345979292923941       0.55395384262054681       0.55688176934679767       0.57289859514816888       0.64047973708066253       0.84982383098990888       0.99544313991592148     
  0.55344512310381810       0.55399328158652150       0.55716750958662919       0.57372892754234606       0.64295077145335466       0.85822507210689303       0.99643365901084835     
  0.55341240441665540       0.55401309746320715       0.55744144260295192       0.57463113666920396       0.64555508574748210       0.86639906683575296       0.99722285016204393     
  0.55334202107524222       0.55398809750776523       0.55769116135179997       0.57560427031073336       0.64829412400105979       0.87433792182945314       0.99784854250497101     
  0.55321770260323544       0.55394006902607906       0.55789357607405743       0.57664743183232514       0.65116635884164675       0.88203008752293766       0.99834189666204309     
  0.55302275956074187       0.55384826832682532       0.55801424258422605       0.57772709059641181       0.65417823959994748       0.88946845560096677       0.99872882117629547     
  0.55272436593855812       0.55368578257278112       0.55803693510242891       0.57882315756668345       0.65730574896289695       0.89664404848371948       0.99903058666346323     
  0.55228489744269316       0.55341011807101181       0.55793345950974382       0.57990892220220203       0.66055991611490483       0.90354951990533039       0.99926462649619996     
  0.55167215351858645       0.55292166795567788       0.55756629206347641       0.58094825319906551       0.66392155790988816       0.91016920261492118       0.99944510165634559     
  0.55085067971945512       0.55199796046181238       0.55686253615101355       0.58189124837477790       0.66731296285764741       0.91648733153194550       0.99958345485245692     
  0.54973853206840029       0.55045016803805069       0.55579718317719917       0.58262030419654820       0.67068027339180858       0.92247953943678329       0.99968889493833379     
  0.54773073594894106       0.54807107047148040       0.55446942888939987       0.58311357682650700       0.67402410112640776       0.92812052073127216       0.99976881126806438     
  0.54372022417440014       0.54470925495751155       0.55228981118800347       0.58329790082589938       0.67739975138009467       0.93337774355527903       0.99982903644917431     
  0.53815080232766643       0.54042498088688462       0.54936226557087942       0.58305532329355825       0.68062739432040797       0.93822143331496666       0.99987415934478918     
  0.53096037821743403       0.53461570443078443       0.54578797277421731       0.58233850742512983       0.68376938167616763       0.94263104290035304       0.99990776611791210     
  0.52194365681865074       0.52748951217537543       0.54078392128724206       0.58102941103951844       0.68660190390143261       0.94657019461340453       0.99993261549777768     
   1.0000000000000000        1.0000000000000000        1.0000000000000000        1.0000000000000000        1.0000000000000000        1.0000000000000000        1.0000000000000000     
   1.0000000000000000        1.0000000000000000        1.0000000000000000        1.0000000000000000        1.0000000000000000        1.0000000000000000        1.0000000000000000     
   1.0000000000000000        1.0000000000000000        1.0000000000000000        1.0000000000000000        1.0000000000000000        1.0000000000000000        1.0000000000000000     
   1.0000000000000000        1.0000000000000000        1.0000000000000000        1.0000000000000000        1.0000000000000000        1.0000000000000000        1.0000000000000000     
   1.0000000000000000        1.0000000000000000        1.0000000000000000        1.0000000000000000        1.0000000000000000        1.0000000000000000        1.0000000000000000     
   1.0000000000000000        1.0000000000000000        1.0000000000000000        1.0000000000000000        1.0000000000000000        1.0000000000000000        1.0000000000000000     
   1.0000000000000000        1.0000000000000000        1.0000000000000000        1.0000000000000000        1.0000000000000000        1.0000000000000000        1.0000000000000000     
   1.0000000000000000        1.0000000000000000        1.0000000000000000        1.0000000000000000        1.0000000000000000        1.0000000000000000        1.0000000000000000     
   1.0000000000000000        1.0000000000000000        1.0000000000000000        1.0000000000000000        1.0000000000000000        1.0000000000000000        1.0000000000000000     
   1.0000000000000000        1.0000000000000000        1.0000000000000000        1.0000000000000000        1.0000000000000000        1.0000000000000000        1.0000000000000000     
   1.0000000000000000        1.0000000000000000        1.0000000000000000        1.0000000000000000        1.0000000000000000        1.0000000000000000        1.0000000000000000     
   1.0000000000000000        1.0000000000000000        1.0000000000000000        1.0000000000000000        1.0000000000000000        1.0000000000000000        1.0000000000000000     
   1.0000000000000000        1.0000000000000000        1.0000000000000000        1.0000000000000000        1.0000000000000000        1.0000000000000000        1.0000000000000000     
   1.0000000000000000        1.0000000000000000        1.0000000000000000        1.0000000000000000        1.0000000000000000        1.0000000000000000        1.0000000000000000     
   1.0000000000000000        1.0000000000000000        1.0000000000000000        1.0000000000000000        1.0000000000000000        1.0000000000000000        1.0000000000000000     
   1.0000000000000000        1.0000000000000000        1.0000000000000000        1.0000000000000000        1.0000000000000000        1.0000000000000000        1.0000000000000000     
   1.0000000000000000        1.0000000000000000        1.0000000000000000        1.0000000000000000        1.0000000000000000        1.0000000000000000        1.0000000000000000     
   1.0000000000000000        1.0000000000000000        1.0000000000000000        1.0000000000000000        1.0000000000000000        1.0000000000000000        1.0000000000000000     
   1.0000000000000000        1.0000000000000000        1.0000000000000000        1.0000000000000000        1.0000000000000000        1.0000000000000000        1.0000000000000000     
   1.0000000000000000        1.0000000000000000        1.0000000000000000        1.0000000000000000        1.0000000000000000        1.0000000000000000        1.0000000000000000     
   1.0000000000000000        1.0000000000000000        1.0000000000000000        1.0000000000000000        1.0000000000000000        1.0000000000000000        1.0000000000000000     
   1.0000000000000000        1.0000000000000000        1.0000000000000000        1.0000000000000000        1.0000000000000000        1.0000000000000000        1.0000000000000000     
   1.0000000000000000        1.0000000000000000        1.0000000000000000        1.0000000000000000        1.0000000000000000        1.0000000000000000        1.0000000000000000     
   1.0000000000000000        1.0000000000000000        1.0000000000000000        1.0000000000000000        1.0000000000000000        1.0000000000000000        1.0000000000000000     
   1.0000000000000000        1.0000000000000000        1.0000000000000000        1.0000000000000000        1.0000000000000000        1.0000000000000000        1.0000000000000000     
   1.0000000000000000        1.0000000000000000        1.0000000000000000        1.0000000000000000        1.0000000000000000        1.0000000000000000        1.0000000000000000     
   1.0000000000000000        1.0000000000000000        1.0000000000000000        1.0000000000000000        1.0000000000000000        1.0000000000000000        1.0000000000000000     
   1.0000000000000000        1.0000000000000000        1.0000000000000000        1.0000000000000000        1.0000000000000000        1.0000000000000000        1.0000000000000000     
   1.0000000000000000        1.0000000000000000        1.0000000000000000        1.0000000000000000        1.0000000000000000        1.0000000000000000        1.0000000000000000     
   1.0000000000000000        1.0000000000000000        1.0000000000000000        1.0000000000000000        1.0000000000000000        1.0000000000000000        1.0000000000000000     
   1.0000000000000000        1.0000000000000000        1.0000000000000000        1.0000000000000000        1.0000000000000000        1.0000000000000000        1.0000000000000000     
   1.0000000000000000        1.0000000000000000        1.0000000000000000        1.0000000000000000        1.0000000000000000        1.0000000000000000        1.0000000000000000     
   1.0000000000000000        1.0000000000000000        1.0000000000000000        1.0000000000000000        1.0000000000000000        1.0000000000000000        1.0000000000000000     
   1.0000000000000000        1.0000000000000000        1.0000000000000000        1.0000000000000000        1.0000000000000000        1.0000000000000000        1.0000000000000000     
   1.0000000000000000        1.0000000000000000        1.0000000000000000        1.0000000000000000        1.0000000000000000        1.0000000000000000        1.0000000000000000     
   1.0000000000000000        1.0000000000000000        1.0000000000000000        1.0000000000000000        1.0000000000000000        1.0000000000000000        1.0000000000000000     
   1.0000000000000000        1.0000000000000000        1.0000000000000000        1.0000000000000000        1.0000000000000000        1.0000000000000000        1.0000000000000000     
