   3.5613174339023645     
   3.5585429530314028     
   3.5478463319183260     
   3.5298330483316582     
   3.5047676254694906     
   3.4731687584511990     
   3.4357536780075950     
   3.3934249453304992     
   3.3469935856461390     
   3.2971535235793450     
   3.2444873055613721     
   3.1894939961964237     
   3.1325364559898632     
   3.0740591882187878     
   3.0142848133601690     
   2.9533991207019881     
   2.8915335217598437     
   2.8288165214534140     
   2.7652878293450649     
   2.7010278147894891     
   2.6360901443988514     
   2.5705338688678578     
   2.5043953137359964     
   2.4376261108472344     
   2.3702381567704967     
   2.3022499661380831     
   2.2336017212600123     
   2.1642016529881567     
   2.0941485975396898     
   2.0231608794528526     
   1.9509927871041646     
   1.8773125464151734     
   1.8017272261513251     
   1.7234738122256557     
   1.6415409579289293     
   1.5549805583717078     
   1.4628268903895127     
   1.3638459992222844     
   1.2561564533955509     
   1.1374540522572227     
   1.0048263682814562     
  0.85447205950928162     
  0.68094493353019980     
  0.47611359869484543     
  0.22780986039885881     
  0.26225402304640710     
  0.29423931964450206     
  0.32370362126656088     
  0.35059189441192418     
  0.37509648606059803     
  0.39695627148727924     
  0.41602526007939755     
  0.43224739212654228     
  0.44555054508647524     
  0.45587709916772351     
  0.46319337332468385     
  0.46753146825309266     
  0.46899486120357592     
  0.46767498813667030     
  0.46370098324055242     
  0.45719682260989936     
  0.44822400417169134     
  0.43684715403782359     
  0.42320649071516298     
  0.40751994216853327     
  0.39003592675493204     
  0.37100060056884188     
  0.35077347106378393     
  0.32979304921957203     
  0.30837703759787594     
  0.28686763058268944     
  0.26569147545827082     
  0.24523110140720800     
  0.22567545091954691     
  0.20709259967897140     
  0.18949874387009094     
  0.17264316502468971     
  0.15596276583157956     
  0.13827392756168436     
  0.11651728919227484     
   8.8685990294185821E-002
