   3.2914620450686263        3.1512225523005815        2.9751396737837568        2.9821683620200425        3.4553307254664714        8.5024436756264876        20.296076716332131     
   3.3022930638378072        3.1650702185419894        2.9901054264280780        2.9913713188476345        3.4245276666408317        8.4502327729100859        20.273294961307769     
   3.3077896085053422        3.1735098012087022        2.9998861491174034        2.9946579125535386        3.3836945710250363        8.3767909472379287        20.202057450918559     
   3.3081688332639936        3.1767129033364347        3.0043814626302590        2.9921287997257555        3.3337450159466528        8.2867216397561094        20.093752417543342     
   3.3036679621053819        3.1748155513904877        3.0035660263573876        2.9837852937658553        3.2752933259205315        8.1811903212885770        19.954469252886334     
   3.2944582335359933        3.1679042957443100        2.9974613634056957        2.9695650936910671        3.2093442176206741        8.0638069465650428        19.794159636316401     
   3.2806986585744440        3.1560855093826312        2.9860876033106498        2.9494763719840602        3.1370887031534882        7.9396816479745915        19.627867083180213     
   3.2625628468944594        3.1394326186509907        2.9695055835212929        2.9237894716202537        3.0600700559302574        7.8144784084576928        19.464276814369988     
   3.2401454354416095        3.1180257757209002        2.9478479466249095        2.8930189264219965        2.9796409211810246        7.6919065012957635        19.306740719910085     
   3.2135243507090543        3.0919922071636039        2.9213605905655839        2.8577623013125359        2.8969531366925190        7.5740805095444381        19.153739963426567     
   3.1826952451291608        3.0615107966478785        2.8903254229380080        2.8186077186823359        2.8130582694537449        7.4617281242772444        19.002337933813486     
   3.1478091673266779        3.0266946339222538        2.8550768071847017        2.7760825184280815        2.7289599696827995        7.3544541351319532        18.851269577793257     
   3.1089675372043333        2.9877028152981966        2.8159973410660504        2.7306493976088992        2.6454513635318975        7.2508936616721416        18.696967039156888     
   3.0663071337122974        2.9449309119141067        2.7734878527111428        2.6826865203539829        2.5631778696525713        7.1515139217967434        18.538476968834065     
   3.0199518352574382        2.8986701084988331        2.7280019087132845        2.6323703098787004        2.4826390780852492        7.0549440902168028        18.374441031676525     
   2.9701714479507979        2.8491984891537556        2.6798491423818636        2.5799437022394760        2.4041043200880159        6.9601441033704754        18.204681146515551     
   2.9172753103712061        2.7968250106209367        2.6292936259532582        2.5255166233361930        2.3277260286865364        6.8667029767614824        18.028167124232773     
   2.8609074326801824        2.7418227992718140        2.5765514457056082        2.4693710309126411        2.2534660755615796        6.7739553531092760        17.845641783769551     
   2.8017271927264109        2.6844018044903315        2.5217989900570346        2.4115339065544164        2.1813043072623604        6.6815859035741054        17.656172172886276     
   2.7399589838555523        2.6247403001104495        2.4651803519242352        2.3521510585878453        2.1112463981322596        6.5891497535809114        17.460331216803219     
   2.6757719550511516        2.5629683217009540        2.4068054200131872        2.2913913887994992        2.0431790550360658        6.4964178294654342        17.257396885442276     
   2.6092842417399029        2.4991607055597482        2.3467338551327552        2.2294902457903678        1.9769789849140087        6.4030803489600210        17.047167009481210     
   2.5405713893727135        2.4333478576852117        2.2849681685603169        2.1666293814482174        1.9125150190762263        6.3089649075317835        16.830648385009368     
   2.4696591855049710        2.3655029116951494        2.2214943708158041        2.1028287407523352        1.8496526528111235        6.2138460102494708        16.607128186960139     
   2.3965355809985343        2.2956225897613107        2.1563044490377941        2.0382545917891361        1.7882671209647731        6.1174642064596885        16.376156925520849     
   2.3211622903746183        2.2236663722497862        2.0893315088162963        1.9730492252232090        1.7282547501557781        6.0198872810248751        16.138375624343020     
   2.2434670768331761        2.1495397901248205        2.0204790560953985        1.9073889093721066        1.6694998267344410        5.9204846051613949        15.889145742272035     
   2.1633149681053179        2.0730848589049389        1.9496055093652411        1.8413206182075730        1.6118020374853479        5.8200423884289902        15.618531033963681     
   2.0805126170532637        1.9940967609752287        1.8765146625247506        1.7748193111954627        1.5549839826368865        5.7178171194290872        15.366075071416072     
   1.9948011415110327        1.9123188061894918        1.8009640475402660        1.7077912400829693        1.4988869056130107        5.6142785246102802        15.107211825513509     
   1.9058395552702467        1.8274390439328208        1.7226509313723017        1.6400677609458134        1.4431510117257893        5.5089751124318607        14.846202801912581     
   1.8132289131413233        1.7390389909600341        1.6411264121701949        1.5713801414781541        1.3874195567347403        5.4021054614905681        14.580176861418913     
   1.7165086532211329        1.6466021571458795        1.5558940361078828        1.5012865235634218        1.3313031510713926        5.2935766462235589        14.313683637613730     
   1.6151031500088020        1.5495532766463336        1.4663513337254461        1.4286113443401689        1.2743431452720986        5.1832689077011187        14.044734574696045     
   1.5081663182799696        1.4471901446991831        1.3717514476455785        1.3516751192153393        1.2158977747661790        5.0713962187766670        13.773083474215031     
   1.3948536428335492        1.3387416632796245        1.2711638247960306        1.2691976320497311        1.1552450573440867        4.9575927634253167        13.500816795142436     
   1.2741341518658684        1.2232182557782059        1.1634470826333998        1.1799742644642561        1.0916145469136889        4.8421877859887124        13.228195827844189     
   1.1445607997468674        1.0992510679011784        1.0473394933498554        1.0825495533568998        1.0238252751182115        4.7250752114557573        12.956771200503509     
   1.0045168764660359       0.96510877973092413       0.92098828537513355       0.97497387844032934       0.94947872274313794        4.6063253994282416        12.686558194469184     
  0.85208822981144561       0.81843013699184142       0.78228605452513766       0.85445580656056885       0.86620045605400187        4.4856710287130355        12.419821265296187     
  0.68470623371707129       0.65629567397470556       0.62804533219524061       0.71739111661354582       0.77163022262964476        4.3629234905246275        12.157633696242973     
  0.49878369884251206       0.47476194957370454       0.45378544637678742       0.55915346822197731       0.66295785467723434        4.2375803184025029        11.902618030384433     
  0.28885825183589198       0.26801311674191142       0.25285026295820823       0.37331479938061329       0.53607193843209988        4.1092459915258157        11.657618701957302     
   4.5650061709641823E-002   2.6799269734039906E-002   1.5763768852559229E-002  0.15075787312465633       0.38382850499052185        3.9773057351098764        11.425752882088000     
 -0.24855020408489378      -0.26540174753657758      -0.27264525986940830      -0.12250663689399689       0.19755174662648811        3.8421138076481567        11.211063833664307     
 -0.20568335164426862      -0.22151446637381203      -0.22804969213413570       -7.9276071239368084E-002  0.23553036907461244        3.7827004676526790        11.017652964043414     
 -0.16835479362543057      -0.18224967372196621      -0.18708808527777807       -3.9053624333219072E-002  0.27320462298275161        3.7227605495614102        10.822796292495971     
 -0.13634733658467077      -0.14776480886264784      -0.14986049333386695       -1.9043332093580047E-003  0.31057173332628440        3.6622317669621296        10.626431470194825     
 -0.10917039199731783      -0.11790779976150277      -0.11647231096376834        3.2111250028772818E-002  0.34758034900454332        3.6010374940844061        10.428251516502971     
  -8.6331439459504417E-002  -9.2402939797119388E-002  -8.6977910417689083E-002   6.2919447089951799E-002  0.38513118292174048        3.5391106921743143        10.228222447295929     
  -6.7347696156656728E-002  -7.0916279457726494E-002  -6.1366065990114300E-002   9.0415322867376371E-002  0.42220686974897931        3.4764224020619161        10.026324008110478     
  -5.1750617519964369E-002  -5.3088322437723962E-002  -3.9557266850632627E-002  0.11447505941763760       0.45821059626145133        3.4129570434930994        9.8228264984946687     
  -3.9087510935309634E-002  -3.8545880040982916E-002  -2.1412371554376107E-002  0.13494762836758045       0.49290709262912202        3.3486820555903765        9.6178207596778993     
  -2.8930222089651715E-002  -2.6907405423299818E-002  -6.7429147788358379E-003  0.15166379458014842       0.52597620156065705        3.2835406141681966        9.4114885873981997     
  -2.0888898403547608E-002  -1.7793590615932449E-002   4.6973827440421230E-003  0.16449744789220352       0.55701605809210430        3.2175539397070319        9.2039272712511764     
  -1.4620629506364752E-002  -1.0834845190063178E-002   1.3204960213990530E-002  0.17339521627145940       0.58558567499285485        3.1506329891810827        8.9954379466434045     
  -9.8229670209899131E-003  -5.6816567823509793E-003   1.9093981383885482E-002  0.17842328737748919       0.61122877892053040        3.0830291931641045        8.7863542680943745     
  -6.2298286589120063E-003  -2.0125786851003841E-003   2.2695788272698952E-002  0.17974922214795958       0.63349734867771801        3.0154598152616754        8.5769933709933337     
  -3.6195690550396829E-003   4.6336621747437108E-004   2.4369740172126071E-002  0.17760152384062070       0.65193820914910905        2.9480191288711133        8.3676584796549314     
  -1.8177012745516743E-003   2.0044775970356169E-003   2.4482998128916973E-002  0.17232443841055012       0.66609235717529724        2.8807455423679178        8.1584983779200453     
  -6.3203911737500667E-004   2.8367554934909407E-003   2.3393646120185008E-002  0.16423495559864831       0.67546927561717696        2.8139216100495439        7.9499393300631942     
   9.0054793041393475E-005   3.1468954496179755E-003   2.1441675408275337E-002  0.15353976957892107       0.67954935151239326        2.7477798624253071        7.7418925278114630     
   4.6510949158225110E-004   3.0869756098334841E-003   1.8940262870376808E-002  0.14064668841505557       0.67754110699059367        2.6825723547141815        7.5342678302329773     
   6.1199596150113408E-004   2.7946207558637907E-003   1.6166435074770502E-002  0.12611993856899925       0.66875610975178945        2.6185758081587438        7.3268698212977110     
   6.1558097848590549E-004   2.3807338938829320E-003   1.3345416327291028E-002  0.11061900897138771       0.65273418368607827        2.5560913853366567        7.1193838770837763     
   5.4315520417708488E-004   1.9263846882714730E-003   1.0663391798293636E-002   9.4804078375148371E-002  0.62917970280618829        2.4954752329492580        6.9112606881509056     
   4.4434758915854388E-004   1.4866584771027543E-003   8.2307788153411828E-003   7.9158286782462617E-002  0.59813419545225943        2.4371146917102275        6.7022099319964896     
   3.4811756045071020E-004   1.1053680907110875E-003   6.1408162368761189E-003   6.4261232456634010E-002  0.56008855799504575        2.3810145044683484        6.4914390958727042     
   2.7064487995403673E-004   8.0111315261229194E-004   4.4207980143844234E-003   5.0605592832202166E-002  0.51577681545778586        2.3283410559573934        6.2780251150353301     
   2.1602717869281926E-004   5.7885699072048784E-004   3.0839207957534852E-003   3.8568494525859240E-002  0.46601777737854472        2.2787998695563734        6.0606142380803973     
   1.8205325255975764E-004   4.2997479233653044E-004   2.0997447789106801E-003   2.8394935645373331E-002  0.41203819111016643        2.2319366420825419        5.8374646607529792     
   1.6327136992936165E-004   3.3907706556128521E-004   1.4203068433242287E-003   2.0168786915088995E-002  0.35570340718009485        2.1873070098282303        5.6061440881927833     
   1.5411468015809899E-004   2.8919746632287858E-004   9.8314900255191853E-004   1.3851759511229177E-002  0.29907908220217411        2.1438515142922889        5.3635347943403948     
   1.5024881218783642E-004   2.6473446219841233E-004   7.2285073195048615E-004   9.2730232346997336E-003  0.24427859780903510        2.0981146046342110        5.1055815681925054     
   1.4887767046396753E-004   2.5422741343742198E-004   5.8121681055420878E-004   6.1516483072410044E-003  0.19346183443074905        2.0452768839727495        4.8270012383345247     
   1.4846915534045050E-004   2.5027801132559757E-004   5.1033972384621751E-004   4.1525420159553416E-003  0.14866865454636766        1.9806036304152519        4.5209403140837070     
   1.4836245273947102E-004   2.4882498950562449E-004   4.7663418631178916E-004   2.9463443637850802E-003  0.11124968530992153        1.8978696482215398        4.1783725361481894     
   1.4831463402773773E-004   2.4807711528104489E-004   4.5859413841168461E-004   2.2368796021007883E-003   8.1548060437242276E-002   1.7897474289818409        3.7877361948571759     
   1.4826652681294126E-004   2.4742402045276665E-004   4.4561797393539103E-004   1.7907135213288334E-003   5.8496189974897132E-002   1.6441850352098186        3.3352522825748263     
   1.4821623569163931E-004   2.4679071503606008E-004   4.3394960509801763E-004   1.4597617015366044E-003   4.0747756381221870E-002   1.4191793588058210        2.8082306155088279     
   1.4816157773908550E-004   2.4622983580459339E-004   4.2339797361379787E-004   1.1745067731034281E-003   2.6640589638674994E-002   1.0899942820857684        2.1988364299291283     
