  0.60756977066138351       0.61635038564698619       0.62871192775338547       0.65345819918972370       0.73940887424930690        1.0375435580265751        2.0295820213755533     
  0.62358777018751899       0.63223964887948547       0.64485216805786916       0.67078681116722627       0.76031332966867970        1.0750063721011045        2.1435828577836817     
  0.63966705471046326       0.64796203955384968       0.66065222078668318       0.68773775196986353       0.78101808617180779        1.1125909136991481        2.2617898827520841     
  0.65575878688332911       0.66360884874302428       0.67627915762131618       0.70441584539665969       0.80112780429107999        1.1503041526503603        2.3849634514127338     
  0.67180875556488384       0.67918454125989436       0.69175049627375618       0.72092455124014898       0.82097953542648416        1.1880741158491646        2.5135882799756013     
  0.68775619532391941       0.69464784011846004       0.70705857466416822       0.73723022702265695       0.84096569061815696        1.2259032771127467        2.6468336459599549     
  0.70353112499013104       0.70996140495925186       0.72218533854448663       0.75330356771102158       0.86071390755682653        1.2635734997887635        2.7852197595051131     
  0.71909112066917136       0.72507836643093115       0.73709598677686194       0.76911314770769679       0.88019271831794421        1.3016335168134603        2.9289592745058521     
  0.73438555233526404       0.73994583410227932       0.75174865031430815       0.78463249946835312       0.89937442420694425        1.3395522779066107        3.0789004407884843     
  0.74937698069277869       0.75450582470931349       0.76611103307530892       0.79984422130120325       0.91822501443637872        1.3818143917413099        3.2347652859770970     
  0.76397500824587417       0.76875380383194225       0.78014494329881989       0.81472933955355387       0.93672125760031766        1.4157413811699509        3.3981819807174403     
  0.77815753177243341       0.78262061562313479       0.79381820688431926       0.82927680428158534       0.95484751641679333        1.4551116281708629        3.5670676272623978     
  0.79187961016901665       0.79601502582707528       0.80709650707093161       0.84348237673787407       0.97264876949244528        1.4928836679934900        3.7428093727194369     
  0.80512520523861053       0.80894633663401794       0.81992565991647337       0.85728713741176876       0.99007668087418799        1.5343218548902489        3.9258862986604197     
  0.81781032864072978       0.82138957647026323       0.83232133394585406       0.87067561654592807        1.0071231231769513        1.5702664735074812        4.1170767657152902     
  0.82989578183309376       0.83331854947653994       0.84427043919806755       0.88373245122113497        1.0238116772031838        1.6108804200453155        4.3164649605685064     
  0.84156131496693898       0.84471186019390043       0.85575966187352603       0.89632572577145453        1.0401705736272522        1.6484560434218127        4.5232360569352688     
  0.85248675788319783       0.85556075476040905       0.86677511114011008       0.90844011315549833        1.0561549151270881        1.6891193487618390        4.7393212220444942     
  0.86278923186952339       0.86585022561599234       0.87730531952110835       0.92010315906499962        1.0717329033487180        1.7273004653147559        4.9647681786044062     
  0.87246050794286978       0.87556420932570656       0.88733090811495408       0.93129795212916033        1.0869209250617531        1.7676721392771262        5.1975030266046787     
  0.88149982295706220       0.88470937222288526       0.89685111871683632       0.94198205609026742        1.1017111607538952        1.8061060279773991        5.4393580542643987     
  0.88990443287135401       0.89328165815281535       0.90586806108530904       0.95217249708374607        1.1160919980810537        1.8464752661509458        5.6927082345364113     
  0.89767669186710575       0.90128613150211390       0.91438153086430007       0.96193089188073966        1.1300513761503963        1.8851943798892519        5.9558521520348311     
  0.90482367776414796       0.90870072640078037       0.92236705677795738       0.97117397705462027        1.1435785384680701        1.9255765382107424        6.2291703743716482     
  0.91134388327765747       0.91552690319510077       0.92983086166360340       0.97989590012999761        1.1566626789759888        1.9644695172082773        6.5148066279671086     
  0.91723997976949800       0.92177309408757002       0.93675758469625037       0.98806161574233564        1.1692924609132380        2.0048844217563642        6.8095468699891715     
  0.92252156443203459       0.92744419584718107       0.94314110409586815       0.99570011323942031        1.1814697723240690        2.0439085914091790        7.1156161825561508     
  0.92719425024572499       0.93253744564141161       0.94897488104232686        1.0028085826228770        1.1931532331913801        2.0842638284317752        7.4353256207547220     
  0.93126493914765374       0.93705255207193716       0.95425956207664253        1.0093753555276819        1.2043563315887622        2.1233619826467773        7.7649582439100140     
  0.93474302278426835       0.94099021334259092       0.95900185735568033        1.0153774098594686        1.2150591239994615        2.1645356621344218        8.1221492952807122     
  0.93761869433739720       0.94435591995844725       0.96320934698510385        1.0207755979941697        1.2253068759502663        2.2022797896481450        8.4582084204299441     
  0.93988212646017755       0.94714935844439563       0.96682763566105534        1.0255765633923035        1.2349646463912674        2.2429494538178965        8.8268829029443214     
  0.94153773836284527       0.94934304052195839       0.96983182891960684        1.0297573677422283        1.2441539159578754        2.2805065104860005        9.2231019041216697     
  0.94259982290903321       0.95091222824114519       0.97219885115375149        1.0335576870635281        1.2526840392351279        2.3205306182467056        9.5850105694156973     
  0.94300101795239266       0.95182242614571555       0.97389801326510983        1.0367579335278536        1.2605949791257811        2.3572160753120022        9.9900612744350443     
  0.94271310442419964       0.95203962385905705       0.97490715780364756        1.0392385654288427        1.2678966496039357        2.3969966050594360        10.395642309075063     
  0.94170031820799949       0.95152724058355587       0.97513597831534216        1.0409587445959867        1.2745696069879302        2.4330477871865019        10.819302246483291     
  0.93989382531963528       0.95022223918721294       0.97458213493311496        1.0418369696758345        1.2805456838730283        2.4719486711701677        11.247957256897392     
  0.93719835356633374       0.94801211931025386       0.97310964109130782        1.0418317502146222        1.2857791768581097        2.5070466887880500        11.692228776402656     
  0.93349537193397070       0.94477509169232299       0.97060682163007750        1.0408676981363167        1.2900856040066362        2.5450542559272695        12.142259530008765     
  0.92862524803941715       0.94035647095726360       0.96694249522627174        1.0388406196125406        1.2935985795545857        2.5782452705498882        12.601442766466198     
  0.92229652516450122       0.93451287671677519       0.96197741191598851        1.0357424739035759        1.2961318329075791        2.6170610625540358        13.068280922202399     
  0.91413066636544171       0.92691503245418772       0.95546019564994111        1.0312930941612777        1.2975630524708637        2.6507764947521055        13.543433133659869     
  0.90356554852733661       0.91723426926356755       0.94712945969226014        1.0252884686081141        1.2979066036322531        2.6936525768775370        14.023174674887773     
  0.65802059842308014       0.67129794139447108       0.70031327889147510       0.77953371287783235        1.0816565936930485        2.6152316105021076        14.500869599324437     
  0.64486118076655530       0.65937790280142861       0.69058549184749274       0.77342709868874759        1.0819668672035307        2.6524208374698293        14.970865737038284     
  0.63206292081586035       0.64767895824914556       0.68081214543319868       0.76700127131433404        1.0816353320406904        2.6882624473926269        15.439828240322816     
  0.61969794460890992       0.63625695280477645       0.67103872205665105       0.76029770761767990        1.0806571353201917        2.7226533437289437        15.909382343873304     
  0.60784408192461814       0.62513775474592514       0.66130611502084602       0.75335230942032394        1.0787974707483134        2.7555650147392390        16.380228002727268     
  0.59669014576551960       0.61439506782323883       0.65167788811247629       0.74623095980150123        1.0765783053092928        2.7871169288706747        16.852361225529652     
  0.58633249127272336       0.60410989455133846       0.64220711797733565       0.73896922458458203        1.0739417672610694        2.8172587698727680        17.324685632125092     
  0.57676257868187453       0.59430617824438137       0.63287436972008748       0.73152921767664703        1.0706781436698336        2.8456392591629029        17.795375907892382     
  0.56791313841918245       0.58499215743326738       0.62365200446269164       0.72386008540743318        1.0667091572263570        2.8719365708469300        18.261541978033137     
  0.55970631596936204       0.57618588862827547       0.61454394237783383       0.71594340603748285        1.0619809598685832        2.8958668954055438        18.717554844900238     
  0.55209278314955101       0.56788932294639527       0.60556640208072288       0.70776870561527894        1.0564520673077211        2.9171999685587484        19.166907961928452     
  0.54504718851118539       0.56008244922595052       0.59671500921718945       0.69929647223270441        1.0500377851822871        2.9355565105875558        19.606082331747164     
  0.53857945729028966       0.55274403224396873       0.58799248560594819       0.69046496131042134        1.0426053461608980        2.9503802169175728        20.028833851488045     
  0.53273224794713059       0.54586655421538277       0.57941726015981221       0.68119630705988543        1.0339996718723399        2.9612051445903735        20.431639658295836     
  0.52756568612174581       0.53947769854440153       0.57104588900746012       0.67143079293950481        1.0241029654337279        2.9673870646528888        20.809710130236518     
  0.52313081286846053       0.53362741225792232       0.56290370150726310       0.66110724133512888        1.0127809714999434        2.9682857172183748        21.153300126552324     
  0.51945139914757577       0.52838958368446487       0.55504664854656816       0.65018860887788021       0.99994304684078517        2.9632063845002508        21.454059846767493     
  0.51650026102494906       0.52382907545613955       0.54754834267923125       0.63865037870196550       0.98546601218843610        2.9514305971706913        21.709072685455286     
  0.51421109302192758       0.51998413948705213       0.54050864861295700       0.62649234956035016       0.96915355761904143        2.9322626576727173        21.909551248042760     
  0.51249406430843825       0.51686509012385562       0.53405416464226452       0.61383002204417225       0.95088068252027702        2.9051088849105882        22.048549358261909     
  0.51125000875827487       0.51443173133548137       0.52830337732262489       0.60083267270528828       0.93057013724946469        2.8694111428520199        22.119420656947185     
  0.51038265878851241       0.51260851823385156       0.52336748445693082       0.58771046590633225       0.90816837943684636        2.8246983269627961        22.113554693185254     
  0.50980750970687627       0.51129702591954096       0.51929668359358927       0.57480659321739935       0.88362608683069488        2.7704756596638829        22.023730024899695     
  0.50944897283479462       0.51039539567145487       0.51608712355982866       0.56245594802571708       0.85691954838786533        2.7062079308153368        21.844798855119972     
  0.50924251940138099       0.50980983769284693       0.51368032266096531       0.55101504916803823       0.82807888509338667        2.6316659600235104        21.568967217390654     
  0.50913442177730361       0.50945306964118131       0.51196594856997801       0.54082786866190091       0.79718790524273975        2.5465580231874099        21.188988074779513     
  0.50908363408213930       0.50925266384142109       0.51081162722472773       0.53217195014787344       0.76445907843335459        2.4511155169557792        20.702230941396785     
  0.50906219154866716       0.50914955730790357       0.51007852441322143       0.52518371031844457       0.73031479774924368        2.3455448603840834        20.107596624567503     
  0.50905387931147472       0.50910063312997200       0.50964142527173772       0.51986512861158352       0.69547996447946403        2.2306008819749445        19.402782784807535     
  0.50905063092291047       0.50907835255164025       0.50939570861008210       0.51605559125151601       0.66107056104477679        2.1071595888394690        18.593199901689342     
  0.50904913589033185       0.50906762678725503       0.50926274678005878       0.51348645010145610       0.62847872144959749        1.9763259942276921        17.684184047989742     
  0.50904825078349536       0.50906157564121080       0.50918961683386088       0.51184660310466856       0.59910945396010384        1.8395534833384746        16.687337283536856     
  0.50904764045203876       0.50905755794018726       0.50914603006173131       0.51084196027536855       0.57418198229761286        1.6992492436616440        15.619695779765138     
  0.50904720658715286       0.50905467907722979       0.50911705852518463       0.51023339437068671       0.55433524345166096        1.5583764138134428        14.503047492768365     
  0.50904690606415737       0.50905260732614155       0.50909637315263523       0.50985359157346088       0.53949551726024469        1.4197531691817300        13.361748782886092     
  0.50904670798411678       0.50905116900170422       0.50908143205719381       0.50960273595038497       0.52913023835192396        1.2872017655876804        12.228819299654896     
  0.50913960798847213       0.50914324056497251       0.50916391387832605       0.50952105259065383       0.52236801058507454        1.1640339789676264        11.140940410039439     
