   1.1277234346659716E-004   1.0655666542114454E-003   4.1687228104967276E-003   6.5604178601869692E-003   4.1687228104967189E-003   1.0655666542114426E-003   1.1277234346659606E-004
   1.1267232542393130E-004   1.0646216007718478E-003   4.1650255609485985E-003   6.5545994109708272E-003   4.1650255609485855E-003   1.0646216007718465E-003   1.1267232542393030E-004
   1.1256830665955856E-004   1.0636387451946709E-003   4.1611804214185515E-003   6.5485482237860318E-003   4.1611804214185429E-003   1.0636387451946664E-003   1.1256830665955792E-004
   1.1246028717347977E-004   1.0626180874799076E-003   4.1571873919065755E-003   6.5422642986325812E-003   4.1571873919065650E-003   1.0626180874799059E-003   1.1246028717347839E-004
   1.1235169615572815E-004   1.0615920294597776E-003   4.1531732352543295E-003   6.5359471251979261E-003   4.1531732352543373E-003   1.0615920294597763E-003   1.1235169615572720E-004
   1.1224424820132190E-004   1.0605767720503854E-003   4.1492013328826337E-003   6.5296964483257313E-003   4.1492013328826337E-003   1.0605767720503782E-003   1.1224424820132023E-004
   1.1213737177858687E-004   1.0595669149463616E-003   4.1452505576512208E-003   6.5234790197347438E-003   4.1452505576512269E-003   1.0595669149463596E-003   1.1213737177858589E-004
   1.1203106688752503E-004   1.0585624581477009E-003   4.1413209095600666E-003   6.5172948394250042E-003   4.1413209095600752E-003   1.0585624581477067E-003   1.1203106688752419E-004
   1.1192304740144588E-004   1.0575418004329471E-003   4.1373278800480992E-003   6.5110109142715771E-003   4.1373278800481052E-003   1.0575418004329449E-003   1.1192304740144493E-004
   1.1181102719366045E-004   1.0564833405805984E-003   4.1331869605542139E-003   6.5044942511494922E-003   4.1331869605542122E-003   1.0564833405805997E-003   1.1181102719365926E-004
   1.1169386320082335E-004   1.0553762779799360E-003   4.1288558967978364E-003   6.4976783534963058E-003   4.1288558967978407E-003   1.0553762779799273E-003   1.1169386320082212E-004
   1.1156926929624480E-004   1.0541990114094687E-003   4.1242501802179303E-003   6.4904302281870770E-003   4.1242501802178852E-003   1.0541990114094635E-003   1.1156926929624439E-004
   1.1143838854327092E-004   1.0529623414799382E-003   4.1194120650949332E-003   6.4828163717842151E-003   4.1194120650949340E-003   1.0529623414799380E-003   1.1143838854327008E-004
   1.1129950634688359E-004   1.0516500672752467E-003   4.1142781700081090E-003   6.4747370394441063E-003   4.1142781700081107E-003   1.0516500672752413E-003   1.1129950634688234E-004
   1.1115262270708275E-004   1.0502621887953879E-003   4.1088484949574422E-003   6.4661922311666656E-003   4.1088484949574414E-003   1.0502621887953886E-003   1.1115262270708198E-004
   1.1099773762386904E-004   1.0487987060403556E-003   4.1031230399429259E-003   6.4571819469519710E-003   4.1031230399429259E-003   1.0487987060403556E-003   1.1099773762386804E-004
   1.1083370803389654E-004   1.0472488183994177E-003   4.0970595506840176E-003   6.4476396902374737E-003   4.0970595506840072E-003   1.0472488183994159E-003   1.1083370803389595E-004
   1.1065939087382196E-004   1.0456017252618447E-003   4.0906157729001438E-003   6.4374989644607715E-003   4.0906157729001290E-003   1.0456017252618386E-003   1.1065939087382141E-004
   1.1047364308029966E-004   1.0438466260168846E-003   4.0837494523107672E-003   6.4266932730593276E-003   4.0837494523107733E-003   1.0438466260168822E-003   1.1047364308029879E-004
   1.1027417852664074E-004   1.0419619194430622E-003   4.0763760803547988E-003   6.4150896229083114E-003   4.0763760803548110E-003   1.0419619194430587E-003   1.1027417852663980E-004
   1.1006042568117164E-004   1.0399422052350146E-003   4.0684745298919670E-003   6.4026547657263589E-003   4.0684745298919687E-003   1.0399422052350109E-003   1.1006042568117108E-004
   1.0983066994887678E-004   1.0377712824766309E-003   4.0599814195014352E-003   6.3892889566698630E-003   4.0599814195014187E-003   1.0377712824766350E-003   1.0983066994887552E-004
   1.0958319673473741E-004   1.0354329502518082E-003   4.0508333677623702E-003   6.3748924508950679E-003   4.0508333677623815E-003   1.0354329502518043E-003   1.0958319673473687E-004
   1.0931743450708246E-004   1.0329218082551703E-003   4.0410092475345058E-003   6.3594320001207384E-003   4.0410092475345076E-003   1.0329218082551668E-003   1.0931743450708184E-004
   1.0903338326591176E-004   1.0302378564867277E-003   4.0305090588178445E-003   6.3429076043468825E-003   4.0305090588178272E-003   1.0302378564867232E-003   1.0903338326591087E-004
   1.0872989994788002E-004   1.0273702943357210E-003   4.0192905473318335E-003   6.3252527670110336E-003   4.0192905473318300E-003   1.0273702943357221E-003   1.0872989994787879E-004
   1.0840412689462518E-004   1.0242921202753318E-003   4.0072480773750870E-003   6.3063012467070153E-003   4.0072480773750956E-003   1.0242921202753331E-003   1.0840412689462461E-004
   1.0805377797945850E-004   1.0209817330840696E-003   3.9942971403865331E-003   6.2859200503098869E-003   3.9942971403865435E-003   1.0209817330840657E-003   1.0805377797945800E-004
   1.0767771013903521E-004   1.0174283321511936E-003   3.9803954820856026E-003   6.2640426812571887E-003   3.9803954820855861E-003   1.0174283321511897E-003   1.0767771013903442E-004
   1.0727592337335471E-004   1.0136319174767075E-003   3.9655431024723095E-003   6.2406691395489201E-003   3.9655431024722947E-003   1.0136319174767056E-003   1.0727592337335353E-004
   1.0684441696071014E-004   1.0095546869230343E-003   3.9495921115646881E-003   6.2155666872164119E-003   3.9495921115646863E-003   1.0095546869230249E-003   1.0684441696070959E-004
   1.0638090477441298E-004   1.0051750392686787E-003   3.9324580008016996E-003   6.1886023311347425E-003   3.9324580008016884E-003   1.0051750392686800E-003   1.0638090477441249E-004
   1.0588081456108377E-004   1.0004497720707078E-003   3.9139717530610888E-003   6.1595100850540142E-003   3.9139717530610853E-003   1.0004497720707045E-003   1.0588081456108340E-004
   1.0534071713068863E-004   9.9534648349689880E-004   3.8940066055012396E-003   6.1280904592868300E-003   3.8940066055012414E-003   9.9534648349689598E-004   1.0534071713068780E-004
   1.0475604022984727E-004   9.8982197110429647E-004   3.8723935409999436E-003   6.0940774675833200E-003   3.8723935409999467E-003   9.8982197110430103E-004   1.0475604022984684E-004
   1.0412221160518242E-004   9.8383303244995411E-004   3.8489635424349962E-003   6.0572051236935870E-003   3.8489635424349923E-003   9.8383303244995390E-004   1.0412221160518199E-004
   1.0343351593996924E-004   9.7732566448017490E-004   3.8235053384036571E-003   6.0171409448052529E-003   3.8235053384036498E-003   9.7732566448017555E-004   1.0343351593996851E-004
   1.0268423791748393E-004   9.7024586414127081E-004   3.7958076575031808E-003   5.9735524481060271E-003   3.7958076575031630E-003   9.7024586414127428E-004   1.0268423791748296E-004
   1.0186866222100256E-004   9.6253962837955314E-004   3.7656592283307829E-003   5.9261071507835548E-003   3.7656592283307729E-003   9.6253962837954967E-004   1.0186866222100203E-004
   1.0098335966049196E-004   9.5417455536279949E-004   3.7329332880448396E-003   5.8746055631503681E-003   3.7329332880448275E-003   9.5417455536279949E-004   1.0098335966049096E-004
   1.0002318645089993E-004   9.4510204234269247E-004   3.6974396923828861E-003   5.8187484506753663E-003   3.6974396923828861E-003   9.4510204234269041E-004   1.0002318645089880E-004
   9.8981855743830092E-005   9.3526268596017307E-004   3.6589460428018785E-003   5.7581700822649925E-003   3.6589460428018902E-003   9.3526268596017253E-004   9.8981855743829618E-005
   9.7854223754231874E-005   9.2460788346691836E-004   3.6172621950393527E-003   5.6925712233881097E-003   3.6172621950393631E-003   9.2460788346691478E-004   9.7854223754230627E-005
   9.6625430658623025E-005   9.1299722692333302E-004   3.5718388434481745E-003   5.6210874187326409E-003   3.5718388434481693E-003   9.1299722692332922E-004   9.6625430658622008E-005
   9.5282331228538819E-005   9.0030650930592255E-004   3.5221900638019795E-003   5.5429539578301310E-003   3.5221900638019842E-003   9.0030650930591886E-004   9.5282331228537477E-005
   9.3815209425548459E-005   8.8644392542341368E-004   3.4679566947161317E-003   5.4576056198996107E-003   3.4679566947161192E-003   8.8644392542341292E-004   9.3815209425547591E-005
   9.2212634616205754E-005   8.7130146916842806E-004   3.4087161933850909E-003   5.3643774393163611E-003   3.4087161933850870E-003   8.7130146916842600E-004   9.2212634616204968E-005
   9.0475749863854241E-005   8.5488994115169863E-004   3.3445108140894462E-003   5.2633359126428702E-003   3.3445108140894484E-003   8.5488994115170177E-004   9.0475749863853333E-005
   8.8614842738597008E-005   8.3730654686987220E-004   3.2757208453541345E-003   5.1550795089413464E-003   3.2757208453541367E-003   8.3730654686987361E-004   8.8614842738596385E-005
   8.6646487658933021E-005   8.1870789517866091E-004   3.2029589742471241E-003   5.0405724283676375E-003   3.2029589742471245E-003   8.1870789517865712E-004   8.6646487658932018E-005
   8.4580972194965177E-005   7.9919119157469359E-004   3.1266054892933625E-003   4.9204131399839370E-003   3.1266054892933634E-003   7.9919119157469251E-004   8.4580972194964445E-005
   8.2408580308263019E-005   7.7866463086670185E-004   3.0463012291081929E-003   4.7940364230092854E-003   3.0463012291081864E-003   7.7866463086670033E-004   8.2408580308261975E-005
   8.0117309833706277E-005   7.5701480664193866E-004   2.9616025237458226E-003   4.6607440635377207E-003   2.9616025237458195E-003   7.5701480664193768E-004   8.0117309833705667E-005
   7.7705446176278489E-005   7.3422551798428971E-004   2.8724459917854393E-003   4.5204363167255703E-003   2.8724459917854345E-003   7.3422551798429090E-004   7.7705446176277798E-005
   7.5174703930996076E-005   7.1031296580987039E-004   2.7788950146478511E-003   4.3732129274165043E-003   2.7788950146478541E-003   7.1031296580986746E-004   7.5174703930995670E-005
   7.2520510844481059E-005   6.8523394767571778E-004   2.6807805752108700E-003   4.2188079093606508E-003   2.6807805752108740E-003   6.8523394767571789E-004   7.2520510844480449E-005
   6.9733722409974239E-005   6.5890205869593272E-004   2.5777646392301031E-003   4.0566892900582470E-003   2.5777646392300957E-003   6.5890205869593337E-004   6.9733722409973426E-005
   6.6805194120718328E-005   6.3123089398461137E-004   2.4695091724611386E-003   3.8863250970095397E-003   2.4695091724611421E-003   6.3123089398461072E-004   6.6805194120717691E-005
   6.3729210659989221E-005   6.0216645048805485E-004   2.3558029035012297E-003   3.7073828474021879E-003   2.3558029035012293E-003   6.0216645048805485E-004   6.3729210659988435E-005
   6.0502914369425178E-005   5.7168172667942680E-004   2.2365401966489944E-003   3.5196962998299891E-003   2.2365401966490039E-003   5.7168172667942691E-004   6.0502914369424507E-005
   5.7128591375715351E-005   5.3979832378019848E-004   2.1118055604655529E-003   3.3233984474178987E-003   2.1118055604655598E-003   5.3979832378019826E-004   5.7128591375714965E-005
   5.3613100058929027E-005   5.0658104545479702E-004   1.9818525206341960E-003   3.1188882695407337E-003   1.9818525206341990E-003   5.0658104545479735E-004   5.3613100058928750E-005
   4.9971300242547268E-005   4.7217029964282634E-004   1.8472303828020549E-003   2.9070302215106142E-003   1.8472303828020586E-003   4.7217029964282488E-004   4.9971300242546943E-005
   4.6226624725138138E-005   4.3678749886441262E-004   1.7088053597204313E-003   2.6891874828581771E-003   1.7088053597204284E-003   4.3678749886441164E-004   4.6226624725137650E-005
   4.2409936217009130E-005   4.0072425960949079E-004   1.5677183169641520E-003   2.4671554607701113E-003   1.5677183169641546E-003   4.0072425960949100E-004   4.2409936217008832E-005
   3.8556669681848382E-005   3.6431540081094778E-004   1.4252791372302829E-003   2.2429955486829942E-003   1.4252791372302857E-003   3.6431540081094459E-004   3.8556669681848077E-005
   3.4703974678359916E-005   3.2791194231777130E-004   1.2828610846366854E-003   2.0188688848771139E-003   1.2828610846366869E-003   3.2791194231777027E-004   3.4703974678359564E-005
   3.0893001486954810E-005   2.9190270611654081E-004   1.1419853132831562E-003   1.7971693456014023E-003   1.1419853132831573E-003   2.9190270611653994E-004   3.0893001486954647E-005
   2.7166614983061550E-005   2.5669271510993903E-004   1.0042363586903304E-003   1.5803905519484942E-003   1.0042363586903291E-003   2.5669271510993756E-004   2.7166614983061306E-005
   2.3570537700470076E-005   2.2271399372749491E-004   8.7130439208019377E-004   1.3711923664171755E-003   8.7130439208019615E-004   2.2271399372749385E-004   2.3570537700469896E-005
   2.0151635236315183E-005   1.9040936700947457E-004   7.4492183895530112E-004   1.1723011480687471E-003   7.4492183895530026E-004   1.9040936700947419E-004   2.0151635236314939E-005
   1.6953343997697456E-005   1.6018925816393051E-004   6.2669436197654717E-004   9.8624376627707124E-004   6.2669436197654662E-004   1.6018925816393078E-004   1.6953343997697310E-005
   1.4015099670011040E-005   1.3242628826133288E-004   5.1807973382290615E-004   8.1531435244737026E-004   5.1807973382290637E-004   1.3242628826133282E-004   1.4015099670010906E-005
   1.1367764963564186E-005   1.0741207379161208E-004   4.2021882006922860E-004   6.6130831376633983E-004   4.2021882006922892E-004   1.0741207379161173E-004   1.1367764963564062E-005
   9.0330580819070646E-006   8.5351826358794587E-005   3.3391445204596087E-004   5.2548908492091641E-004   3.3391445204596066E-004   8.5351826358794370E-005   9.0330580819069578E-006
   7.0206950634701744E-006   6.6337351154155760E-005   2.5952579113777853E-004   4.0842188669209292E-004   2.5952579113777766E-004   6.6337351154155624E-005   7.0206950634701236E-006
   5.3329620349430295E-006   5.0390249399172054E-005   1.9713734590578056E-004   3.1023971220481332E-004   1.9713734590578045E-004   5.0390249399171999E-005   5.3329620349430007E-006
   3.9572852995333406E-006   3.7391714375722499E-005   1.4628431926391860E-004   2.3021109927190238E-004   1.4628431926391841E-004   3.7391714375722438E-005   3.9572852995333202E-006
   2.8668028686393981E-006   2.7087931731459303E-005   1.0597373561926855E-004   1.6677337867531235E-004   1.0597373561926889E-004   2.7087931731459276E-005   2.8668028686393833E-006
   2.0289374369357804E-006   1.9171084060342989E-005   7.5001347976156864E-005   1.1803139838464095E-004   7.5001347976156945E-005   1.9171084060342989E-005   2.0289374369357715E-006
   1.4025387240113862E-006   1.3252349375797679E-005   5.1846002234785597E-005   8.1591282150960323E-005   5.1846002234785712E-005   1.3252349375797660E-005   1.4025387240113699E-006
