  0.97561048928048111       0.96350698887394925       0.94332518373463348       0.88303887625398869       0.87623628392952413       0.99809732763442593        1.0000000000000000     
  0.97976912247929304       0.96683002101087434       0.94609365330515871       0.88722143655788166       0.87657516063300334       0.99812093070816998       0.99999999999999833     
  0.98233025223190629       0.96954575832653256       0.94873588776293105       0.89046249099169494       0.87678841905857985       0.99813111124200549       0.99999999999999878     
  0.98441548393306177       0.97211882809069516       0.95117661979444812       0.89347826423362631       0.88119411130797909       0.99813560497624976       0.99999999999999978     
  0.98619393088713758       0.97433587189627024       0.95046997069675265       0.89605365342806687       0.88075548309241347       0.99813048820713368       0.99999999999999800     
  0.98728166585407517       0.97634332289984760       0.95271412810840717       0.89756667909689369       0.88015662751036006       0.99812525517034933       0.99999999999999944     
  0.98854547761475886       0.97808923072113918       0.95416154680054810       0.89823530199593205       0.87963965786785925       0.99811735058666140        1.0000000000000000     
  0.98964018911743989       0.97946928804542188       0.95508180027278933       0.89468508863312191       0.88337228833531767       0.99820896569745898       0.99999999999999911     
  0.99014028644521423       0.97970004380939035       0.95424540420427018       0.89374695820816075       0.88496571140068758       0.99824284552572395        1.0000000000000004     
  0.98927297066166275       0.97985898176822928       0.95319830591521593       0.89195021518493189       0.88333186768242933       0.99827298606741099       0.99999999999999889     
  0.98901639352147364       0.97820480518181352       0.95115614078968191       0.88970645811052884       0.88117961274750534       0.99838880297824140        1.0000000000000009     
  0.98843172459664808       0.97580637749360843       0.94678670955318467       0.88668424924009204       0.87872597151321741       0.99843635709303369        1.0000000000000002     
  0.98752615653040055       0.97417598525756022       0.94426357171729380       0.88292575325260991       0.87651647046037529       0.99852111270240496        1.0000000000000004     
  0.98502431406378899       0.97194251706228185       0.94267919376608489       0.87789269480095022       0.87835225872758838       0.99863942989267351       0.99999999999999956     
  0.98183971616114751       0.97033389852031504       0.94044834457820659       0.87156906176937399       0.87453295446095147       0.99862293749815534       0.99999968658849525     
  0.97836006200538350       0.96667185307302206       0.93137641914953095       0.86399591907708762       0.87062774920726527       0.99860498390228059       0.99999999999999856     
  0.97545067801488805       0.96385605720850620       0.92737596887315776       0.85599500583525800       0.86554676153955523       0.99864737567202777       0.99999999999999600     
  0.97318960350017725       0.96167297919616468       0.92266826708881922       0.84716918716119993       0.85974906180419441       0.99863119100045583       0.99999999999999967     
  0.97098872011808102       0.95762940168729682       0.91627447494945669       0.83818314161393204       0.85332734178630487       0.99861471366642929       0.99999999999999789     
  0.96664327765597957       0.95273234371930249       0.91033235692792358       0.82903833565685581       0.84614722433851086       0.99876370364186118        1.0000000000000020     
  0.96319305639524533       0.94928017322133529       0.90383352844574005       0.81904619315420468       0.84199988780911195       0.99874611061176466       0.99999999999999956     
  0.96061859858744436       0.94576341678170650       0.89674621632000728       0.80530997490360390       0.83397667280409038       0.99883481976447464        1.0000000000000016     
  0.95563736441365044       0.93086091184425734       0.88254731108929774       0.79618001642409952       0.82634474782267575       0.99888072647709802       0.99999999999999967     
  0.95229778656623176       0.92182017488587009       0.86703197291102951       0.78742122178230256       0.81756572867369426       0.99883060032063231       0.99996925860530284     
  0.94853316650789399       0.91540054668161419       0.85938306595628722       0.77898536577531774       0.80841680682782657       0.99883977035393323       0.99997172766772024     
  0.93464399115511643       0.90787280762742084       0.85245395284037162       0.77098858077126786       0.80619827043310532       0.99882919391752312       0.99997563830932401     
  0.92897592762563919       0.89375972619080168       0.84606579282803840       0.76434528017056158       0.79751346583143945       0.99881775140274143       0.99997940618062031     
  0.92116910040652966       0.88826223878068811       0.83983194259111316       0.75744820910374033       0.78904905298501193       0.99880590185954898       0.99998102367989894     
  0.90743306180262417       0.88224312228534896       0.83451219374152075       0.75066420373982123       0.77622809684653460       0.99891981774729321       0.99998311436107057     
  0.90295980065226344       0.87772669577914630       0.82947029340175460       0.74486595331679673       0.76862535761568274       0.99893213228961086       0.99991559595087132     
  0.89907593014842846       0.87319548617505771       0.82362643027863158       0.73399008297688306       0.76107060843656227       0.99893022210894988       0.99999999999999978     
  0.89019435854639395       0.86182698861702256       0.81935723165823204       0.72985069801766544       0.75436110066759887       0.99899316987999542        1.0000000000000000     
  0.88760171863896031       0.85505237388912037       0.80470548436292988       0.72638846609973173       0.74118172061469290       0.99914085579434631        1.0000000000000000     
  0.87471383321326268       0.84578426404097162       0.79091347849595361       0.72389602239534556       0.72626216045167591       0.99916660709151695        1.0000000000000000     
  0.85113548826247409       0.84485409285894841       0.78952075151085221       0.72229367101954867       0.71874530102911371       0.99916631561658853       0.99999999999999900     
  0.85088202704369253       0.82286901375377286       0.78859215102896207       0.72054404031162700       0.71431265747066675       0.99916775163209048       0.99999999999999867     
  0.84937137929517681       0.82355676414175072       0.78924002423501050       0.71331611139965068       0.70319933205485674       0.99917091172463568        1.0000000000000009     
  0.85008668561947009       0.82219765514996501       0.77273895287015970       0.71461989783475877       0.70193367986787980       0.99917570193680028       0.99999999999999845     
  0.84101860018649255       0.81370599905355001       0.77541893443051180       0.71536636024718736       0.64985346049536019       0.99918293566030991        1.0000000000000011     
  0.83324421262220150       0.81640830422615862       0.76674251553488215       0.69537386558977599       0.61661033648372743       0.99919218403410326       0.99999999999999911     
  0.81669093083284716       0.80830617972655427       0.77045203457412648       0.70078497768469505       0.61960118945320131       0.99934178680007613       0.99999999999999922     
  0.80995935440100220       0.79362212477388938       0.77298910820066669       0.69407946056897374       0.59779323873711887       0.99935342831425122       0.99999999999999811     
  0.80844504137871787       0.78737184334950172       0.76526256836416584       0.67562959040899606       0.55734190260556038       0.99936721511017323        1.0000000000000002     
  0.80163158652415534       0.78772741715758021       0.76110008724492217       0.67504887916244960       0.51228495375838157       0.99938327219037204       0.99999999999999989     
  0.79904709760841142       0.77005023898455416       0.76954129571373642       0.64952990051406367       0.45333207794159813       0.99940172937995841       0.99999999999999789     
  0.82310778379851779       0.79176870157746060       0.78817973475894465       0.66487959749930980       0.46037784342958049       0.99942017256452764        1.0000000000000016     
  0.84675484548983282       0.81415593565028199       0.80709906784068886       0.68080506839431165       0.46841231753638979       0.99944090232347949       0.99999999999999833     
  0.86862606258434849       0.83607534805281603       0.82580980500434353       0.69731003983063888       0.47748580439113053       0.99958669201813333       0.99999999999999900     
  0.88847608999200200       0.85690016519850265       0.84399937067412900       0.71437344332122044       0.48765626083866170       0.99960936503769560       0.99999999999999767     
  0.90626412732344852       0.87631823604119174       0.86145314289826402       0.73193864785853879       0.49897582239548266       0.99963354903361434        1.0000000000000000     
  0.92199261129361021       0.89417685871076880       0.87802519131449230       0.74993485939348126       0.51151012933550444       0.99965902119249361        1.0000000000000011     
  0.93571162872218105       0.91039417462269279       0.89360615310952007       0.76827413897141039       0.52532896545922980       0.99968553048914188        1.0000000000000011     
  0.94753377813874118       0.92493330459806544       0.90810778823736182       0.78684636148441800       0.54049779884348792       0.99971278827587695        1.0000000000000016     
  0.95762650660407012       0.93780704276802163       0.92146530485975175       0.80552516416823150       0.55707914581909945       0.99974047143390410       0.99999999999999967     
  0.96617857545232777       0.94906932640272801       0.93363198312927875       0.82415619023094266       0.57522390762519438       0.99983479269145314       0.99999999999999933     
  0.97337943165989871       0.95881683094450398       0.94459127771812323       0.84257611883588024       0.59540776001986906       0.99985530335480810       0.99999999999999867     
  0.97939766986297239       0.96716877678312019       0.95435065341228942       0.86060883434112978       0.66397407960606447       0.99987527812660271        1.0000000000000020     
  0.98437542287329904       0.97425126625367464       0.96293793281181883       0.87806717037908422       0.72686679330619630       0.99989446561996731        1.0000000000000013     
  0.98843325601117160       0.98018787925913531       0.97039856617442266       0.89476279491741828       0.74796432267826907       0.99991260046683095       0.99999999999999833     
  0.99167645295982676       0.98509221361546906       0.97678798345556672       0.91050342339833246       0.76974845127810521       0.99992942501323256       0.99999999999999889     
  0.99420419522798831       0.98907129589578968       0.98217225650482931       0.92511328427948769       0.79199931369185106       0.99996403862064021       0.99999999999999822     
  0.99611441040611692       0.99222758711255943       0.98631410588547541       0.93844133757513881       0.81444959418469309       0.99997345331547249       0.99999999999999922     
  0.99750567401094725       0.99466224197515241       0.98985655157686436       0.95037014032861089       0.83678647004193896       0.99998127995588337       0.99999999999999933     
  0.99847593308685212       0.99647810884813115       0.99134595888847843       0.96082627095536421       0.85866444322773017       0.99998750335056752        1.0000000000000007     
  0.99911947189648509       0.99777901998702934       0.99393959967182188       0.96978177289883460       0.87971242769053126       0.99999219666127859       0.99999999999999922     
  0.99952132695010354       0.99866827320431617       0.99535670310734248       0.97725948234292748       0.89959698397516141       0.99999551375860896        1.0000000000000004     
  0.99975717723159285       0.99924287529925260       0.99695783357870404       0.98333032077846050       0.91795230652455773       0.99999767948529905       0.99999999999999800     
  0.99988447007594805       0.99959263927820408       0.99792067207420310       0.98810723521174382       0.93490123221425803       0.99999895332358457        1.0000000000000007     
  0.99994882756675052       0.99978980164756670       0.99868752377381775       0.99173821291677222       0.95004212721560455       0.99999981719764741       0.99999999999999956     
  0.99997827314384613       0.99989469288193988       0.99921388795965782       0.99439570857921999       0.96356319623434761       0.99999994204732490       0.99999999999999800     
  0.99999080379802974       0.99994654544822470       0.99953024052013106       0.99626454133827458       0.97510112097142654       0.99999998505637866        1.0000000000000033     
  0.99999583456804686       0.99997143342746131       0.99972097296402629       0.99752831480212578       0.98303595866311266       0.99999999701480191        1.0000000000000031     
  0.99999788869281181       0.99998361047632456       0.99982788971027092       0.99835596030004115       0.98787782786641409       0.99999999959031061        1.0000000000000016     
  0.99999883933521527       0.99999014197083469       0.99989009697475961       0.99889647699361050       0.99052957846005318       0.99999999987292632       0.99999999999999989     
  0.99999935739167511       0.99999409014199170       0.99992993570783206       0.99925752583265814       0.99525768971248307       0.99999999999502864        1.0000000000000004     
  0.99999966508044125       0.99999664415909462       0.99995626221467171       0.99951316010499125       0.99691169936018864       0.99999999999990985       0.99999999999999944     
  0.99999984671141096       0.99999830518719413       0.99997513834566754       0.99970623585954421       0.99815711309855248       0.99999999999999944       0.99999999999999878     
  0.99999994316132890       0.99999929496722184       0.99998811212185301       0.99984831156837195       0.99837500529700329        1.0000000000000007        1.0000000000000018     
  0.99999998510152910       0.99999978778974807       0.99999573440604583       0.99994084674111772       0.99964702921249438        1.0000000000000013       0.99999999999999989     
  0.99999999816073293       0.99999996785772627       0.99999916113496823       0.99996702500209267       0.99961526265284484        1.0000000000000016       0.99999999999999600     
  0.99999999998371991       0.99999999955354568       0.99999997882298686       0.99999826043593076       0.99979008958546312        1.0000000000000009       0.99999999999999956     
