  0.58268990905236562       0.58800066366075665       0.59370268939372672       0.60011738872692288       0.61445583199948184       0.65575986656749186       0.73809851578414043     
  0.57831157421553492       0.58379837772066956       0.59011286122241347       0.59801832591095239       0.61538487436121614       0.66196737236933967       0.75073588128428925     
  0.57436465828986250       0.57979921836891646       0.58654149087338425       0.59580607776624295       0.61608271839289619       0.66781706857822365       0.76283088613359351     
  0.57084017632156858       0.57612917539174635       0.58316452533234031       0.59365390713870203       0.61670948670942050       0.67346676619752754       0.77453858748418969     
  0.56771952421265481       0.57281053306195084       0.58003424243366808       0.59162963300351079       0.61733441841636139       0.67898127265663077       0.78590387505879622     
  0.56497127036567940       0.56983677590294879       0.57716817378927210       0.58976539889917334       0.61799029847981868       0.68438895855556803       0.79693589801553699     
  0.56255852079295643       0.56719297360547871       0.57457321873623735       0.58806912037828163       0.61869215881405237       0.68970095891941219       0.80765642192881859     
  0.56045802113332599       0.56485709757131042       0.57224222045620365       0.58654539704525233       0.61944949029059793       0.69493725197295386       0.81809498914807910     
  0.55864211752292303       0.56280423113494149       0.57016214410384869       0.58519361115898638       0.62026764095996412       0.70012225151763952       0.82828061743134229     
  0.55708708223537262       0.56100795178056717       0.56832253448666847       0.58401676872491992       0.62114443115164575       0.70527570399740658       0.83823955017930529     
  0.55575559765080873       0.55945870048540791       0.56670736121451382       0.58301289660985933       0.62207893785897561       0.71044012438672999       0.84796935122662875     
  0.55462798498425847       0.55813147561380805       0.56529954006565430       0.58218255742030889       0.62308558213577070       0.71563067740273645       0.85746141763789063     
  0.55368057839697116       0.55698229250940012       0.56408740128004764       0.58152930595397967       0.62418500919148645       0.72086774280902055       0.86670448303127756     
  0.55290118227184337       0.55601033553194967       0.56304763006257141       0.58103864055570154       0.62538012672745080       0.72616491604284417       0.87568253764653581     
  0.55225159585565564       0.55520287925498346       0.56218496360300296       0.58070655185269260       0.62667787346704396       0.73153307901061704       0.88437813485346473     
  0.55171695925888020       0.55454330363494819       0.56149501600408114       0.58056943780483239       0.62810226200551478       0.73697921852365533       0.89277445850718096     
  0.55135710572239671       0.55402229273997294       0.56097192077142244       0.58058034031719896       0.62968573615622325       0.74250702510971367       0.90085485891505090     
  0.55105171014102439       0.55363248549074484       0.56060947607120459       0.58073400598206781       0.63140586334734716       0.74811851561730114       0.90860415608829681     
  0.55084029124541789       0.55336722352342960       0.56040319539104200       0.58104374344506671       0.63324973745737378       0.75381400991107494       0.91600980448836000     
  0.55071979091708090       0.55322052054714710       0.56034566871379909       0.58150640553563171       0.63524602128124641       0.75959185461680423       0.92305956636842890     
  0.55068836800576759       0.55319344026138351       0.56043486529063280       0.58210485296765846       0.63740019350113541       0.76545094435153826       0.92974548144372204     
  0.55074480122960701       0.55328457591880398       0.56067320419327871       0.58285543873924928       0.63971619031294469       0.77138800993488321       0.93606190500937136     
  0.55089010760338641       0.55349616770713228       0.56106629329690938       0.58379904539584815       0.64219673381798514       0.77739895537713855       0.94200590569276954     
  0.55112752744684579       0.55382195134475853       0.56160965938676033       0.58489394304896614       0.64484431526864716       0.78347976945567110       0.94757848490469199     
  0.55145958184511323       0.55426449580108750       0.56230598296230161       0.58614303856198435       0.64765816877670113       0.78962679850865036       0.95278177324564350     
  0.55189010233928415       0.55482976607595136       0.56315240916365816       0.58753258055901392       0.65064258705309708       0.79583435235449618       0.95762067175203480     
  0.55242447239381143       0.55552198011546194       0.56414838291941105       0.58908681866267487       0.65381259338708875       0.80209442010852050       0.96210199369886851     
  0.55306800598107941       0.55634385308230438       0.56529722732265564       0.59080928556667556       0.65715146293965687       0.80839903814510261       0.96623487309452138     
  0.55382737749192634       0.55729927372792065       0.56660345048867577       0.59269984709453549       0.66065113010894139       0.81474053750661002       0.97003138629854224     
  0.55471120372503069       0.55839329863685072       0.56807494670927483       0.59475406848668400       0.66435138825624385       0.82111248853575802       0.97350381537842545     
  0.55571981048962826       0.55963297755911123       0.56971883965483738       0.59695771665306396       0.66823511769735566       0.82750390552073150       0.97666563013114593     
  0.55685429712820589       0.56102332287113865       0.57152116587510704       0.59932263763469307       0.67228940381719460       0.83390514025935636       0.97953212111375598     
  0.55812505479178809       0.56256134738291852       0.57347725000144167       0.60184663609461042       0.67650388811800866       0.84030403787483654       0.98211904883130008     
  0.55954862175631015       0.56424404475159196       0.57558424226755267       0.60467070364618247       0.68089523555209197       0.84668923363285331       0.98444369597617642     
  0.56110096876573667       0.56606397414228060       0.57783626005972755       0.60768606674636971       0.68544553947254905       0.85304951414702890       0.98652227187811292     
  0.56277995581565632       0.56801487104572301       0.58023115514844825       0.61083649412143615       0.69014636175889610       0.85937254108371330       0.98837202298902749     
  0.56458047823777546       0.57009108654091878       0.58273764290215246       0.61412021345489942       0.69497677621780030       0.86564529749058661       0.99001018899612070     
  0.56648505895541823       0.57228031238377786       0.58537414743567429       0.61750388081294416       0.69993464309263254       0.87185478059637200       0.99145400287360730     
  0.56846779475654863       0.57454820481193081       0.58809202038372776       0.62099500282964970       0.70500245628143909       0.87798739134426618       0.99272082519467730     
  0.57049761733417570       0.57686363352328596       0.59086329772538349       0.62457805660427856       0.71013249139835966       0.88403008622654367       0.99382631256987453     
  0.57253258514589533       0.57918725503255963       0.59365961840545967       0.62823993264316191       0.71538363212673195       0.88996387813427513       0.99478606904168110     
  0.57447966977429832       0.58144452115741618       0.59645501855187566       0.63198677236204537       0.72066175449670000       0.89576508364823326       0.99561486961067247     
  0.57621577405827407       0.58353757026273900       0.59918185819868963       0.63574302736317290       0.72594193061938916       0.90140878360085319       0.99632670380086852     
  0.57755476251588611       0.58537911635080442       0.60179487041978208       0.63949024234481866       0.73123203473613352       0.90684835756588156       0.99693349580582324     
   1.0000000000000000        1.0000000000000000        1.0000000000000000        1.0000000000000000        1.0000000000000000        1.0000000000000000        1.0000000000000000     
   1.0000000000000000        1.0000000000000000        1.0000000000000000        1.0000000000000000        1.0000000000000000        1.0000000000000000        1.0000000000000000     
   1.0000000000000000        1.0000000000000000        1.0000000000000000        1.0000000000000000        1.0000000000000000        1.0000000000000000        1.0000000000000000     
   1.0000000000000000        1.0000000000000000        1.0000000000000000        1.0000000000000000        1.0000000000000000        1.0000000000000000        1.0000000000000000     
   1.0000000000000000        1.0000000000000000        1.0000000000000000        1.0000000000000000        1.0000000000000000        1.0000000000000000        1.0000000000000000     
   1.0000000000000000        1.0000000000000000        1.0000000000000000        1.0000000000000000        1.0000000000000000        1.0000000000000000        1.0000000000000000     
   1.0000000000000000        1.0000000000000000        1.0000000000000000        1.0000000000000000        1.0000000000000000        1.0000000000000000        1.0000000000000000     
   1.0000000000000000        1.0000000000000000        1.0000000000000000        1.0000000000000000        1.0000000000000000        1.0000000000000000        1.0000000000000000     
   1.0000000000000000        1.0000000000000000        1.0000000000000000        1.0000000000000000        1.0000000000000000        1.0000000000000000        1.0000000000000000     
   1.0000000000000000        1.0000000000000000        1.0000000000000000        1.0000000000000000        1.0000000000000000        1.0000000000000000        1.0000000000000000     
   1.0000000000000000        1.0000000000000000        1.0000000000000000        1.0000000000000000        1.0000000000000000        1.0000000000000000        1.0000000000000000     
   1.0000000000000000        1.0000000000000000        1.0000000000000000        1.0000000000000000        1.0000000000000000        1.0000000000000000        1.0000000000000000     
   1.0000000000000000        1.0000000000000000        1.0000000000000000        1.0000000000000000        1.0000000000000000        1.0000000000000000        1.0000000000000000     
   1.0000000000000000        1.0000000000000000        1.0000000000000000        1.0000000000000000        1.0000000000000000        1.0000000000000000        1.0000000000000000     
   1.0000000000000000        1.0000000000000000        1.0000000000000000        1.0000000000000000        1.0000000000000000        1.0000000000000000        1.0000000000000000     
   1.0000000000000000        1.0000000000000000        1.0000000000000000        1.0000000000000000        1.0000000000000000        1.0000000000000000        1.0000000000000000     
   1.0000000000000000        1.0000000000000000        1.0000000000000000        1.0000000000000000        1.0000000000000000        1.0000000000000000        1.0000000000000000     
   1.0000000000000000        1.0000000000000000        1.0000000000000000        1.0000000000000000        1.0000000000000000        1.0000000000000000        1.0000000000000000     
   1.0000000000000000        1.0000000000000000        1.0000000000000000        1.0000000000000000        1.0000000000000000        1.0000000000000000        1.0000000000000000     
   1.0000000000000000        1.0000000000000000        1.0000000000000000        1.0000000000000000        1.0000000000000000        1.0000000000000000        1.0000000000000000     
   1.0000000000000000        1.0000000000000000        1.0000000000000000        1.0000000000000000        1.0000000000000000        1.0000000000000000        1.0000000000000000     
   1.0000000000000000        1.0000000000000000        1.0000000000000000        1.0000000000000000        1.0000000000000000        1.0000000000000000        1.0000000000000000     
   1.0000000000000000        1.0000000000000000        1.0000000000000000        1.0000000000000000        1.0000000000000000        1.0000000000000000        1.0000000000000000     
   1.0000000000000000        1.0000000000000000        1.0000000000000000        1.0000000000000000        1.0000000000000000        1.0000000000000000        1.0000000000000000     
   1.0000000000000000        1.0000000000000000        1.0000000000000000        1.0000000000000000        1.0000000000000000        1.0000000000000000        1.0000000000000000     
   1.0000000000000000        1.0000000000000000        1.0000000000000000        1.0000000000000000        1.0000000000000000        1.0000000000000000        1.0000000000000000     
   1.0000000000000000        1.0000000000000000        1.0000000000000000        1.0000000000000000        1.0000000000000000        1.0000000000000000        1.0000000000000000     
   1.0000000000000000        1.0000000000000000        1.0000000000000000        1.0000000000000000        1.0000000000000000        1.0000000000000000        1.0000000000000000     
   1.0000000000000000        1.0000000000000000        1.0000000000000000        1.0000000000000000        1.0000000000000000        1.0000000000000000        1.0000000000000000     
   1.0000000000000000        1.0000000000000000        1.0000000000000000        1.0000000000000000        1.0000000000000000        1.0000000000000000        1.0000000000000000     
   1.0000000000000000        1.0000000000000000        1.0000000000000000        1.0000000000000000        1.0000000000000000        1.0000000000000000        1.0000000000000000     
   1.0000000000000000        1.0000000000000000        1.0000000000000000        1.0000000000000000        1.0000000000000000        1.0000000000000000        1.0000000000000000     
   1.0000000000000000        1.0000000000000000        1.0000000000000000        1.0000000000000000        1.0000000000000000        1.0000000000000000        1.0000000000000000     
   1.0000000000000000        1.0000000000000000        1.0000000000000000        1.0000000000000000        1.0000000000000000        1.0000000000000000        1.0000000000000000     
   1.0000000000000000        1.0000000000000000        1.0000000000000000        1.0000000000000000        1.0000000000000000        1.0000000000000000        1.0000000000000000     
   1.0000000000000000        1.0000000000000000        1.0000000000000000        1.0000000000000000        1.0000000000000000        1.0000000000000000        1.0000000000000000     
   1.0000000000000000        1.0000000000000000        1.0000000000000000        1.0000000000000000        1.0000000000000000        1.0000000000000000        1.0000000000000000     
