   3.6703668793791038     
   3.6659120679614738     
   3.6534291784823778     
   3.6334713518479935     
   3.6062996437176755     
   3.5724726900634702     
   3.5327624515655311     
   3.4881424854943321     
   3.4393464145540880     
   3.3870887387454194     
   3.3319781673059383     
   3.2745689153346178     
   3.2151494904203832     
   3.1541170903263067     
   3.0916093460617931     
   3.0278145014469193     
   2.9629069641181807     
   2.8969993991131959     
   2.8302411204476545     
   2.7626623438216651     
   2.6943445474317702     
   2.6253387699924717     
   2.5557007817474586     
   2.4854431910064125     
   2.4145694677446241     
   2.3430784540265628     
   2.2708594987429969     
   2.1978229648226906     
   2.1240302404017721     
   2.0491319636819831     
   1.9727840355432320     
   1.8946366516439561     
   1.8142250713643386     
   1.7310401295480273     
   1.6444568920595091     
   1.5535821893903885     
   1.4573380024098530     
   1.3538456141381046     
   1.2409949135004843     
   1.1163734865135519     
  0.97704637950772166     
  0.81922083164050286     
  0.63730088244006144     
  0.42289596020121561     
  0.16371557262374051     
  0.19968637484879861     
  0.23352866443969769     
  0.26515425766578599     
  0.29450983002674086     
  0.32150385602102438     
  0.34604273736861457     
  0.36804578938339105     
  0.38745010472679020     
  0.40415414998926946     
  0.41803283870265096     
  0.42901114113009770     
  0.43707602370357501     
  0.44227433559884061     
  0.44459113374052639     
  0.44420084875416915     
  0.44115345989540966     
  0.43536268983820875     
  0.42672133443557198     
  0.41533507856865193     
  0.40149256908360575     
  0.38550708659458388     
  0.36770622387906593     
  0.34851103957725005     
  0.32834812972034982     
  0.30753925339745680     
  0.28638171064386747     
  0.26523641685764554     
  0.24446168398419066     
  0.22443205789729795     
  0.20542116023877061     
  0.18753031304348264     
  0.17056024661349078     
  0.15381174227608629     
  0.13590661923340508     
  0.11406675188684738     
   8.6326930838572610E-002
