   3.4306636012585701        3.2667942898320410        3.0432777568834410        2.9242643556134067        3.8138100192330935        8.8474068461759963        20.088528849038457     
   3.4409708926871749        3.2800386672848454        3.0564267787039983        2.9288720463821050        3.7845595052401531        8.7978247813417205        20.067126465641660     
   3.4454226667244097        3.2873676963828258        3.0639189441234596        2.9272754494788886        3.7455839558224517        8.7279299365992085        20.000614763259925     
   3.4442290609573645        3.2889499601436398        3.0656115025868638        2.9195069453504416        3.6977686895010460        8.6421314083420935        19.900828941402800     
   3.4376175183125737        3.2849121568341926        3.0615225895229305        2.9055379491988820        3.6416781263080718        8.5414682607843844        19.776597093522430     
   3.4257760598867448        3.2753435197291365        3.0517107486718404        2.8853370591597307        3.5782436864980389        8.4293364122260286        19.645505681608203     
   3.4088741783478582        3.2603494946857166        3.0362274089264618        2.8592055988788223        3.5085678031382139        8.3104598056473638        19.519683016917686     
   3.3870901156314948        3.2400686560099698        3.0152882785979895        2.8277745508905756        3.4340669042373015        8.1900609803028832        19.400212048543729     
   3.3605513108230558        3.2147127000029507        2.9891720830044202        2.7915503396088601        3.3558986640236310        8.0715751980437815        19.282194123783480     
   3.3294352219164631        3.1845255081795236        2.9581939253722433        2.7511542204841772        3.2752719282476264        7.9569179001295369        19.161894630018526     
   3.2939146892344331        3.1497757035155023        2.9229613426831325        2.7071777817462999        3.1931830542422950        7.8460392958126359        19.036503215524153     
   3.2542412813390791        3.1108130466304740        2.8839127168388599        2.6599639304226015        3.1105603329557230        7.7400955215480947        18.905867627142669     
   3.2106439872764141        3.0679253009603054        2.8414408754820002        2.6098569037298529        3.0281666980401618        7.6370779266150670        18.767412536482379     
   3.1633705491997608        3.0214533988813170        2.7958695454124247        2.5571353039008797        2.9465968464860213        7.5377421498969870        18.621143758557398     
   3.1126782122393757        2.9716088787654673        2.7474798270114418        2.5019627760043313        2.8662880654631571        7.4403322430703609        18.466379237563959     
   3.0586331275259702        2.9185747023893835        2.6964967292409896        2.4445279571481358        2.7875015489207313        7.3445661955954042        18.303843977713758     
   3.0015642679238508        2.8626353984573640        2.6431291707060209        2.3850852016089354        2.7104294184582907        7.2499123305776161        18.132607625358759     
   2.9416398979516214        2.8040456598214094        2.5875403199952913        2.3238804258459944        2.6351161832523826        7.1554161977571251        17.954369004579327     
   2.8789905903705604        2.7430118762088633        2.5298309230365721        2.2612543726300172        2.5615218554277512        7.0610307647132000        17.768269000546635     
   2.8137262531810743        2.6796627735748468        2.4699557293924341        2.1974592990669475        2.4895376741030999        6.9661341084759254        17.574499293575325     
   2.7460264476243621        2.6140819998492599        2.4080021613289717        2.1327015256744324        2.4190586528900022        6.8706606824212519        17.373822503081481     
   2.6759663114563335        2.5463380948261096        2.3440667875335199        2.0671966118921961        2.3499712775344248        6.7742013036298507        17.165277715132365     
   2.6035906495425443        2.4764752594029313        2.2781712064720994        2.0011380501081009        2.2821566536066342        6.6766925306781904        16.949875357269725     
   2.5289242944040158        2.4045183932453815        2.2103274915595525        1.9346842477364259        2.2154916689869641        6.5778127057314686        16.727213172545007     
   2.4519166432693087        2.3304535916631943        2.1405481263216717        1.8679578471792913        2.1498581854452778        6.4773653539755660        16.496631536303273     
   2.3724972414691701        2.2542258482471076        2.0688355227351782        1.8010283895499268        2.0851316049307704        6.3753499129580407        16.259020020642183     
   2.2905677025975466        2.1757341385462241        1.9951693748609787        1.7339125854125876        2.0211780625928757        6.2711061546409770        16.009466901643712     
   2.2059936651124712        2.0948282401595142        1.9194867301105607        1.6665663291787840        1.9578232801842042        6.1655409222864410        15.738577823056337     
   2.1186194132975511        2.0112962762815778        1.8416568386811445        1.5988768489480201        1.8948358214906613        6.0578190828555858        15.485743003324533     
   2.0282278285072373        1.9248564897287281        1.7614862384552699        1.5305742448087645        1.8319947361776829        5.9484766745223654        15.226343647847388     
   1.9345024431583981        1.8351846569026211        1.6786518213238346        1.4612357233729862        1.7690115054513651        5.8368522437160539        14.964566290962768     
   1.8370350298541398        1.7418895302657815        1.5927212023907209        1.3904294985967192        1.7055573999919105        5.7235895168637416        14.698166244234793     
   1.7353071032774219        1.6444869029629987        1.5031834614855228        1.3175901114220685        1.6412344323072128        5.6084409291587010        14.429963062367129     
   1.6285831017450902        1.5423869376409651        1.4094051689040359        1.2422502680218390        1.5755535384696024        5.4911503669420476        14.159459854681852     
   1.5161042642134970        1.4349066919517977        1.3106327009360796        1.1637130973374330        1.5078607521294007        5.3721425980369704        13.886810343211026     
   1.3970549734323270        1.3209951878383897        1.2060030856332435        1.0809617036862418        1.4373625623975694        5.2508140740450431        13.612195736820784     
   1.2704119720003235        1.1995644471351581        1.0943960100051751       0.99244910973359002        1.3632583549936008        5.1276678620716556        13.338228042217260     
   1.1349894050051135        1.0694606797042630       0.97410509996499262       0.89533716983796152        1.2843165481268666        5.0025052365517721        13.065133132679124     
  0.98912331668025644       0.92874997221251077       0.84304701247218650       0.78714893985645273        1.1982640385512295        4.8754967587932132        12.793515977924361     
  0.83074181506732148       0.77549190061349282       0.69868887747491704       0.66504214828924535        1.1027113531089894        4.7462924729797598        12.525287334668631     
  0.65702661558533959       0.60680483541338459       0.53771351049992377       0.52555359167970039       0.99509438261096483        4.6147685492091997        12.261481205560395     
  0.46384358884798615       0.41844255397389518       0.35575597027126510       0.36411394618360893       0.87254941838675293        4.4803247414802554        12.004749067309403     
  0.24525104481633164       0.20407736237023266       0.14662592981161590       0.17389561608962900       0.73064686394128231        4.3425687686699410        11.758090818979019     
  -8.6058774862760486E-003  -4.6307242633366212E-002  -9.9390471005775360E-002  -5.4322232513029228E-002  0.56182054315679053        4.2007501391080257        11.524495169752356     
 -0.31606361274158123      -0.35009948837245003      -0.39789773701386966      -0.33403259925740031       0.35676056787130428        4.0552881143787651        11.308072274327808     
 -0.26778697891143888      -0.30079043565505054      -0.34740374131591206      -0.28605836972489268       0.38730506366326239        3.9915262942700966        11.113501666114482     
 -0.22426682528693787      -0.25557330272277407      -0.29996531051884268      -0.24052467411417441       0.41733767574325675        3.9270429333822112        10.917348929701186     
 -0.18563755761339837      -0.21452771997664474      -0.25587207861542383      -0.19752194919549376       0.44696520860986605        3.8617830748333590        10.719547272285087     
 -0.15188211149696532      -0.17774908242009169      -0.21514187028616319      -0.15712286937984107       0.47615168636355110        3.7956669612224831        10.519792333573434     
 -0.12281271332299377      -0.14526116902955585      -0.17791061341344713      -0.11940310255112745       0.50479316070001856        3.7286246841012312        10.318046996582904     
  -9.8111772481293963E-002 -0.11697474618162078      -0.14429014680983798       -8.4460298957283117E-002  0.53274462220242302        3.6606256585982164        10.114293974333890     
  -7.7391215759720716E-002  -9.2706373220777752E-002 -0.11436919875343236       -5.2400565688899801E-002  0.55986542652160864        3.5916608992915835        9.9088033941135620     
  -6.0224649595654926E-002  -7.2200026764411271E-002  -8.8131623475625129E-002  -2.3344774011290630E-002  0.58599648387177627        3.5217038134534970        9.7016715885279829     
  -4.6170655612051539E-002  -5.5142636844708742E-002  -6.5525384358945546E-002   2.5652556622371638E-003  0.61080523585899427        3.4507017673273546        9.4930813537056640     
  -3.4801743030506205E-002  -4.1189652068659675E-002  -4.6430728557618567E-002   2.5198031485668754E-002  0.63375153506111459        3.3786827899293983        9.2831357456271206     
  -2.5716673182660462E-002  -2.9972984610832944E-002  -3.0669863193394244E-002   4.4475123945574437E-002  0.65437650142376746        3.3055716554743753        9.0721397020736454     
  -1.8554570354083984E-002  -2.1123964682622100E-002  -1.8028295585345036E-002   6.0436914217933249E-002  0.67217098111921603        3.2316187877062736        8.8604317173098135     
  -1.2998127654583384E-002  -1.4287421371655092E-002  -8.2470530177575826E-003   7.3152087208997102E-002  0.68668094485951781        3.1575001372693379        8.6483344232205184     
  -8.7735634133656454E-003  -9.1316396437890520E-003  -1.0141180828008886E-003   8.2594555861237942E-002  0.69745260651403596        3.0832957351585319        8.4361553664328195     
  -5.6417600719240804E-003  -5.3557408118294790E-003   4.0130502078687940E-003   8.9126627614117007E-002  0.70419917703088597        3.0090386953510091        8.2240502642364728     
  -3.3926164234248332E-003  -2.6915692136438422E-003   7.1917081173968724E-003   9.2712696161809063E-002  0.70666901001121829        2.9350094703290441        8.0124397071953659     
  -1.8436689118524186E-003  -9.0625024590634340E-004   8.8794837874709934E-003   9.3132917686408856E-002  0.70436806804116803        2.8614546228972726        7.8012420679886620     
  -8.3474735572684484E-004   2.0426809232110434E-004   9.4197875321633817E-003   9.0553030319211816E-002  0.69612576170624108        2.7886422353639273        7.5903691799992901     
  -2.2641956082311665E-004   8.1418709463939979E-004   9.1289725345925776E-003   8.5365491066097143E-002  0.68132434767047867        2.7168778440704640        7.3796291317904759     
   1.0044565359778723E-004   1.0696912077390029E-003   8.2858417540320334E-003   7.8182729086787625E-002  0.65979660731005985        2.6465024822804915        7.1687108184434187     
   2.4401271225008600E-004   1.0937182830993758E-003   7.1297142508810109E-003   6.9607034398880774E-002  0.63155781082389983        2.5778088739940763        6.9570728081738338     
   2.7941414373258602E-004   9.8412358148551420E-004   5.8494553633152008E-003   6.0106778018225983E-002  0.59693093251716189        2.5111411742878174        6.7444186776383397     
   2.6206430546527184E-004   8.1554371410827897E-004   4.5906206816073471E-003   5.0274376734405171E-002  0.55651228149565557        2.4467710770175954        6.5299570661360935     
   2.2746195033689781E-004   6.4124433240620457E-004   3.4522627112237095E-003   4.0648750068869435E-002  0.51111738820637387        2.3847517304729964        6.3127581749519681     
   1.9455687220210503E-004   4.9284189394056637E-004   2.4967431171470053E-003   3.1695939522747685E-002  0.46130443064504645        2.3251072578193854        6.0914563272791069     
   1.7055361260674430E-004   3.8313030666631455E-004   1.7521272604670525E-003   2.3789874920837114E-002  0.40769368730117445        2.2679865190891726        5.8642852085631691     
   1.5603767702200029E-004   3.1185637089328408E-004   1.2133894238508087E-003   1.7162559145750808E-002  0.35173331712530137        2.2124210075011823        5.6287759841076994     
   1.4864614548066359E-004   2.7144096668402722E-004   8.5562184100197627E-004   1.1924630588671077E-002  0.29540056854872776        2.1562382662234079        5.3817465551839199     
   1.4553936327902557E-004   2.5161781223421320E-004   6.3915466906585986E-004   8.0297600683677754E-003  0.24092632232904276        2.0976666835302709        5.1190384128421496     
   1.4453577619590388E-004   2.4361372443672130E-004   5.2225487764362085E-004   5.3249649005922464E-003  0.19050279961656744        2.0342518658152779        4.8351978425886175     
   1.4433593295704435E-004   2.4119758486327447E-004   4.6667371063823507E-004   3.5801002922771284E-003  0.14610902208497517        1.9622174851326735        4.5231156747971930     
   1.4436166789905033E-004   2.4080067691557237E-004   4.4383267228753729E-004   2.5407868345322625E-003  0.10906254215591796        1.8758593217166786        4.1733857665430065     
   1.4439916580016532E-004   2.4082748945104086E-004   4.3457288784820586E-004   1.9577254864515266E-003   7.9694559974815324E-002   1.7654493814538126        3.7739266548155852     
   1.4440002700067157E-004   2.4067664588500355E-004   4.2833414371032700E-004   1.6183053262289083E-003   5.7085836678575974E-002   1.6152776925080456        3.3090579149323838     
   1.4437249838801598E-004   2.4031507784960532E-004   4.2092466913864161E-004   1.3698764975139627E-003   3.9762283394533825E-002   1.3888787806604934        2.7617996157988673     
   1.4432482631177994E-004   2.3984999177195123E-004   4.1230339406260442E-004   1.1369729145155403E-003   2.5972633837724714E-002   1.0636605336481537        2.1140649045916060     
