  0.60849070007937056       0.61736340489196762       0.63018769696638588       0.65600625170033688       0.74429281491388377        1.0470111789187662        2.0500633856676358     
  0.62459313124702054       0.63333367786480721       0.64638602065672157       0.67333347528245913       0.76527339508219205        1.0847516742885481        2.1650088910047978     
  0.64075837653434875       0.64913591252097036       0.66224987893666043       0.69030002414560565       0.78621205198945709        1.1226188404885169        2.2841793358634104     
  0.65693695043956779       0.66486657167852214       0.67792715607615306       0.70698276343972399       0.80627826603109787        1.1606100123232763        2.4082703533415888     
  0.67307460691732879       0.68051894533484159       0.69343135026122882       0.72349995622983498       0.82617790471885355        1.1987405874297106        2.5378800982777507     
  0.68910553819038167       0.69606289362440898       0.70877370149888186       0.73978310432185157       0.84623116043405233        1.2368943800984060        2.6722139162198797     
  0.70496370133950337       0.71145187647199815       0.72392461906539207       0.75581513363909525       0.86603904686397304        1.2748512394152813        2.8117606458392475     
  0.72060877836246007       0.72661893212899664       0.73888279970172932       0.77164640458258638       0.88557885681514115        1.3132834959828132        2.9567104338170238     
  0.73597203603092420       0.74152997033738988       0.75360632619594936       0.78715644234931059       0.90473875614425081        1.3515755838813508        3.1081179073961778     
  0.75100209546857621       0.75614093990473674       0.76792942847717660       0.80228956004163776       0.92358231348779818        1.3903635796331819        3.2653387109249770     
  0.76563403790843254       0.77038577147951692       0.78190650047050003       0.81707092973244067       0.94209309854314216        1.4289875421683849        3.4302923338937146     
  0.77983239283645323       0.78423750738694042       0.79551219796433725       0.83149081775455402       0.96026189900487036        1.4707699428987608        3.6007129768093580     
  0.79355772102445044       0.79765041670627534       0.80872326428851982       0.84553696075671314       0.97809315825657739        1.5067569943022241        3.7780415941983558     
  0.80677099911800487       0.81062933700398943       0.82151645628944325       0.85919245333356098       0.99558629461271508        1.5468539344596193        3.9625266768275771     
  0.81948866478906757       0.82311442827159698       0.83387780714258930       0.87245847391638576        1.0127562614897150        1.5854638147880373        4.1558216128604482     
  0.83159734194167900       0.83503867414278954       0.84578912632797487       0.88530224736692653        1.0295399080906125        1.6275559748530866        4.3559893614078637     
  0.84311983331779949       0.84640834393909681       0.85724744990987733       0.89771370526005712        1.0459732394598038        1.6642788720128794        4.5661273051019666     
  0.85404875222974797       0.85721232802915737       0.86824331398194021       0.90969484422464852        1.0620430346045946        1.7056086160862509        4.7836174950088228     
  0.86436205230659613       0.86745943430921957       0.87879962671254619       0.92121871537709143        1.0777482255550643        1.7437895102591743        5.0101087874683445     
  0.87400383917013869       0.87714069127510919       0.88884983023696584       0.93227858504089756        1.0930637908403256        1.7849808175615682        5.2471567422055285     
  0.88301756509092044       0.88625053439332779       0.89837206362420119       0.94287401206037957        1.1079814177788765        1.8237170937953391        5.4909641413066064     
  0.89140090541742623       0.89478424235307730       0.90736920435066204       0.95299149627105584        1.1224901306639923        1.8648666890425287        5.7456760998136609     
  0.89915005516544633       0.90273489934222173       0.91584073765219509       0.96262051039189922        1.1365763458838551        1.9037384519038956        6.0110956781413591     
  0.90628004668096684       0.91010396234239266       0.92379011419166501       0.97175473241697141        1.1502363829503190        1.9449473819923055        6.2868422227713898     
  0.91279170162797196       0.91689553269212865       0.93120388046580593       0.98039021199484278        1.1634552176285127        1.9842078553397480        6.5745332047902583     
  0.91867628070159024       0.92311177164197800       0.93807321752589523       0.98851834034136699        1.1762246792099047        2.0251538117546795        6.8726113332604344     
  0.92394112557956298       0.92875171497395637       0.94438674118369592       0.99613031370182425        1.1885409616521463        2.0648299954549190        7.1819883083150531     
  0.92858688969617420       0.93381689403395018       0.95014375417608077        1.0032179006453588        1.2003774312683044        2.1060517171805868        7.5036487888296968     
  0.93262164032980888       0.93831069970264147       0.95534700881059043        1.0097679543218083        1.2117510443028479        2.1458410838454212        7.8351774575140665     
  0.93605895889293123       0.94222933763053185       0.96000614746759050        1.0157796676456003        1.2225997053983251        2.1872178568146912        8.1805499271852113     
  0.93889925959163389       0.94556401861548789       0.96411525178997914        1.0212423577998584        1.2329896903814628        2.2265577188642953        8.5369848360375364     
  0.94114121271600171       0.94830686050354474       0.96764853789983429        1.0261352222015965        1.2427938123419582        2.2683929682456436        8.9055353906202672     
  0.94279562126416772       0.95044549079977958       0.97056799055575704        1.0304494606199415        1.2521559675684835        2.3060865404297015        9.2865009917755419     
  0.94382226995479068       0.95195469298543911       0.97285472024491659        1.0341377122397670        1.2608276647888803        2.3476289842653411        9.6786259267854788     
  0.94418111898656232       0.95283484403005014       0.97447999071669611        1.0371556269043025        1.2688862927038844        2.3848089539017305        10.082080072961649     
  0.94384478403664629       0.95302740954380560       0.97541240083372904        1.0394708274822984        1.2763346238938356        2.4255036002878341        10.498590062044759     
  0.94277262623983671       0.95243385702380379       0.97556472073466005        1.0410483247028144        1.2831771448000782        2.4619751095962981        10.924607395079681     
  0.94093618231798004       0.95110879767708378       0.97492106531555822        1.0418459987226820        1.2893002143743963        2.5017253523061220        11.361798227369500     
  0.93819446191919542       0.94884974156516355       0.97340124743598200        1.0417943631855369        1.2946655154365692        2.5367233549009827        11.807823945279660     
  0.93443788035289499       0.94554505467448613       0.97087629462106317        1.0408380368798158        1.2991402343908047        2.5756268422522610        12.261017333567782     
  0.92949386697179504       0.94105338219495815       0.96718462910690017        1.0387718837612356        1.3027888635057143        2.6093205722466943        12.722725330495296     
  0.92308758394499324       0.93515135129512783       0.96210820686901077        1.0356037097580724        1.3055015814839577        2.6490382816454723        13.192685911836662     
  0.91482093587787539       0.92748708984738870       0.95559540704848556        1.0310458058331746        1.3071434216168913        2.6831748906941022        13.669639402787725     
  0.90413577467870565       0.91766520987386435       0.94717042150731912        1.0248748440144095        1.3076850565072358        2.7270837072630338        14.152420133794294     
  0.65774591388545001       0.67093740012933001       0.69963098619628894       0.77848626808549648        1.0919574706529023        2.6495866069050256        14.631299339251832     
  0.64448334376085525       0.65891911057124353       0.68974931730782707       0.77219905512844200        1.0924052451465522        2.6873452020925055        15.102680652977332     
  0.63156245478126993       0.64710511570013840       0.67988774967659149       0.76558835968578798        1.0921569854739588        2.7237713771814094        15.576100135409996     
  0.61908107839847437       0.63555736623228742       0.67000093125105509       0.75869628211728735        1.0912120977672746        2.7587236016040557        16.050602700287257     
  0.60711969832123591       0.62431937521333047       0.66016380503348693       0.75155817268317937        1.0896198973828848        2.7921777362919324        16.526141013560473     
  0.59587262364920135       0.61346684414166142       0.65044006134952526       0.74423267759810641        1.0874119850047554        2.8242167980179076        17.002159108835915     
  0.58544583876226075       0.60308763736963777       0.64087566635091986       0.73675421799266050        1.0846548177252830        2.8549133380444447        17.479883429585204     
  0.57582549635421987       0.59320313991853579       0.63143396183599387       0.72907442518565635        1.0812480193117326        2.8838404665789734        17.954813455181863     
  0.56695485008900781       0.58383337715231742       0.62210989555598828       0.72115379591476425        1.0771381699701141        2.9105284888069103        18.425983843832761     
  0.55875425427025627       0.57499813431672031       0.61291199443087818       0.71298066913451963        1.0723063961538117        2.9349596451563889        18.889893521299179     
  0.55116800277296596       0.56669977482617440       0.60386347430047815       0.70454758724896493        1.0666750162049894        2.9568024560351804        19.345432578143711     
  0.54417350251972718       0.55891850603229509       0.59496366346725582       0.69581043899485973        1.0601639367050955        2.9756799037523987        19.788359099636146     
  0.53778354981177934       0.55163336439105159       0.58622661321997172       0.68674957815098225        1.0526234352129971        2.9910177384110472        20.215753028024110     
  0.53203695872094292       0.54484117408768973       0.57768158433002836       0.67733201863952641        1.0439068846130932        3.0024127848087088        20.620436640413367     
  0.52698687251734577       0.53856164635266590       0.56937589759890017       0.66740798160453130        1.0338296564766656        3.0089861405851468        20.999209460523407     
  0.52267843632076483       0.53284131990948225       0.56133716782544663       0.65702570256672932        1.0222862299734434        3.0101938652784508        21.344229550248205     
  0.51911859704630692       0.52774258335009550       0.55361384976598904       0.64611645408686080        1.0091930523616142        3.0051667605601451        21.650429164704189     
  0.51627126904253695       0.52332359885555313       0.54628003300281847       0.63462908052364086       0.99450184233312455        2.9933001494661928        21.908059549215039     
  0.51406650375195606       0.51961648029970597       0.53943283039403034       0.62257730052628957       0.97792054097763670        2.9739596408147100        22.111862788799694     
  0.51241045336957203       0.51661752999852262       0.53318110965566679       0.61007823386515503       0.95929990709973734        2.9464793387117556        22.252291393817647     
  0.51120647108838835       0.51427918466229627       0.52763406599571194       0.59732403632027464       0.93858975079747942        2.9103467004217141        22.323000749046766     
  0.51036274397599024       0.51252355295400409       0.52288471605677989       0.58453314325591677       0.91574189226439429        2.8651263941414231        22.317570391038075     
  0.50980037424190905       0.51125614012800513       0.51897772484069948       0.57206293869855140       0.89077444679970375        2.8102222115741204        22.228979606043261     
  0.50944800355962938       0.51038045969209045       0.51590082913707980       0.56022536690386393       0.86368945226339255        2.7452128657484547        22.048911574307176     
  0.50924378287265792       0.50980778396337001       0.51358947813096179       0.54932737452280955       0.83452578620003681        2.6697262906883008        21.768991327584786     
  0.50913604307565330       0.50945630175187417       0.51193539247738407       0.53966176800737886       0.80335764588001535        2.5835593843973745        21.386179971635290     
  0.50908493270098698       0.50925717070169707       0.51081312268090073       0.53145494198253540       0.77031156989268756        2.4868292825207603        20.896054104703722     
  0.50906308556699553       0.50915360818707600       0.51009354170940946       0.52481690914089218       0.73579481244571976        2.3798936558559873        20.295732898877365     
  0.50905444567826885       0.50910376763167275       0.50965967155716974       0.51973850112359499       0.70055551048267284        2.2633642407502474        19.586307397390289     
  0.50905099133758447       0.50908060077838069       0.50941236766324205       0.51606738396835827       0.66571921526083222        2.1380266964397712        18.770678846284810     
  0.50904937259451821       0.50906920744269324       0.50927614342771144       0.51356027881958743       0.63266405840858964        2.0052090463675323        17.855214160620694     
  0.50904840677905017       0.50906268588246628       0.50919968156759676       0.51193571586162023       0.60275541402342558        1.8664995053257003        16.848075381749148     
  0.50904773978827245       0.50905832438100951       0.50915333378431082       0.51092388759677854       0.57722092161034533        1.7243716310899562        15.770765176226563     
  0.50904726480367612       0.50905519055593307       0.50912222897446713       0.51029964884196033       0.55673225281918748        1.5818727932623804        14.644155481819396     
  0.50904693525061095       0.50905293113613903       0.50909992769522616       0.50990374635543401       0.54129912952719983        1.4408710037393031        13.492735631247244     
  0.50904671786133082       0.50905136110283211       0.50908378711540114       0.50963886219362520       0.53043048024768658        1.3057957312272621        12.349005721794894     
  0.50913960562874849       0.50914334338261558       0.50916541752854050       0.50954660856569356       0.52327948258010881        1.1802606297193337        11.248554970072972     
