   1.1277234346659719E-004   1.0655666542114441E-003   4.1687228104967146E-003   6.5604178601869683E-003   4.1687228104967103E-003   1.0655666542114415E-003   1.1277234346659642E-004
   1.1267232542393168E-004   1.0646216007718498E-003   4.1650255609485889E-003   6.5545994109708150E-003   4.1650255609485933E-003   1.0646216007718487E-003   1.1267232542393026E-004
   1.1256830665955853E-004   1.0636387451946755E-003   4.1611804214185264E-003   6.5485482237860179E-003   4.1611804214185628E-003   1.0636387451946675E-003   1.1256830665955782E-004
   1.1246028717347982E-004   1.0626180874799061E-003   4.1571873919065633E-003   6.5422642986326116E-003   4.1571873919065711E-003   1.0626180874799063E-003   1.1246028717347867E-004
   1.1235169615572810E-004   1.0615920294597806E-003   4.1531732352543312E-003   6.5359471251979348E-003   4.1531732352543434E-003   1.0615920294597746E-003   1.1235169615572692E-004
   1.1224424820132151E-004   1.0605767720503843E-003   4.1492013328826485E-003   6.5296964483257582E-003   4.1492013328826398E-003   1.0605767720503862E-003   1.1224424820132022E-004
   1.1213737177858695E-004   1.0595669149463618E-003   4.1452505576512338E-003   6.5234790197347672E-003   4.1452505576512330E-003   1.0595669149463590E-003   1.1213737177858611E-004
   1.1203106688752485E-004   1.0585624581477117E-003   4.1413209095600605E-003   6.5172948394250120E-003   4.1413209095600744E-003   1.0585624581477037E-003   1.1203106688752439E-004
   1.1192304740144566E-004   1.0575418004329412E-003   4.1373278800480992E-003   6.5110109142715840E-003   4.1373278800481148E-003   1.0575418004329427E-003   1.1192304740144458E-004
   1.1181102719366047E-004   1.0564833405805984E-003   4.1331869605542157E-003   6.5044942511494931E-003   4.1331869605542165E-003   1.0564833405806004E-003   1.1181102719365932E-004
   1.1169386320082305E-004   1.0553762779799334E-003   4.1288558967978485E-003   6.4976783534963214E-003   4.1288558967978381E-003   1.0553762779799338E-003   1.1169386320082193E-004
   1.1156926929624516E-004   1.0541990114094710E-003   4.1242501802178904E-003   6.4904302281870233E-003   4.1242501802178956E-003   1.0541990114094658E-003   1.1156926929624426E-004
   1.1143838854327110E-004   1.0529623414799415E-003   4.1194120650949306E-003   6.4828163717842299E-003   4.1194120650949358E-003   1.0529623414799385E-003   1.1143838854327007E-004
   1.1129950634688373E-004   1.0516500672752473E-003   4.1142781700080943E-003   6.4747370394440777E-003   4.1142781700081151E-003   1.0516500672752495E-003   1.1129950634688256E-004
   1.1115262270708304E-004   1.0502621887953844E-003   4.1088484949574318E-003   6.4661922311666769E-003   4.1088484949574466E-003   1.0502621887953849E-003   1.1115262270708207E-004
   1.1099773762386917E-004   1.0487987060403578E-003   4.1031230399429111E-003   6.4571819469519216E-003   4.1031230399429224E-003   1.0487987060403554E-003   1.1099773762386788E-004
   1.1083370803389692E-004   1.0472488183994205E-003   4.0970595506839994E-003   6.4476396902374816E-003   4.0970595506840089E-003   1.0472488183994205E-003   1.1083370803389618E-004
   1.1065939087382190E-004   1.0456017252618505E-003   4.0906157729001403E-003   6.4374989644607602E-003   4.0906157729001490E-003   1.0456017252618397E-003   1.1065939087382120E-004
   1.1047364308029955E-004   1.0438466260168841E-003   4.0837494523107915E-003   6.4266932730593493E-003   4.0837494523107767E-003   1.0438466260168800E-003   1.1047364308029913E-004
   1.1027417852664049E-004   1.0419619194430632E-003   4.0763760803548240E-003   6.4150896229083400E-003   4.0763760803547979E-003   1.0419619194430572E-003   1.1027417852663966E-004
   1.1006042568117161E-004   1.0399422052350124E-003   4.0684745298919731E-003   6.4026547657263719E-003   4.0684745298919670E-003   1.0399422052350146E-003   1.1006042568117043E-004
   1.0983066994887662E-004   1.0377712824766344E-003   4.0599814195014265E-003   6.3892889566698500E-003   4.0599814195014256E-003   1.0377712824766302E-003   1.0983066994887579E-004
   1.0958319673473778E-004   1.0354329502518089E-003   4.0508333677623650E-003   6.3748924508950661E-003   4.0508333677623694E-003   1.0354329502518060E-003   1.0958319673473687E-004
   1.0931743450708325E-004   1.0329218082551716E-003   4.0410092475344815E-003   6.3594320001207263E-003   4.0410092475345076E-003   1.0329218082551657E-003   1.0931743450708165E-004
   1.0903338326591186E-004   1.0302378564867271E-003   4.0305090588178463E-003   6.3429076043468712E-003   4.0305090588178471E-003   1.0302378564867188E-003   1.0903338326591066E-004
   1.0872989994787983E-004   1.0273702943357217E-003   4.0192905473318283E-003   6.3252527670110319E-003   4.0192905473318214E-003   1.0273702943357243E-003   1.0872989994787887E-004
   1.0840412689462544E-004   1.0242921202753307E-003   4.0072480773751060E-003   6.3063012467070153E-003   4.0072480773750922E-003   1.0242921202753322E-003   1.0840412689462453E-004
   1.0805377797945876E-004   1.0209817330840681E-003   3.9942971403865487E-003   6.2859200503099051E-003   3.9942971403865452E-003   1.0209817330840644E-003   1.0805377797945804E-004
   1.0767771013903532E-004   1.0174283321511901E-003   3.9803954820856191E-003   6.2640426812571965E-003   3.9803954820856018E-003   1.0174283321511949E-003   1.0767771013903432E-004
   1.0727592337335437E-004   1.0136319174767095E-003   3.9655431024722904E-003   6.2406691395489114E-003   3.9655431024722939E-003   1.0136319174767045E-003   1.0727592337335405E-004
   1.0684441696071054E-004   1.0095546869230288E-003   3.9495921115646907E-003   6.2155666872164205E-003   3.9495921115646829E-003   1.0095546869230310E-003   1.0684441696070978E-004
   1.0638090477441386E-004   1.0051750392686837E-003   3.9324580008017014E-003   6.1886023311347052E-003   3.9324580008016901E-003   1.0051750392686793E-003   1.0638090477441265E-004
   1.0588081456108397E-004   1.0004497720707084E-003   3.9139717530610922E-003   6.1595100850540254E-003   3.9139717530610862E-003   1.0004497720707082E-003   1.0588081456108323E-004
   1.0534071713068859E-004   9.9534648349689685E-004   3.8940066055012487E-003   6.1280904592868482E-003   3.8940066055012370E-003   9.9534648349689815E-004   1.0534071713068749E-004
   1.0475604022984751E-004   9.8982197110430059E-004   3.8723935409999501E-003   6.0940774675833269E-003   3.8723935409999380E-003   9.8982197110429626E-004   1.0475604022984636E-004
   1.0412221160518233E-004   9.8383303244995780E-004   3.8489635424349866E-003   6.0572051236935784E-003   3.8489635424349910E-003   9.8383303244995151E-004   1.0412221160518164E-004
   1.0343351593996881E-004   9.7732566448017750E-004   3.8235053384036528E-003   6.0171409448052703E-003   3.8235053384036563E-003   9.7732566448017555E-004   1.0343351593996802E-004
   1.0268423791748371E-004   9.7024586414127265E-004   3.7958076575031678E-003   5.9735524481060532E-003   3.7958076575031630E-003   9.7024586414126940E-004   1.0268423791748294E-004
   1.0186866222100281E-004   9.6253962837955097E-004   3.7656592283307872E-003   5.9261071507835557E-003   3.7656592283307781E-003   9.6253962837955097E-004   1.0186866222100197E-004
   1.0098335966049201E-004   9.5417455536279884E-004   3.7329332880448505E-003   5.8746055631503473E-003   3.7329332880448557E-003   9.5417455536279635E-004   1.0098335966049102E-004
   1.0002318645090027E-004   9.4510204234269485E-004   3.6974396923828883E-003   5.8187484506753793E-003   3.6974396923828835E-003   9.4510204234269431E-004   1.0002318645089915E-004
   9.8981855743830092E-005   9.3526268596017448E-004   3.6589460428018924E-003   5.7581700822650151E-003   3.6589460428018811E-003   9.3526268596017545E-004   9.8981855743829713E-005
   9.7854223754231481E-005   9.2460788346691901E-004   3.6172621950393627E-003   5.6925712233881522E-003   3.6172621950393571E-003   9.2460788346691804E-004   9.7854223754231074E-005
   9.6625430658622469E-005   9.1299722692333139E-004   3.5718388434481667E-003   5.6210874187326530E-003   3.5718388434481645E-003   9.1299722692332879E-004   9.6625430658621724E-005
   9.5282331228538927E-005   9.0030650930592190E-004   3.5221900638019738E-003   5.5429539578301414E-003   3.5221900638019756E-003   9.0030650930592168E-004   9.5282331228537843E-005
   9.3815209425548567E-005   8.8644392542341422E-004   3.4679566947161283E-003   5.4576056198996185E-003   3.4679566947161174E-003   8.8644392542341075E-004   9.3815209425547822E-005
   9.2212634616205592E-005   8.7130146916842470E-004   3.4087161933850896E-003   5.3643774393163637E-003   3.4087161933851022E-003   8.7130146916842665E-004   9.2212634616204697E-005
   9.0475749863854092E-005   8.5488994115169830E-004   3.3445108140894462E-003   5.2633359126428589E-003   3.3445108140894597E-003   8.5488994115169819E-004   9.0475749863853455E-005
   8.8614842738596940E-005   8.3730654686987578E-004   3.2757208453541354E-003   5.1550795089413508E-003   3.2757208453541341E-003   8.3730654686987231E-004   8.8614842738596276E-005
   8.6646487658932858E-005   8.1870789517865690E-004   3.2029589742471202E-003   5.0405724283676323E-003   3.2029589742471323E-003   8.1870789517865929E-004   8.6646487658932343E-005
   8.4580972194965164E-005   7.9919119157469164E-004   3.1266054892933664E-003   4.9204131399839292E-003   3.1266054892933755E-003   7.9919119157468991E-004   8.4580972194964527E-005
   8.2408580308263100E-005   7.7866463086670055E-004   3.0463012291081929E-003   4.7940364230092897E-003   3.0463012291081942E-003   7.7866463086670250E-004   8.2408580308261948E-005
   8.0117309833706304E-005   7.5701480664193660E-004   2.9616025237458226E-003   4.6607440635377242E-003   2.9616025237458243E-003   7.5701480664193768E-004   8.0117309833705721E-005
   7.7705446176278733E-005   7.3422551798428960E-004   2.8724459917854306E-003   4.5204363167255721E-003   2.8724459917854345E-003   7.3422551798428743E-004   7.7705446176277920E-005
   7.5174703930996496E-005   7.1031296580986638E-004   2.7788950146478528E-003   4.3732129274164982E-003   2.7788950146478615E-003   7.1031296580986844E-004   7.5174703930995764E-005
   7.2520510844481059E-005   6.8523394767571713E-004   2.6807805752108648E-003   4.2188079093606586E-003   2.6807805752108714E-003   6.8523394767571865E-004   7.2520510844480612E-005
   6.9733722409974280E-005   6.5890205869593369E-004   2.5777646392301052E-003   4.0566892900582557E-003   2.5777646392301061E-003   6.5890205869593337E-004   6.9733722409973657E-005
   6.6805194120718220E-005   6.3123089398460942E-004   2.4695091724611373E-003   3.8863250970095479E-003   2.4695091724611321E-003   6.3123089398461191E-004   6.6805194120717813E-005
   6.3729210659988937E-005   6.0216645048805778E-004   2.3558029035012275E-003   3.7073828474021883E-003   2.3558029035012241E-003   6.0216645048805540E-004   6.3729210659988449E-005
   6.0502914369425002E-005   5.7168172667942756E-004   2.2365401966489909E-003   3.5196962998299904E-003   2.2365401966490048E-003   5.7168172667942691E-004   6.0502914369424412E-005
   5.7128591375715595E-005   5.3979832378019815E-004   2.1118055604655620E-003   3.3233984474178974E-003   2.1118055604655525E-003   5.3979832378019804E-004   5.7128591375714992E-005
   5.3613100058929170E-005   5.0658104545479833E-004   1.9818525206341899E-003   3.1188882695407480E-003   1.9818525206341925E-003   5.0658104545479973E-004   5.3613100058928526E-005
   4.9971300242547512E-005   4.7217029964282428E-004   1.8472303828020579E-003   2.9070302215106142E-003   1.8472303828020633E-003   4.7217029964282444E-004   4.9971300242546963E-005
   4.6226624725138145E-005   4.3678749886441181E-004   1.7088053597204324E-003   2.6891874828581801E-003   1.7088053597204295E-003   4.3678749886440986E-004   4.6226624725137636E-005
   4.2409936217009259E-005   4.0072425960949003E-004   1.5677183169641568E-003   2.4671554607701043E-003   1.5677183169641566E-003   4.0072425960948949E-004   4.2409936217008710E-005
   3.8556669681848443E-005   3.6431540081094616E-004   1.4252791372302823E-003   2.2429955486829955E-003   1.4252791372302788E-003   3.6431540081094475E-004   3.8556669681848063E-005
   3.4703974678359889E-005   3.2791194231777146E-004   1.2828610846366841E-003   2.0188688848771239E-003   1.2828610846366837E-003   3.2791194231777048E-004   3.4703974678359530E-005
   3.0893001486954918E-005   2.9190270611654124E-004   1.1419853132831580E-003   1.7971693456014003E-003   1.1419853132831571E-003   2.9190270611654059E-004   3.0893001486954647E-005
   2.7166614983061624E-005   2.5669271510993978E-004   1.0042363586903295E-003   1.5803905519484918E-003   1.0042363586903295E-003   2.5669271510993821E-004   2.7166614983061356E-005
   2.3570537700470127E-005   2.2271399372749421E-004   8.7130439208019507E-004   1.3711923664171777E-003   8.7130439208019485E-004   2.2271399372749366E-004   2.3570537700469785E-005
   2.0151635236315153E-005   1.9040936700947422E-004   7.4492183895530036E-004   1.1723011480687480E-003   7.4492183895530080E-004   1.9040936700947370E-004   2.0151635236314966E-005
   1.6953343997697578E-005   1.6018925816393100E-004   6.2669436197654684E-004   9.8624376627707059E-004   6.2669436197654717E-004   1.6018925816393089E-004   1.6953343997697361E-005
   1.4015099670011048E-005   1.3242628826133204E-004   5.1807973382290821E-004   8.1531435244737232E-004   5.1807973382290648E-004   1.3242628826133266E-004   1.4015099670010957E-005
   1.1367764963564145E-005   1.0741207379161165E-004   4.2021882006922876E-004   6.6130831376634092E-004   4.2021882006922914E-004   1.0741207379161173E-004   1.1367764963564060E-005
   9.0330580819070866E-006   8.5351826358794614E-005   3.3391445204596076E-004   5.2548908492091467E-004   3.3391445204596142E-004   8.5351826358794533E-005   9.0330580819069866E-006
   7.0206950634701752E-006   6.6337351154155896E-005   2.5952579113777804E-004   4.0842188669209270E-004   2.5952579113777761E-004   6.6337351154155692E-005   7.0206950634701286E-006
   5.3329620349430295E-006   5.0390249399171925E-005   1.9713734590578024E-004   3.1023971220481300E-004   1.9713734590578067E-004   5.0390249399171823E-005   5.3329620349429896E-006
   3.9572852995333592E-006   3.7391714375722573E-005   1.4628431926391877E-004   2.3021109927190252E-004   1.4628431926391868E-004   3.7391714375722499E-005   3.9572852995333160E-006
   2.8668028686394104E-006   2.7087931731459242E-005   1.0597373561926838E-004   1.6677337867531202E-004   1.0597373561926896E-004   2.7087931731459252E-005   2.8668028686393850E-006
   2.0289374369357872E-006   1.9171084060342993E-005   7.5001347976156986E-005   1.1803139838464078E-004   7.5001347976157094E-005   1.9171084060342925E-005   2.0289374369357635E-006
   1.4025387240113877E-006   1.3252349375797659E-005   5.1846002234785583E-005   8.1591282150960092E-005   5.1846002234785773E-005   1.3252349375797666E-005   1.4025387240113680E-006
