  0.98167283014513906       0.95948944391649604       0.93813316650463097       0.88285698368790422       0.90418828788912309       0.99872823164292346        1.0000000000000000     
  0.98354639080512496       0.96517984866299333       0.94173532021716089       0.88703152675070063       0.90440796390182454       0.99874497182644106       0.99999999999999833     
  0.98520367931592934       0.97090025514680478       0.94508328573159317       0.89074989128804127       0.90453604154190015       0.99876950743615933       0.99999999999999878     
  0.98669617517047892       0.97332042625824011       0.94818386196478410       0.89402831024294960       0.90461665656464674       0.99889277260697873       0.99999999999999978     
  0.98803220485698839       0.97548918025586140       0.95098935053755007       0.89686874903142821       0.90454914602774861       0.99889887154833246       0.99999999999999800     
  0.98922058091453258       0.97494217270624384       0.95202211894966593       0.89922433948452507       0.90436015434606021       0.99893123884072421       0.99999999999999944     
  0.98870537011955661       0.97678847970940097       0.95392083495190816       0.90034326462463432       0.90403320817522226       0.99896206585692782        1.0000000000000000     
  0.98976883081891209       0.97828029303767450       0.95452635990176482       0.90098219568289595       0.90653052789601085       0.99896243184442934       0.99999999999999911     
  0.99020860032702152       0.97924017637014260       0.95448381688847717       0.90098976071418335       0.90598330729361809       0.99899659350540593        1.0000000000000004     
  0.99048860292253083       0.97974026094208477       0.95448556499882042       0.90037349693702784       0.90513348416918482       0.99903592074422010       0.99999999999999889     
  0.99069294392549112       0.97979886879379618       0.95399563904703588       0.89907152719535421       0.90417325781303337       0.99914970438451922        1.0000000000000009     
  0.98985739514346582       0.97877157852558971       0.95317867807417078       0.89729361173195699       0.90284176692646501       0.99914860163035002        1.0000000000000002     
  0.98704052693511213       0.97746758474322371       0.94814598895822411       0.89446740375574940       0.90127514148660626       0.99914985478995944        1.0000000000000004     
  0.98598397637779589       0.97427433886286652       0.94401234180599536       0.89142696012799905       0.90312352990318556       0.99932039198859990       0.99999999999999956     
  0.98470976378988540       0.97102747017945235       0.94204007932752720       0.88769051998719117       0.90479807086987940       0.99931504948744465        1.0000000000000011     
  0.98229089453460094       0.96855559772676569       0.93842743626939551       0.88278610743355623       0.90231080133446673       0.99932404318861312       0.99999999999999856     
  0.97985667917724395       0.96648791747529583       0.93560717061304544       0.87730431013003707       0.90010031009156310       0.99931357155477507       0.99999999999999600     
  0.97444470956140150       0.96366509325304117       0.93192582470708563       0.87097567496961203       0.89679562894783360       0.99937498313246065       0.99999999999999967     
  0.97154964740249228       0.95928684557639810       0.92460546092171170       0.86451485383531079       0.89302242630047557       0.99937394983859018       0.99999999999999789     
  0.96916529199239387       0.95659497191006038       0.91977541871768798       0.85674015195006514       0.88878536773904482       0.99936736975981832        1.0000000000000020     
  0.96525127078787265       0.95249689159976358       0.91445397652066651       0.84849078570851044       0.88409889638175199       0.99936566556142525       0.99999999999999956     
  0.96232297317640303       0.94611294676882596       0.90863057403192671       0.83237611769323916       0.88262454640199783       0.99935971937531665        1.0000000000000016     
  0.95958306288366391       0.93874529258761175       0.88586421411894956       0.82361662281445303       0.87757576308915297       0.99937500734004914       0.99999999999999967     
  0.95296463377062357       0.93400093292006126       0.87811881197497799       0.81502973423817249       0.87216207597875084       0.99937005420326475       0.99999999999999833     
  0.94634876429568804       0.92947330787112936       0.87030437201544408       0.80531482958680489       0.86870057815349722       0.99946854843055422       0.99999999999999778     
  0.94275965701925413       0.90979573455220708       0.86049549358147304       0.79818113928527679       0.86290616383570762       0.99946325870124531       0.99999999999999878     
  0.92721534425243635       0.90158985979784823       0.85236456330277643       0.79024638213206111       0.85727822805012388       0.99957133918701313       0.99999999999999967     
  0.91956965861231432       0.89407380866175590       0.84612166757761587       0.78297594193229159       0.85456975362416798       0.99956897746613715       0.99999999999999833     
  0.91488575477911704       0.88890754002557759       0.84054502723145819       0.76974519865325985       0.84819767024566028       0.99956746629727777       0.99999999999999845     
  0.90592864940641160       0.86885917304859261       0.82427436444543944       0.76370593039092538       0.84264754116227358       0.99956559371122145        1.0000000000000004     
  0.89323204560162806       0.86331084492166177       0.80822999514749494       0.75828667463126953       0.83739891008493583       0.99956461606021130       0.99999999999999978     
  0.88857476542507063       0.85973399431545505       0.80353043473058516       0.75367111226293471       0.82995713852528408       0.99956354793134061        1.0000000000000000     
  0.88595910522075305       0.85638495006619220       0.80039823464010618       0.74954427215307351       0.81278011141420103       0.99957696626898418        1.0000000000000000     
  0.88031775296494663       0.85005595260420175       0.79249216510832943       0.74678514344117419       0.80218895184196970       0.99967488949432648        1.0000000000000000     
  0.85636486535685996       0.82712213676915192       0.79076243800212453       0.72765493194823050       0.79244443471132864       0.99967725217462355       0.99999999999999900     
  0.84821929950454411       0.82067142728656606       0.77268602705172929       0.72211316842431739       0.78995857851619722       0.99968015918798270       0.99999999999999867     
  0.84093072749000553       0.81987611753147427       0.76762932214766777       0.68799994919431373       0.76723577683741462       0.99968563710426084        1.0000000000000009     
  0.82823496498899785       0.79493647417487034       0.76543072232921383       0.68042972977035665       0.73693545878935129       0.99969000552580045       0.99999999999999845     
  0.82258691739858603       0.79254380637169908       0.76123490259171456       0.68331242573611639       0.72355947604674864       0.99969533630944207        1.0000000000000011     
  0.80399205000634810       0.79342394352465606       0.74470683124559589       0.68721531645336620       0.71905828764699986       0.99970132359867159       0.99999999999999911     
  0.80274835468210193       0.77126890005960114       0.73977284181433167       0.65437108263467758       0.72172386164786539       0.99975129640480853       0.99999999999999922     
  0.79003791743795815       0.77218235551865766       0.72295832722794151       0.63981263102051644       0.65107375037636883       0.99978608282035464       0.99999999999999811     
  0.77193259695450778       0.76461913702112294       0.70523810498557449       0.62641057394026078       0.64257874035371376       0.99979496983198846        1.0000000000000002     
  0.76195151134007655       0.74753295876391712       0.70101146847820794       0.61479223864542365       0.57438038631689070       0.99980267565271508       0.99999999999999989     
  0.74788591148498051       0.71535001614044036       0.71063656420136034       0.57629106920919038       0.45333207794159813       0.99981067579624772       0.99999999999999789     
  0.77257772286624493       0.73889821578430237       0.73068931480600341       0.59242280167258610       0.46298090376313650       0.99981897858879187        1.0000000000000016     
  0.79753825129637590       0.76226662899058617       0.75087541635612287       0.60915441657435743       0.56262858927824522       0.99982801850156311       0.99999999999999833     
  0.82242675520828057       0.78581377255232698       0.77124742360382659       0.62650182039143598       0.57315916561681124       0.99988177167649361       0.99999999999999900     
  0.84636605558582256       0.80924163967013707       0.79166667597144735       0.64448547513625387       0.58362809829808393       0.99989005862984770       0.99999999999999767     
  0.86875912553091972       0.83207297015917292       0.81190747516859207       0.66310565179302683       0.59512518457458830       0.99989871804894248        1.0000000000000000     
  0.88925843396367588       0.85388860190015858       0.83173786183674536       0.68235876586548838       0.60768844902074759       0.99990765969313888        1.0000000000000011     
  0.90766414763912717       0.87436613992580459       0.85093944419686363       0.70222478698751112       0.62135561844856380       0.99991678824979746        1.0000000000000011     
  0.92389151428076000       0.89326643430051900       0.86930994473087742       0.72265427721228348       0.63615289129675312       0.99992598843452263        1.0000000000000016     
  0.93797011378106698       0.91043112590569586       0.88667288167114744       0.74357141981382990       0.65209688960980716       0.99993933910968680       0.99999999999999967     
  0.95001838796716043       0.92577037253922490       0.90287087611962302       0.76485434483136894       0.66917802462982512       0.99996297741959861       0.99999999999999933     
  0.96022218832555273       0.93927658814100334       0.91778636777814482       0.78635599094773145       0.68737207330191086       0.99996914514236368       0.99999999999999867     
  0.96879083711466041       0.95100686601693007       0.93133056666607950       0.80789573172089468       0.70662966776201874       0.99997486941405878        1.0000000000000020     
  0.97592633782007165       0.96106488654924715       0.94313878300217957       0.82925868847640793       0.72686679330619630       0.99998006077469426        1.0000000000000013     
  0.98180799009647346       0.96958351640704687       0.95359857283952698       0.85020535917606010       0.74796432267826907       0.99998464724148739       0.99999999999999833     
  0.98658744403524012       0.97670264592165157       0.96222105022520110       0.87046400680472469       0.76975528567676865       0.99999325503738801       0.99999999999999889     
  0.99039772339602261       0.98256266481152499       0.96733955099235736       0.88975835099830247       0.79205690145153285       0.99999531956657484       0.99999999999999822     
  0.99335966193369196       0.98729813551655554       0.97475477536127764       0.90781987673299269       0.81460551247698076       0.99999689617177001       0.99999999999999922     
  0.99558992592257523       0.99103778335639225       0.98013938524719624       0.92440445448621367       0.83692832482799240       0.99999806136204861       0.99999999999999933     
  0.99720546043827241       0.99390742815995659       0.98428218237234433       0.93931418234837105       0.85893187589324449       0.99999887484224681        1.0000000000000007     
  0.99831985444555138       0.99603309490134473       0.98752887236653542       0.95240641704966245       0.88235539314011602       0.99999940441386570       0.99999999999999922     
  0.99905002698914613       0.99753958404937759       0.99137199600545312       0.96361146470738102       0.92041927155612790       0.99999972017118866        1.0000000000000004     
  0.99949525086841962       0.99855565249878575       0.99394532423144566       0.97293490323236698       0.93772031874622375       0.99999989316819127       0.99999999999999800     
  0.99975082827812800       0.99919746632086937       0.99610323439216530       0.98045434236680584       0.95338323757514354       0.99999998405574275        1.0000000000000007     
  0.99988573573399375       0.99957932457086285       0.99759104708603308       0.98631214215140961       0.96364667012997507       0.99999999549285734       0.99999999999999956     
  0.99995114426666165       0.99978997254739088       0.99856754105885881       0.99070246350666058       0.97229423171019302       0.99999999896229530       0.99999999999999800     
  0.99997997049775977       0.99989757794094247       0.99917545352919312       0.99385092494107774       0.98139537916076236       0.99999999981240606        1.0000000000000033     
  0.99999166271740214       0.99994904626997327       0.99952924402353072       0.99600980683978002       0.98672034558198307       0.99999999997604716        1.0000000000000031     
  0.99999620559573787       0.99997295684993881       0.99972607481162634       0.99742539664068408       0.99043407060833522       0.99999999999818123        1.0000000000000016     
  0.99999805339607251       0.99998447475118357       0.99983328411620942       0.99832575620827679       0.99322721253944213       0.99999999999994016       0.99999999999999989     
  0.99999892975846449       0.99999071613066215       0.99989511635199224       0.99889675210279461       0.99532307023697686       0.99999999999999512        1.0000000000000004     
  0.99999941827015082       0.99999453054698750       0.99993320923033946       0.99927072278526352       0.99691169936018864        1.0000000000000016       0.99999999999999944     
  0.99999970935389093       0.99999700807919389       0.99995954191772618       0.99953657631838688       0.99815711309855248       0.99999999999999956       0.99999999999999878     
  0.99999987713697325       0.99999859421717030       0.99997845155401055       0.99973761085539314       0.99949135036531966        1.0000000000000007        1.0000000000000018     
  0.99999996124217572       0.99999949587048287       0.99999094996572779       0.99992691817718971       0.99964702921249438        1.0000000000000013       0.99999999999999989     
  0.99999999334130396       0.99999989670576839       0.99999767925952843       0.99992503007878208       0.99961526265284484        1.0000000000000016       0.99999999999999600     
  0.99999999985804433       0.99999999684333418       0.99999988627392944       0.99999322059664231       0.99993105906979707        1.0000000000000009       0.99999999999999956     
