  0.58223391796126156       0.58753949030153585       0.59343012740777457       0.60017497976786982       0.61483439279963070       0.65625587996727797       0.73805738291653777     
  0.57788402174850839       0.58336325899703667       0.58984244996418589       0.59803458378390351       0.61579261909634087       0.66243404967290054       0.75058308106225868     
  0.57396786812654399       0.57939035042960119       0.58627743277534972       0.59578483984024411       0.61651205016387745       0.66825652022033200       0.76255496147601720     
  0.57047534585294124       0.57574858733650647       0.58290091523846888       0.59360301529206827       0.61715289941453888       0.67387876923340762       0.77412525502546803     
  0.56738707854903014       0.57245727624220299       0.57976826992810804       0.59155444958743053       0.61778928089685980       0.67936814065396467       0.78533807240481357     
  0.56467099142829313       0.56951221327118973       0.57690364939389438       0.58965720124339349       0.61845229366406440       0.68473828415179927       0.79626048882254863     
  0.56229040309878264       0.56689498061701626       0.57430913210343348       0.58792441754308145       0.61915254378738971       0.69000279837268508       0.80687559399189235     
  0.56022134170909166       0.56457994889670771       0.57198538231464990       0.58639381916706756       0.61992168805409287       0.69519568357245098       0.81723502692759864     
  0.55843196779542181       0.56254742218574671       0.56991906372139367       0.58502243136638044       0.62069577721219293       0.70034784521520443       0.82737444026277429     
  0.55689476411864058       0.56077484876376771       0.56805689991703290       0.58379626071609569       0.62153545333270255       0.70549511398463971       0.83730280511639132     
  0.55557993158671193       0.55923028135794772       0.56641122840332980       0.58273253259766478       0.62244673643102477       0.71066702413170946       0.84701698117427504     
  0.55446194754961153       0.55789788148748909       0.56497077291664277       0.58183222920040911       0.62343974107138689       0.71587703334304120       0.85650534581106763     
  0.55351866185214837       0.55675329812537122       0.56372569846954401       0.58109440631508169       0.62453030368302809       0.72114036811384807       0.86575554966190382     
  0.55272866444667357       0.55579033217361551       0.56266496163292723       0.58051573971715531       0.62573093868075214       0.72646898000800730       0.87474753861058174     
  0.55209254676969810       0.55499136813328820       0.56178127980530612       0.58010156671893509       0.62705926961918079       0.73187103495904260       0.88346332042798037     
  0.55156275132623900       0.55432988867405764       0.56106795055229508       0.57984407036413232       0.62850171242869834       0.73735240721821094       0.89188497428107671     
  0.55114457151341134       0.55379426151822908       0.56052398560982841       0.57974363080436297       0.63008281572990021       0.74291578515783774       0.89999524353672300     
  0.55082921773386340       0.55338180527265601       0.56014470751399592       0.57980372894409171       0.63180829090161139       0.74856264210166801       0.90777745190501302     
  0.55060944531888589       0.55309429313373548       0.55993729628894984       0.58001980148622601       0.63368980525383412       0.75429301932228232       0.91521782221579540     
  0.55046907852599791       0.55292681873182603       0.55987663358793116       0.58039156804792325       0.63572016318570601       0.76010477164199108       0.92230447139397087     
  0.55041765425598410       0.55287715272878868       0.55995437104503676       0.58092292760676589       0.63790546065211506       0.76599784619269906       0.92902907651022493     
  0.55045456373577029       0.55294372058977770       0.56017293178263339       0.58161268443404834       0.64024949545997467       0.77196671794283511       0.93538598028242281     
  0.55057879531255816       0.55312390813562140       0.56053973830681814       0.58246116910942414       0.64275647601530694       0.77800715025473144       0.94137102267771244     
  0.55079868563556345       0.55341984207573802       0.56105560721521341       0.58347071249322169       0.64543099014378480       0.78411568974592216       0.94698410525008792     
  0.55111667660406927       0.55383540671911158       0.56171752474273862       0.58464400400164840       0.64827763123116822       0.79028857851152534       0.95222795669300864     
  0.55153411805358321       0.55437420747730914       0.56252394456721821       0.58598401483012608       0.65129942084307613       0.79652014510442593       0.95710726060579099     
  0.55205385726233436       0.55503907936708807       0.56347350190107526       0.58749128951588458       0.65449839363370821       0.80280227508538926       0.96162892099136399     
  0.55267727152706425       0.55583462189278099       0.56457207200069737       0.58916777465122605       0.65787745485619675       0.80912712257034514       0.96580095299316260     
  0.55341094824061599       0.55676654077723919       0.56582652193087812       0.59101638406881707       0.66143295062783170       0.81548748855625630       0.96963446387135865     
  0.55426518905237165       0.55783695229256036       0.56724637294377045       0.59304156944171760       0.66516685170311329       0.82187681836341675       0.97314256335396643     
  0.55524492686197435       0.55904765433073744       0.56883374162459255       0.59524330689659932       0.66907657892474470       0.82828357734425428       0.97633859467698059     
  0.55635699039379238       0.56040119957342471       0.57058192251305051       0.59762563622891363       0.67315952434984649       0.83469778004234207       0.97923816011196785     
  0.55761676855934861       0.56190133409411558       0.57248527500765067       0.60018952531270786       0.67741212591981403       0.84110755699044637       0.98185604986157105     
  0.55901188456701567       0.56353950113643181       0.57454153317083445       0.60291866401008165       0.68183431277625828       0.84750195232913428       0.98420889456481020     
  0.56053167502062229       0.56533640682745923       0.57674519109975975       0.60580063503029402       0.68641854624851262       0.85386882495075900       0.98631372248184990     
  0.56217570243883019       0.56726524283928392       0.57908936100484298       0.60882648648569837       0.69115267363616539       0.86019604280026529       0.98818784137195936     
  0.56393755530102563       0.56928769184026518       0.58155214770451180       0.61200331464308255       0.69602719003297775       0.86647022097308690       0.98984888490142431     
  0.56581586708807408       0.57145871065637277       0.58413468138892055       0.61531995021258190       0.70101086976751181       0.87267869709932355       0.99131338005400749     
  0.56776793624091138       0.57369539377122569       0.58681042889272983       0.61875340252304745       0.70610280381474433       0.87880821124763631       0.99259820189349468     
  0.56976587046906035       0.57597172548233500       0.58956075848347822       0.62232150495533245       0.71125913095766824       0.88484592518738792       0.99371998187818888     
  0.57176216957605053       0.57825362978780481       0.59233574982533255       0.62593600555016504       0.71653686132596395       0.89077318404030148       0.99469441271316528     
  0.57367022191642092       0.58047612865554510       0.59506372233773908       0.62964387566007651       0.72184756093695601       0.89656650441890928       0.99553672472805121     
  0.57536084984916880       0.58253202440796081       0.59778113008775968       0.63335140497840769       0.72717354874912665       0.90219895518524740       0.99626031596884312     
  0.57664718270818693       0.58431178265195849       0.60034830358006819       0.63702107667762797       0.73250276362779998       0.90763147883196305       0.99687776711767739     
   1.0000000000000000        1.0000000000000000        1.0000000000000000        1.0000000000000000        1.0000000000000000        1.0000000000000000        1.0000000000000000     
   1.0000000000000000        1.0000000000000000        1.0000000000000000        1.0000000000000000        1.0000000000000000        1.0000000000000000        1.0000000000000000     
   1.0000000000000000        1.0000000000000000        1.0000000000000000        1.0000000000000000        1.0000000000000000        1.0000000000000000        1.0000000000000000     
   1.0000000000000000        1.0000000000000000        1.0000000000000000        1.0000000000000000        1.0000000000000000        1.0000000000000000        1.0000000000000000     
   1.0000000000000000        1.0000000000000000        1.0000000000000000        1.0000000000000000        1.0000000000000000        1.0000000000000000        1.0000000000000000     
   1.0000000000000000        1.0000000000000000        1.0000000000000000        1.0000000000000000        1.0000000000000000        1.0000000000000000        1.0000000000000000     
   1.0000000000000000        1.0000000000000000        1.0000000000000000        1.0000000000000000        1.0000000000000000        1.0000000000000000        1.0000000000000000     
   1.0000000000000000        1.0000000000000000        1.0000000000000000        1.0000000000000000        1.0000000000000000        1.0000000000000000        1.0000000000000000     
   1.0000000000000000        1.0000000000000000        1.0000000000000000        1.0000000000000000        1.0000000000000000        1.0000000000000000        1.0000000000000000     
   1.0000000000000000        1.0000000000000000        1.0000000000000000        1.0000000000000000        1.0000000000000000        1.0000000000000000        1.0000000000000000     
   1.0000000000000000        1.0000000000000000        1.0000000000000000        1.0000000000000000        1.0000000000000000        1.0000000000000000        1.0000000000000000     
   1.0000000000000000        1.0000000000000000        1.0000000000000000        1.0000000000000000        1.0000000000000000        1.0000000000000000        1.0000000000000000     
   1.0000000000000000        1.0000000000000000        1.0000000000000000        1.0000000000000000        1.0000000000000000        1.0000000000000000        1.0000000000000000     
   1.0000000000000000        1.0000000000000000        1.0000000000000000        1.0000000000000000        1.0000000000000000        1.0000000000000000        1.0000000000000000     
   1.0000000000000000        1.0000000000000000        1.0000000000000000        1.0000000000000000        1.0000000000000000        1.0000000000000000        1.0000000000000000     
   1.0000000000000000        1.0000000000000000        1.0000000000000000        1.0000000000000000        1.0000000000000000        1.0000000000000000        1.0000000000000000     
   1.0000000000000000        1.0000000000000000        1.0000000000000000        1.0000000000000000        1.0000000000000000        1.0000000000000000        1.0000000000000000     
   1.0000000000000000        1.0000000000000000        1.0000000000000000        1.0000000000000000        1.0000000000000000        1.0000000000000000        1.0000000000000000     
   1.0000000000000000        1.0000000000000000        1.0000000000000000        1.0000000000000000        1.0000000000000000        1.0000000000000000        1.0000000000000000     
   1.0000000000000000        1.0000000000000000        1.0000000000000000        1.0000000000000000        1.0000000000000000        1.0000000000000000        1.0000000000000000     
   1.0000000000000000        1.0000000000000000        1.0000000000000000        1.0000000000000000        1.0000000000000000        1.0000000000000000        1.0000000000000000     
   1.0000000000000000        1.0000000000000000        1.0000000000000000        1.0000000000000000        1.0000000000000000        1.0000000000000000        1.0000000000000000     
   1.0000000000000000        1.0000000000000000        1.0000000000000000        1.0000000000000000        1.0000000000000000        1.0000000000000000        1.0000000000000000     
   1.0000000000000000        1.0000000000000000        1.0000000000000000        1.0000000000000000        1.0000000000000000        1.0000000000000000        1.0000000000000000     
   1.0000000000000000        1.0000000000000000        1.0000000000000000        1.0000000000000000        1.0000000000000000        1.0000000000000000        1.0000000000000000     
   1.0000000000000000        1.0000000000000000        1.0000000000000000        1.0000000000000000        1.0000000000000000        1.0000000000000000        1.0000000000000000     
   1.0000000000000000        1.0000000000000000        1.0000000000000000        1.0000000000000000        1.0000000000000000        1.0000000000000000        1.0000000000000000     
   1.0000000000000000        1.0000000000000000        1.0000000000000000        1.0000000000000000        1.0000000000000000        1.0000000000000000        1.0000000000000000     
   1.0000000000000000        1.0000000000000000        1.0000000000000000        1.0000000000000000        1.0000000000000000        1.0000000000000000        1.0000000000000000     
   1.0000000000000000        1.0000000000000000        1.0000000000000000        1.0000000000000000        1.0000000000000000        1.0000000000000000        1.0000000000000000     
   1.0000000000000000        1.0000000000000000        1.0000000000000000        1.0000000000000000        1.0000000000000000        1.0000000000000000        1.0000000000000000     
   1.0000000000000000        1.0000000000000000        1.0000000000000000        1.0000000000000000        1.0000000000000000        1.0000000000000000        1.0000000000000000     
   1.0000000000000000        1.0000000000000000        1.0000000000000000        1.0000000000000000        1.0000000000000000        1.0000000000000000        1.0000000000000000     
   1.0000000000000000        1.0000000000000000        1.0000000000000000        1.0000000000000000        1.0000000000000000        1.0000000000000000        1.0000000000000000     
   1.0000000000000000        1.0000000000000000        1.0000000000000000        1.0000000000000000        1.0000000000000000        1.0000000000000000        1.0000000000000000     
   1.0000000000000000        1.0000000000000000        1.0000000000000000        1.0000000000000000        1.0000000000000000        1.0000000000000000        1.0000000000000000     
   1.0000000000000000        1.0000000000000000        1.0000000000000000        1.0000000000000000        1.0000000000000000        1.0000000000000000        1.0000000000000000     
