   2.7453799905177183        2.6503790527559823        2.4582016534110536        2.0948915629144618        1.6389755593420365        6.0931171501477799        20.406886903893401     
   2.7643930282569644        2.6776250465275573        2.4920313101783664        2.1191528934974868        1.6059606702520648        6.0743478337668471        20.550711583659997     
   2.7760515423880392        2.6968866102678599        2.5178797600237304        2.1364151614723776        1.5555901973749959        6.0125233684027926        20.566972418121686     
   2.7816420578604535        2.7093430845326165        2.5366136912043160        2.1466909626976967        1.4936342886953471        5.9530450235477508        20.496370297656373     
   2.7821545236904246        2.7158991152819634        2.5489370568502161        2.1505494112670571        1.4341550379363046        5.8838831907962899        20.362255720890172     
   2.7784007299276454        2.7173489811457396        2.5554585257017828        2.1489473758234960        1.3801275737857615        5.8061251813837771        20.178173279968796     
   2.7710446213423636        2.7143586475586576        2.5567128929992187        2.1424445323215751        1.3270213715240058        5.7215619054613329        19.954325034125869     
   2.7606196423878373        2.7074796125313645        2.5531509150853338        2.1314423263305851        1.2733307575207440        5.6316576954434368        19.699229364690794     
   2.7475388612646587        2.6971701928131804        2.5451538154968878        2.1162634151310171        1.2186501243174208        5.5375411683052596        19.420130208333571     
   2.7321120597661692        2.6838007534907575        2.5330471965162511        2.0971921037295580        1.1629754898482521        5.4401194270933821        19.122784130839804     
   2.7145655240948665        2.6676617513082839        2.5170969986880594        2.0744709472500800        1.1064305846248126        5.3401417347293547        18.811783886667893     
   2.6950403457605598        2.6489714880813784        2.4975421402647369        2.0483096114089534        1.0491687699917638        5.2382329775602923        18.490820492366009     
   2.6736151077838608        2.6278846284838466        2.4746104921139382        2.0188900367511979       0.99135940787405219        5.1349276586329546        18.162848197180182     
   2.6503356070827184        2.6045004765990676        2.4485811142309926        1.9863793307816116       0.93319225686051355        5.0306877421194098        17.830254272203589     
   2.6252036900992564        2.5788692474477721        2.4197273006355502        1.9509213211001977       0.87485710685493678        4.9259095794094856        17.494936851769740     
   2.5981852229248563        2.5509972734341027        2.3882892447982966        1.9126472762981543       0.81654232917708580        4.8209406292541654        17.158411238515640     
   2.5692119459564786        2.5208533256199330        2.3543862965164060        1.8716653764673259       0.75839953629355272        4.7160804033326240        16.821880089252147     
   2.5381890092494510        2.4883698086722843        2.3180823116315037        1.8280286332916653       0.70056015173115049        4.6116043267561446        16.486292093856626     
   2.5049973776194410        2.4534533910524496        2.2794179699348445        1.7817725392784940       0.64317753138716405        4.5077482642677404        16.152388769603018     
   2.4694960320407504        2.4159724238850830        2.2383109697407044        1.7329464237407810       0.58641133145027047        4.4047189605736570        15.820746015538576     
   2.4315218451721266        2.3757634682434228        2.1946388623374640        1.6815803429998866       0.53036082792124006        4.3026934744280974        15.491797569267133     
   2.3908885850960364        2.3326608178960395        2.1482427299839939        1.6276520325924420       0.47516071928265469        4.2018219018040277        15.165876203738105     
   2.3473875746764405        2.2864777973994284        2.0989684919716662        1.5710651641453446       0.42102333838073736        4.1022441476605147        14.843236436468485     
   2.3007832344855421        2.2369987299058591        2.0466226877125857        1.5117500308008165       0.36809731635101423        4.0040746124651925        14.524066556784907     
   2.2508118896314926        2.1839752636867904        1.9910149024480233        1.4496502007381453       0.31646958579572576        3.9074132519988782        14.208514960706998     
   2.1971759365141521        2.1271254991447215        1.9319268017055315        1.3847315946879903       0.26620745813831237        3.8123494748555871        13.896708769117295     
   2.1395363404930960        2.0661470652676823        1.8691395214367532        1.3169651656303196       0.21734440140261871        3.7189580498868469        13.588752492850114     
   2.0775115742833421        2.0006905283502996        1.8023987856863417        1.2463827427270093       0.16986759612491506        3.6273017440299600        13.284729160936168     
   2.0106810443631171        1.9303763102882221        1.7314070377591233        1.1730884231807193       0.12372592455830918        3.5374280734591390        12.984705482287266     
   1.9385446370601804        1.8548031840547039        1.6558487385918261        1.0972188920105093        7.8835744288994661E-002   3.4493763601024137        12.688750238476610     
   1.8605456122048734        1.7736014981027621        1.5753881776905190        1.0188731505050406        3.5083065189355368E-002   3.3631829851915565        12.396951344174020     
   1.7760491846103430        1.6863804736637169        1.4896572215053088       0.93802253401811675       -7.6901093122434261E-003   3.2788736769714077        12.109388604158216     
   1.6843062839802125        1.5927036903747898        1.3982546699167508       0.85441087625932155       -4.9700032419677610E-002   3.1964628698538924        11.826154868883851     
   1.5843810038696264        1.4919755806249377        1.3007430457315399       0.76766501356679751       -9.1221149810602198E-002   3.1159560619245061        11.547338487234470     
   1.4752222276738194        1.3834388869375798        1.1966231325792489       0.67730886756206976      -0.13258906419679242        3.0373530396318622        11.273040250966309     
   1.3560592608176558        1.2663956734294290        1.0852768204499321       0.58273021094237554      -0.17421055220641474        2.9606475174311861        11.003369644126884     
   1.2264938287616267        1.1403316510863397       0.96595652304586654       0.48322492824432461      -0.21662226510424165        2.8858384476917593        10.738453180591772     
   1.0862361977417307        1.0045321147589299       0.83764780153271345       0.37808599913976271      -0.26049839249608148        2.8129209988728219        10.478425178184310     
  0.93469935949939320       0.85805730412234438       0.69912940497604259       0.26643523602017305      -0.30666294887089085        2.7419126849208499        10.223434698797250     
  0.77109380749572032       0.69997379463795750       0.54886035417899237       0.14733721817728823      -0.35611592695515509        2.6728382032968447        9.9736546914315980     
  0.59451604550874138       0.52833869925036714       0.38509845292326711        1.9699538051513487E-002 -0.41001729102567852        2.6056990927130359        9.7293096994580779     
  0.40251783138559499       0.34118299648910244       0.20565128197081733      -0.11780208072525004      -0.46984996722212186        2.5404654327867955        9.4906792789491856     
  0.19186033293222801       0.13580987234756350        1.1407641493080902E-002 -0.26685500740433060      -0.53738509726537331        2.4770616120216764        9.2580892418034431     
  -4.1512832709023874E-002  -9.0475743793499042E-002 -0.19862698726675382      -0.42911087418178062      -0.61484905969184978        2.4153872976329520        9.0319431719801440     
 -0.29410049703551888      -0.33434719112430600      -0.41961762384824841      -0.60377119646225930      -0.70320207418299185        2.3559326672363086        8.8127198086043776     
 -0.22009494279531133      -0.25586191314537027      -0.33705046125368660      -0.51988603973539615      -0.64140593164446791        2.3211994286421125        8.6010337948965248     
 -0.16153667973762775      -0.19518191126169432      -0.26864773553415150      -0.44253971595464414      -0.57988848580338714        2.2872263613556725        8.3929721505800838     
 -0.11487166266750914      -0.14521775842484078      -0.21128653998154204      -0.37167899128161536      -0.51868352372785931        2.2538456038092565        8.1883036627375834     
  -7.8330961053943604E-002 -0.10497724306524359      -0.16392574699515136      -0.30761346140039852      -0.45791495869268578        2.2208694563712763        7.9867909004649329     
  -5.0510119833831101E-002  -7.2515137421603149E-002 -0.12432567196701844      -0.25064553584392740      -0.39789729214084080        2.1881139359485626        7.7882753834277674     
  -3.1149195042849000E-002  -4.7634206574618497E-002  -9.1167942039878130E-002 -0.20084924913788357      -0.33892312622425375        2.1554266404205489        7.5927623490220952     
  -1.8825938280429562E-002  -3.0100855977999604E-002  -6.4179387888244691E-002 -0.15799333701459881      -0.28137534700375821        2.1226816557452017        7.4004126393254941     
  -1.1156853129601317E-002  -1.8499086843058177E-002  -4.3198046403028739E-002 -0.12159706025535441      -0.22573717171434052        2.0897217555390850        7.2113696677286994     
  -6.3129652104308735E-003  -1.1095845424549278E-002  -2.7848497108859119E-002  -9.1050159529610972E-002 -0.17250638772919624        2.0563532647887381        7.0257593079946012     
  -3.2518998644108393E-003  -6.3578812191252996E-003  -1.7255881943046690E-002  -6.5733325553868432E-002 -0.12208616086374868        2.0223653888592583        6.8438091189510528     
  -1.4558455582444928E-003  -3.3452363778209513E-003  -1.0263020192565853E-002  -4.5107369615523904E-002  -7.4816661654332234E-002   1.9875410704122314        6.6658883646804936     
  -5.2054775656444445E-004  -1.5336589449345835E-003  -5.7912550002485307E-003  -2.8805777699644711E-002  -3.1053980364086246E-002   1.9516395100448614        6.4923729294046302     
  -1.0219435801775970E-004  -5.4547476319746508E-004  -3.0191099326367004E-003  -1.6514025715301885E-002   8.2405412019444044E-003   1.9143715332497266        6.3235377119131249     
   5.4069646132167701E-005  -7.8028332096310269E-005  -1.3582120850039311E-003  -7.9863776150337542E-003   4.2204003587794747E-002   1.8753911898643005        6.1595777540204191     
   1.0245851157763503E-004   1.0605065408968663E-004  -4.4198249022526712E-004  -2.7962451931740008E-003   6.9989121154290526E-002   1.8342889969141554        6.0006360287284846     
   1.1519025373217900E-004   1.6588034048416165E-004  -1.0885806050184341E-006  -1.0075445390192697E-004   9.0821611935245364E-002   1.7905813196619542        5.8467885826145123     
   1.1817243324200243E-004   1.8258415168836970E-004   1.7796064995228458E-004   9.3565923410954765E-004  0.10411908767678674        1.7437088962753324        5.6980374045372004     
   1.1906911829739413E-004   1.8810970641039407E-004   2.3772963041823164E-004   1.0954572830149335E-003  0.10959427752120973        1.6930258038476240        5.5542648116682241     
   1.1955679596021888E-004   1.9146164322355464E-004   2.5963079888626254E-004   9.5576503856853597E-004  0.10742265642198631        1.6378129288666106        5.4152459124079293     
   1.1989993730257042E-004   1.9413413966589061E-004   2.7525727433085680E-004   7.0672906737187014E-004   9.8597646972897177E-002   1.5773052824887785        5.2806637833937815     
   1.2013719655268455E-004   1.9616125016708310E-004   2.9082027627482334E-004   5.1273037392672355E-004   8.4768762224632532E-002   1.5107377891944773        5.1501330368810549     
   1.2029212807143271E-004   1.9758729777363826E-004   3.0454514012800954E-004   4.1564020568112279E-004   6.7942303462887293E-002   1.4374109780677911        5.0231907169509800     
   1.2038698880386021E-004   1.9852769995279396E-004   3.1490196716493546E-004   4.0262254708685243E-004   4.9957816295035470E-002   1.3567388059870311        4.8992252811948092     
   1.2044049279762384E-004   1.9910928793725183E-004   3.2194675688800793E-004   4.3685519518104699E-004   3.3353772736372002E-002   1.2683582005343361        4.7774327020396958     
   1.2046731828438131E-004   1.9944051093008074E-004   3.2636421161203280E-004   4.8166348077118042E-004   2.0044822887871142E-002   1.1721478997497976        4.6566353304119970     
   1.2047869665459994E-004   1.9960725850983442E-004   3.2891968189837219E-004   5.1664060590891415E-004   1.1082059253764287E-002   1.0681679652973799        4.5350753655530172     
   1.2048244015753315E-004   1.9967714989748160E-004   3.3024775021296980E-004   5.3735550267599446E-004   5.8462181150204188E-003  0.95641578605784117        4.4102033805204330     
   1.2048322803810709E-004   1.9969895150975773E-004   3.3082519004642768E-004   5.4705553373423786E-004   3.2881431138113279E-003  0.83640720306168637        4.2783781972383599     
   1.2048318322062248E-004   1.9970281533239991E-004   3.3100664420283925E-004   5.5040106961932588E-004   2.2023754070145166E-003  0.70705086489862856        4.1346276626970315     
   1.2048294317503742E-004   1.9970242383926011E-004   3.3102930771344494E-004   5.5074703008119066E-004   1.7198864685656016E-003  0.56679000601521734        3.9721799045276946     
   1.2048257133988454E-004   1.9970159326721334E-004   3.3101660036100646E-004   5.5006959529980623E-004   1.4228581410219042E-003  0.41789087375367051        3.7819407387188577     
   1.2048197285200231E-004   1.9970054712111214E-004   3.3100771526514629E-004   5.4930821579868240E-004   1.1991807277482731E-003  0.27347713488238623        3.5516052503336906     
   1.2048094493277033E-004   1.9969883678157824E-004   3.3100308048577746E-004   5.4884871118253051E-004   1.0492537055392572E-003  0.15553746088437331        3.2659124790085574     
   1.2047901365840631E-004   1.9969563609532336E-004   3.3099753361694265E-004   5.4867262105622494E-004   9.6727850295851177E-004   7.9243703820978187E-002   2.9066395526425897     
   1.2047475432307820E-004   1.9968857908928041E-004   3.3098582739915896E-004   5.4861595819625901E-004   9.3065136142131118E-004   4.0422282774840036E-002   2.4507600480596676     
   1.2046103745847688E-004   1.9966585415611272E-004   3.3094820034572619E-004   5.4854852132417756E-004   9.1626554957511001E-004   2.3105883748806920E-002   1.8688893586540225     
