  0.57629415763321157       0.58450021788549955       0.59484093285825912       0.59822392676309710       0.57833908138454027       0.51673028862538728       0.51671769194773565     
  0.57002496234095057       0.57741051070035254       0.58782942715804987       0.59525870356215271       0.58529957802343535       0.53393089006809569       0.54931771941482543     
  0.56533131074456622       0.57184278895832352       0.58175230162549951       0.59187716331038198       0.58957233420562338       0.54912336790956451       0.58153075579227920     
  0.56188447362578731       0.56746600928711277       0.57668541779930105       0.58854648704262325       0.59087569056305567       0.56353203634429871       0.61371357255936743     
  0.55941732071419858       0.56408370248166240       0.57250730251720805       0.58532611491485054       0.59144622487061516       0.57744572475292610       0.64589968618622129     
  0.55765218088774482       0.56149420654533289       0.56911393009287992       0.58231358083204199       0.59182588901496480       0.59101734553517171       0.67796389615444952     
  0.55637706992775393       0.55950856204666233       0.56639083979682825       0.57956149522987643       0.59214256640780505       0.60433726804384724       0.70965946157203352     
  0.55545449055785823       0.55798709554147685       0.56420677308354927       0.57708848343591146       0.59246095835592005       0.61746582327583011       0.74065459413175205     
  0.55479994046271652       0.55682743258698142       0.56245308350566381       0.57489866807892764       0.59281640812468672       0.63043463273338252       0.77056465586436296     
  0.55434243492195956       0.55594837152939891       0.56104755731267697       0.57300217389199581       0.59323265651464263       0.64326020858305344       0.79899529633172672     
  0.55402064894995506       0.55528814830868367       0.55990943804951543       0.57139475744821877       0.59373014101906785       0.65595340997818852       0.82558900399964508     
  0.55379243865466599       0.55479533049274954       0.55895958416432234       0.57003392301444944       0.59431991889186220       0.66851354030016619       0.85005704454052278     
  0.55363188861086543       0.55443205663147710       0.55816906735237548       0.56889310847939745       0.59502194922205809       0.68094694616925633       0.87221633857343106     
  0.55351727787683513       0.55417108383682601       0.55752503431934908       0.56792746000111061       0.59584421556404576       0.69324730144637503       0.89198057079257664     
  0.55343354778028864       0.55399211728010356       0.55699109121175150       0.56709973748927411       0.59679691799445833       0.70540835042791450       0.90936557992376255     
  0.55337372889893488       0.55388311250889410       0.55659515056447717       0.56639493298502408       0.59788858388864896       0.71742327306988685       0.92446777977582562     
  0.55333195395000279       0.55382896223425138       0.55627164674705420       0.56579454348633562       0.59912115324338944       0.72928005684540131       0.93744143678941261     
  0.55330372068826295       0.55381721972641507       0.55598375451460258       0.56527463895088670       0.60050654180613061       0.74096610523502571       0.94847906125415449     
  0.55328682158115206       0.55384155560097947       0.55571673338853156       0.56483200610084527       0.60204486081016406       0.75247427557621549       0.95779161638953880     
  0.55327731932015256       0.55388018490957436       0.55547167200747560       0.56446403852500104       0.60374609538484936       0.76378320962254631       0.96559100017351229     
  0.55327466740244480       0.55392830119242231       0.55529390134614143       0.56416430462090517       0.60559308474609586       0.77488261427441152       0.97208184616163840     
  0.55327701185515998       0.55397854577470940       0.55514013335003465       0.56392833297823131       0.60758660786951479       0.78575955030519973       0.97745234370211931     
  0.55328463300066888       0.55402292524349006       0.55503361805705365       0.56375342524028527       0.60972694894455437       0.79640194107424311       0.98187232175902706     
  0.55329804363164126       0.55407825020280110       0.55495662769795762       0.56363960506126753       0.61202321686096972       0.80681586655812465       0.98549284374530843     
  0.55332169471985193       0.55413521602348703       0.55490125487199826       0.56359369696177786       0.61447896725273032       0.81698463183632541       0.98844510159536747     
  0.55335697370179271       0.55417760965958618       0.55485361660379240       0.56361855460406474       0.61709573572965593       0.82689925682194887       0.99084069473075509     
  0.55340004078600702       0.55422487556537503       0.55480407380994390       0.56369694240347767       0.61987238899987984       0.83654795205619925       0.99277468699040750     
  0.55345174875158143       0.55425987454102743       0.55476682059525240       0.56381182398229412       0.62280442006619730       0.84592164652908175       0.99432833756190453     
  0.55350986589795803       0.55428453283285650       0.55473570806801364       0.56397431194900682       0.62589670260903341       0.85502836298158291       0.99557057744394506     
  0.55356895322750321       0.55430084527209533       0.55470108282587915       0.56416136405337425       0.62914895902144474       0.86385727560624559       0.99655924580313171     
  0.55362255345219946       0.55430005633109680       0.55464232359934462       0.56435313464575676       0.63254767552482105       0.87239496158193486       0.99734159993318150     
  0.55366387503478420       0.55426628908269371       0.55455064327413250       0.56464484533759929       0.63608595353966757       0.88063678878527207       0.99795729706160063     
  0.55368453573170018       0.55415757162941970       0.55440380199293282       0.56493815467072050       0.63974553469425421       0.88857295740548670       0.99843903020226166     
  0.55366987168378157       0.55398894453170766       0.55418401885379709       0.56516527453066090       0.64349857664154508       0.89616969781906008       0.99881335252104197     
  0.55360251472027922       0.55370273112582047       0.55384678287463329       0.56533599141892243       0.64733259796442655       0.90344657544872953       0.99910282163296393     
  0.55336738223662207       0.55316511294584558       0.55333789228253305       0.56540034258469163       0.65122322682625011       0.91040199117745901       0.99932534226709901     
  0.55285140771923624       0.55233528684584265       0.55260290843948912       0.56526068998401324       0.65513826619537929       0.91702956509753741       0.99949538859083853     
  0.55208405280440298       0.55123712225635590       0.55158868084054202       0.56495150099816915       0.65903870793640740       0.92332302881273465       0.99962454362240460     
  0.55048685632325778       0.54920478305409692       0.55020992401978830       0.56441622189067864       0.66288072858772662       0.92927284130785270       0.99972204302951240     
  0.54832244852053480       0.54617803196688952       0.54827279434746046       0.56358665462600255       0.66662790087202961       0.93486469860667321       0.99979524045883783     
  0.54352585598756253       0.54188655646384909       0.54562450613525759       0.56238655202562282       0.67023018220664599       0.94006892210285320       0.99984987970025119     
  0.53661007007247907       0.53628082157312418       0.54175751614152445       0.56075120898799158       0.67361922565327426       0.94485271446060048       0.99989042532526640     
  0.52786161954588928       0.52928863701354822       0.53560228276919775       0.55845116143863482       0.67674778032149974       0.94919337433923534       0.99992033890677379     
  0.51665927319980487       0.51976980372881043       0.52792644852747206       0.55557226031167017       0.67955809254817501       0.95305853917554473       0.99994225098205747     
   1.0000000000000000        1.0000000000000000        1.0000000000000000        1.0000000000000000        1.0000000000000000        1.0000000000000000        1.0000000000000000     
   1.0000000000000000        1.0000000000000000        1.0000000000000000        1.0000000000000000        1.0000000000000000        1.0000000000000000        1.0000000000000000     
   1.0000000000000000        1.0000000000000000        1.0000000000000000        1.0000000000000000        1.0000000000000000        1.0000000000000000        1.0000000000000000     
   1.0000000000000000        1.0000000000000000        1.0000000000000000        1.0000000000000000        1.0000000000000000        1.0000000000000000        1.0000000000000000     
   1.0000000000000000        1.0000000000000000        1.0000000000000000        1.0000000000000000        1.0000000000000000        1.0000000000000000        1.0000000000000000     
   1.0000000000000000        1.0000000000000000        1.0000000000000000        1.0000000000000000        1.0000000000000000        1.0000000000000000        1.0000000000000000     
   1.0000000000000000        1.0000000000000000        1.0000000000000000        1.0000000000000000        1.0000000000000000        1.0000000000000000        1.0000000000000000     
   1.0000000000000000        1.0000000000000000        1.0000000000000000        1.0000000000000000        1.0000000000000000        1.0000000000000000        1.0000000000000000     
   1.0000000000000000        1.0000000000000000        1.0000000000000000        1.0000000000000000        1.0000000000000000        1.0000000000000000        1.0000000000000000     
   1.0000000000000000        1.0000000000000000        1.0000000000000000        1.0000000000000000        1.0000000000000000        1.0000000000000000        1.0000000000000000     
   1.0000000000000000        1.0000000000000000        1.0000000000000000        1.0000000000000000        1.0000000000000000        1.0000000000000000        1.0000000000000000     
   1.0000000000000000        1.0000000000000000        1.0000000000000000        1.0000000000000000        1.0000000000000000        1.0000000000000000        1.0000000000000000     
   1.0000000000000000        1.0000000000000000        1.0000000000000000        1.0000000000000000        1.0000000000000000        1.0000000000000000        1.0000000000000000     
   1.0000000000000000        1.0000000000000000        1.0000000000000000        1.0000000000000000        1.0000000000000000        1.0000000000000000        1.0000000000000000     
   1.0000000000000000        1.0000000000000000        1.0000000000000000        1.0000000000000000        1.0000000000000000        1.0000000000000000        1.0000000000000000     
   1.0000000000000000        1.0000000000000000        1.0000000000000000        1.0000000000000000        1.0000000000000000        1.0000000000000000        1.0000000000000000     
   1.0000000000000000        1.0000000000000000        1.0000000000000000        1.0000000000000000        1.0000000000000000        1.0000000000000000        1.0000000000000000     
   1.0000000000000000        1.0000000000000000        1.0000000000000000        1.0000000000000000        1.0000000000000000        1.0000000000000000        1.0000000000000000     
   1.0000000000000000        1.0000000000000000        1.0000000000000000        1.0000000000000000        1.0000000000000000        1.0000000000000000        1.0000000000000000     
   1.0000000000000000        1.0000000000000000        1.0000000000000000        1.0000000000000000        1.0000000000000000        1.0000000000000000        1.0000000000000000     
   1.0000000000000000        1.0000000000000000        1.0000000000000000        1.0000000000000000        1.0000000000000000        1.0000000000000000        1.0000000000000000     
   1.0000000000000000        1.0000000000000000        1.0000000000000000        1.0000000000000000        1.0000000000000000        1.0000000000000000        1.0000000000000000     
   1.0000000000000000        1.0000000000000000        1.0000000000000000        1.0000000000000000        1.0000000000000000        1.0000000000000000        1.0000000000000000     
   1.0000000000000000        1.0000000000000000        1.0000000000000000        1.0000000000000000        1.0000000000000000        1.0000000000000000        1.0000000000000000     
   1.0000000000000000        1.0000000000000000        1.0000000000000000        1.0000000000000000        1.0000000000000000        1.0000000000000000        1.0000000000000000     
   1.0000000000000000        1.0000000000000000        1.0000000000000000        1.0000000000000000        1.0000000000000000        1.0000000000000000        1.0000000000000000     
   1.0000000000000000        1.0000000000000000        1.0000000000000000        1.0000000000000000        1.0000000000000000        1.0000000000000000        1.0000000000000000     
   1.0000000000000000        1.0000000000000000        1.0000000000000000        1.0000000000000000        1.0000000000000000        1.0000000000000000        1.0000000000000000     
   1.0000000000000000        1.0000000000000000        1.0000000000000000        1.0000000000000000        1.0000000000000000        1.0000000000000000        1.0000000000000000     
   1.0000000000000000        1.0000000000000000        1.0000000000000000        1.0000000000000000        1.0000000000000000        1.0000000000000000        1.0000000000000000     
   1.0000000000000000        1.0000000000000000        1.0000000000000000        1.0000000000000000        1.0000000000000000        1.0000000000000000        1.0000000000000000     
   1.0000000000000000        1.0000000000000000        1.0000000000000000        1.0000000000000000        1.0000000000000000        1.0000000000000000        1.0000000000000000     
   1.0000000000000000        1.0000000000000000        1.0000000000000000        1.0000000000000000        1.0000000000000000        1.0000000000000000        1.0000000000000000     
   1.0000000000000000        1.0000000000000000        1.0000000000000000        1.0000000000000000        1.0000000000000000        1.0000000000000000        1.0000000000000000     
   1.0000000000000000        1.0000000000000000        1.0000000000000000        1.0000000000000000        1.0000000000000000        1.0000000000000000        1.0000000000000000     
   1.0000000000000000        1.0000000000000000        1.0000000000000000        1.0000000000000000        1.0000000000000000        1.0000000000000000        1.0000000000000000     
   1.0000000000000000        1.0000000000000000        1.0000000000000000        1.0000000000000000        1.0000000000000000        1.0000000000000000        1.0000000000000000     
