   5.4681128619320098     
   5.4906319311705944     
   5.4990392396348966     
   5.4938396607692246     
   5.4752918610625825     
   5.4440483078853301     
   5.4010971112423807     
   5.3476142333765893     
   5.2849596540189605     
   5.2143795286873864     
   5.1369722721933115     
   5.0537053040246116     
   4.9654274352881895     
   4.8728686928728351     
   4.7766801930545002     
   4.6774320008377082     
   4.5755791276565700     
   4.4715567390952060     
   4.3658183839789251     
   4.2587022887285544     
   4.1505086810092182     
   4.0414886254819997     
   3.9318238090981144     
   3.8216126147025635     
   3.7108738895982452     
   3.5995881652901307     
   3.4876314907907546     
   3.3747306584295287     
   3.2604836086687277     
   3.1443500918389100     
   3.0256478682318142     
   2.9035591802249408     
   2.7770804282953137     
   2.6451189779673392     
   2.5061591920342425     
   2.3582265049830831     
   2.1983947322814612     
   2.0235887830501693     
   1.8300638392737556     
   1.6130559317982485     
   1.3662453181453453     
   1.0808238903725136     
  0.74278244699550722     
  0.32992666887435718     
 -0.21238450076984003     
 -0.15611631776613957     
 -0.10392017847374899     
 -5.59276534949062903E-002
 -1.21716657262226653E-002
  2.74234876090386596E-002
  6.29485999270271573E-002
  9.45050359769799841E-002
  0.12220459895247500     
  0.14619559052621328     
  0.16670299086723181     
  0.18391766391743847     
  0.19795569549540890     
  0.20899943889236000     
  0.21727363933246904     
  0.22301160740531614     
  0.22644564559497959     
  0.22783973960631532     
  0.22739245608185782     
  0.22535062772542397     
  0.22196912476086569     
  0.21746274421604936     
  0.21204803512858203     
  0.20593134672363461     
  0.19927454647820997     
  0.19218776714930227     
  0.18470032364948430     
  0.17679430827422463     
  0.16836479532660351     
  0.15923823133043383     
  0.14918950317343382     
  0.13795292242190446     
  0.12523288541253455     
  0.11072893074046083     
  9.36863199307563232E-002
  7.40563814161298711E-002
  5.24386453519595647E-002
