   5.7378638275748415        5.6613734351064533        5.5089590806939421        5.2240899285540561        5.0372614831486331        7.3211517887088915        13.803129890099763     
   5.7504579087347336        5.6776965235191392        5.5303475012358811        5.2491487319568026        5.0521168470841209        7.3457062090861820        14.045693395479956     
   5.7529347755280869        5.6840454024787661        5.5419058193454722        5.2641966095043893        5.0519782978336183        7.3245775882704329        14.173690683253863     
   5.7460388345616380        5.6807433923835786        5.5433052192740391        5.2685326686002352        5.0371025145694590        7.2664458521949546        14.219356118958819     
   5.7303569794199474        5.6681795707729883        5.5347588732484079        5.2619537343663243        5.0074076306525015        7.1740763713526476        14.197778682721571     
   5.7063978656252621        5.6467675649683686        5.5166154587144822        5.2445056439693314        4.9632846838280402        7.0523533897088209        14.126848712743969     
   5.6745685216230886        5.6168960460351620        5.4891773444842880        5.2163733924450177        4.9059846569089105        6.9064281256058520        14.035089158384842     
   5.6352494276154736        5.5789743762609669        5.4527871256025451        5.1780659369289710        4.8367868068222357        6.7439220892317122        13.935227467253869     
   5.5888556220216188        5.5334501913192744        5.4080034883623664        5.1301875414675422        4.7576824030996141        6.5707249091243112        13.844370089978590     
   5.5358304978645041        5.4808448187463501        5.3553923738946345        5.0736109501667954        4.6703873544109271        6.3921770704832719        13.761764037954316     
   5.4765980249644706        5.4216426030490101        5.2955408794769507        5.0093545552119645        4.5762258835503093        6.2121010515764512        13.684321945848730     
   5.4115668362794258        5.3562723605836444        5.2290433600401274        4.9385439328628999        4.4760963772731337        6.0331304556698511        13.610077431601766     
   5.3411549756601682        5.2852335592752198        5.1566745536149332        4.8620775002007051        4.3707090847872658        5.8572915071051641        13.537466228401270     
   5.2657726450359368        5.2091101074960768        5.0791077782391723        4.7806712822088562        4.2608614884547649        5.6857544357217416        13.465218670681148     
   5.1859161459725840        5.1284349412975718        4.9969465991740591        4.6949631853815843        4.1473676816490972        5.5191691280574240        13.391868073855218     
   5.1020793437756513        5.0437568788332845        4.9106895493713560        4.6054853349737135        4.0310883570482101        5.3576792579764589        13.316507263603143     
   5.0146971964410083        4.9555057688288233        4.8208610487967656        4.5126725775148033        3.9126324085001079        5.2011355297649633        13.238596894107271     
   4.9241343600822924        4.8640428964769473        4.7278823997807082        4.4171023174110200        3.7924297714143411        5.0493260791939738        13.158047793658930     
   4.8306770613635086        4.7696865257958763        4.6321327285809391        4.3192029939884087        3.6713127799373195        4.9019230053712572        13.074508151694515     
   4.7345597485934654        4.6727214385408722        4.5339663934929284        4.2192817785321459        3.5498780419419931        4.7585422004080895        12.987540117319716     
   4.6360050185739308        4.5733928145306075        4.4337203148069468        4.1175819552411443        3.4286674254643241        4.6188790513573803        12.896879265058825     
   4.5352209101744201        4.4719834544517036        4.3316845723340949        4.0142664042763663        3.3081535295965852        4.4827245435341538        12.802414668790560     
   4.4323947760009137        4.3687095059891234        4.2280626635835530        3.9094368466989455        3.1887255711556648        4.3498444791688469        12.704137235750082     
   4.3276483514570625        4.2636874801962152        4.1229189594214573        3.8031278371290762        3.0706934488872801        4.2200206474595063        12.602116857412302     
   4.2210316411400699        4.1569384566139407        4.0162481033764461        3.6952973593813403        2.9542499051512623        4.0930480518813024        12.496451494518855     
   4.1124808101049162        4.0483814356886665        3.9079535782157762        3.5859258823353448        2.8395129435172288        3.9687335167670028        12.387190337035946     
   4.0018193621895479        3.9378070527808386        3.7978324559973542        3.4749040021570741        2.7264479584971975        3.8468992537123898        12.274367607623018     
   3.8886972489497693        3.8248624819190034        3.6854952760106507        3.3620206915740409        2.6147945584117758        3.7273544607941065        12.157977213215313     
   3.7726249155323939        3.7090470706268985        3.5703914002117316        3.2468759644632503        2.5042563212590321        3.6099173688502830        12.037994418676080     
   3.6529703975346983        3.5897356058479382        3.4518119363997082        3.1288966422933777        2.3944413195915288        3.4943599539412680        11.914432138668415     
   3.5288855520529467        3.4660083568421731        3.3288831073559071        3.0073767293363711        2.2848213092907241        3.3804661614786435        11.787324064146668     
   3.3993272521336615        3.3368328850221993        3.2005961652706509        2.8814028917395920        2.1747811799051875        3.2680975390934717        11.656702159647367     
   3.2629860165672149        3.2009237492565581        3.0657040895292131        2.7498394284179044        2.0635851888926933        3.1571552108210028        11.522613416428440     
   3.1183637767509875        3.0567208594452984        2.9226624221763857        2.6112901531068080        1.9508660659955144        3.0477059130286546        11.385168233368436     
   2.9634406085006759        2.9024346915243857        2.7696816429809781        2.4641851623706459        1.8351205521991216        2.9397143241961485        11.244553001494433     
   2.7956942779497882        2.7356058090934607        2.6046824654172709        2.3064209563603302        1.7143920777947759        2.8326181207931413        11.101056090137183     
   2.6118176407987410        2.5531490770010223        2.4248767845623966        2.1351970379733083        1.5846548086023760        2.7262871189457365        10.955013424977992     
   2.4080038174796834        2.3510307432203463        2.2266251733020961        1.9473856117176669        1.4429830110309987        2.6202224718086788        10.806861702215016     
   2.1796797558426602        2.1248637186477977        2.0052145579240421        1.7388766047818645        1.2862519805109274        2.5144886704370424        10.657204929574077     
   1.9209731726610870        1.8687446899723723        1.7550420174176904        1.5044240006302012        1.1103553840104021        2.4085896276937846        10.506836598894157     
   1.6235641131589573        1.5746605257192141        1.4684865266161840        1.2370551590903327       0.91037088687785084        2.3008868768813433        10.356833852271020     
   1.2749874296852854        1.2304546534195049        1.1340532414810185       0.92689558305224273       0.68048208799529830        2.1904780870327087        10.208570851388858     
  0.85572553880804469       0.81706826606161831       0.73360889711737476       0.55833808686746322       0.41093626395833305        2.0764326795293293        10.063802535072490     
  0.33019967444064169       0.30010818896716746       0.23553874304830427       0.10633039511350099       9.08451329005702524E-002   1.9575355014347953        9.9248689867081819     
 -0.38930841510515307      -0.40484152486182273      -0.43695519705175823      -0.48973495081277013      -0.31021554675095481        1.8343391240534952        9.7948458982726692     
 -0.32831905150514523      -0.34343671298151091      -0.37505007749436475      -0.42806822513093462      -0.24854386109047658        1.8285855473026205        9.6774050776540559     
 -0.27495462681321059      -0.28893931855534050      -0.31879055361205189      -0.37028724721818140      -0.19004668569263919        1.8233411779561417        9.5570039998316627     
 -0.22891062385797373      -0.24149249663092939      -0.26863182082284559      -0.31657510551170498      -0.13451155276680460        1.8186710335918639        9.4335127914966677     
 -0.18927804241479468      -0.20045199374242229      -0.22447335754444794      -0.26719831199936739      -8.19653548276624844E-002   1.8146453596515266        9.3068101720117955     
 -0.15515348806540347      -0.16501853391420498      -0.18591622786773812      -0.22236142351313201      -3.24204848106933036E-002   1.8113302670877640        9.1768065085299195     
 -0.12583995941869294      -0.13449154883988082      -0.15244571875296842      -0.18214655724516618       1.38877916146482819E-002   1.8088146972830912        9.0435301782372317     
 -0.10086945615349306      -0.10835270449112952      -0.12355892993728448      -0.14651641802663851       5.66396694903430753E-002   1.8072081779980200        8.9070620628683042     
 -7.98595200447420467E-002 -8.61994627504944211E-002 -9.88248915453999732E-002 -0.11534925499164027       9.55410702623869651E-002   1.8065850935610919        8.7674372359319808     
 -6.24046994975659200E-002 -6.76524859378256627E-002 -7.78689443068591586E-002 -8.84556296494312944E-002  0.13035407118882070        1.8072093600403596        8.6247444782862956     
 -4.80642873986499922E-002 -5.23138116032698039E-002 -6.03391898292638257E-002 -6.56038725266765016E-002  0.16084915460824789        1.8103487369846849        8.4790574497443441     
 -3.63995755489615741E-002 -3.97740707875505264E-002 -4.58799321879878874E-002 -4.65369524583275490E-002  0.18680768569760556        1.8164952017053804        8.3305433309398147     
 -2.70156427763222906E-002 -2.96430225212003795E-002 -3.41304864651801459E-002 -3.09738702978575725E-002  0.20804899657973464        1.8246491647988405        8.1794719998046475     
 -1.95719664614075993E-002 -2.15675896653593664E-002 -2.47331157513224556E-002 -1.86168351907431279E-002  0.22441717498060135        1.8347422505442497        8.0259693692777248     
 -1.37778569085025247E-002 -1.52399651468623672E-002 -1.73476053617662683E-002 -9.13666256009167295E-003  0.23583827163390536        1.8469880235838119        7.8702309667161021     
 -9.37665842829486437E-003 -1.03917127060896841E-002 -1.16635074381172925E-002 -2.18064678793973869E-003  0.24230469030086194        1.8615025444286435        7.7123988484005608     
 -6.13339230104195492E-003 -6.78158191076748233E-003 -7.40320479369592499E-003  2.62051097485543980E-003  0.24385226417854414        1.8782778157924533        7.5525820602358280     
 -3.82761139951947596E-003 -4.19037673583204200E-003 -4.32058244287049104E-003  5.64268100655626430E-003  0.24069941335017575        1.8972105363978913        7.3909132476936916     
 -2.26016128092647491E-003 -2.41039892580415189E-003 -2.19445097848409466E-003  7.24469378397462477E-003  0.23292681711542076        1.9179230896199673        7.2272821354838142     
 -1.24747151692373363E-003 -1.25904190910761278E-003 -8.22842533401904304E-004  7.76606981266377006E-003  0.22089471667788679        1.9399507151567084        7.0615536556086997     
 -6.32724023895348897E-004 -5.64114931336879145E-004 -2.39507375848845430E-005  7.51208823513335039E-003  0.20508940166443129        1.9627859032948229        6.8934343603623844     
 -2.84725256543698173E-004 -1.83367434539707664E-004  3.66143795423227916E-004  6.74513365804769137E-003  0.18612068574807802        1.9851893690948761        6.7224121212111188     
 -1.04352115331685547E-004 -4.62670132043704361E-007  4.91449239118011230E-004  5.69033313211071701E-003  0.16483038806579503        2.0053928971784298        6.5479142209603189     
 -1.89991482786948498E-005  7.08081386209808680E-005  4.68903557464416974E-004  4.51935032957999534E-003  0.14214017693874342        2.0216646223518033        6.3689345975870957     
  1.66498059823514155E-005  8.80010649650240286E-005  3.83013257060670520E-004  3.38248287501325675E-003  0.11900910478932734        2.0317245385895686        6.1842771810642132     
  2.91241456327327656E-005  8.45514471274153175E-005  2.89821482018601468E-004  2.38297006159919351E-003  9.64464850956021080E-002   2.0327374394375939        5.9923339822980539     
  3.20788125944042405E-005  7.64013190154518343E-005  2.16247296371591309E-004  1.58777121055547017E-003  7.54034883835258407E-002   2.0212116279909371        5.7909476075897519     
  3.19004210847231097E-005  6.97604776716935368E-005  1.69333273029081575E-004  1.02116837527885620E-003  5.66959830670373116E-002   1.9938296111501355        5.5773912344032057     
  3.12172441028761531E-005  6.58828461240607396E-005  1.44951320268579928E-004  6.66314672225946339E-004  4.09428211361702182E-002   1.9470423505802537        5.3480011548743054     
  3.07843027677472835E-005  6.41605030727954260E-005  1.35239230841996557E-004  4.80027853055557728E-004  2.84891993333153855E-002   1.8775299948167528        5.0982424832674171     
  3.06157653497408222E-005  6.36252460093493407E-005  1.33022933607344890E-004  4.06617610069298044E-004  1.93478120564538926E-002   1.7826288885457264        4.8224342159425326     
  3.05745880146178074E-005  6.35559504044701408E-005  1.33494242804733384E-004  3.92796450183466133E-004  1.32389943473535249E-002   1.6602791853064931        4.5135256037440028     
  3.05712628481070452E-005  6.35918828426639319E-005  1.34198852195094634E-004  3.97966405744006567E-004  9.60581376646425442E-003   1.5091316356833326        4.1625695460197312     
  3.05727810215843996E-005  6.36133882715746163E-005  1.34323710221432658E-004  3.97006763146893105E-004  7.69160919042813970E-003   1.3286919351852069        3.7581938080394539     
  3.05727353183455377E-005  6.36089332306889120E-005  1.33925689517918147E-004  3.81193493356784890E-004  6.69116830232828561E-003   1.1116208064068005        3.2860355864163209     
  3.05713302184363854E-005  6.35931497066470484E-005  1.33327539567561914E-004  3.53813222909489500E-004  5.84128029345412116E-003  0.86183311273424801        2.7297344939112422     
  3.05678499507789619E-005  6.35741566058011334E-005  1.32772983297994266E-004  3.22330427230346111E-004  4.56846295526409235E-003  0.59328361597966228        2.0688010071748861     
