  0.76881908170633018       0.77407792168857703       0.78575605022105022       0.82016491344284903       0.96971285171779920        1.7987635680404401        6.0865427466974316     
  0.80071303681329675       0.80579190950871948       0.81709608930168220       0.85106130632765120        1.0011673189823214        1.8489256045409677        6.3991475792735821     
  0.83274563816774372       0.83742658494057887       0.84807308771788115       0.88145040111270412        1.0320634826491002        1.8988983599175286        6.7237485443248763     
  0.86473655204998578       0.86894309904952716       0.87892362644531719       0.91153009129615048        1.0626806631287666        1.9488889142876258        7.0607029225377476     
  0.89653869790411134       0.90024775773695598       0.90955260935287996       0.94134489614810279        1.0930240462023690        1.9988352164288290        7.4107304428190846     
  0.92799880945054136       0.93124658537141225       0.93986176275167810       0.97082990624042398        1.1230450191237713        2.0487237723447564        7.7746119799969033     
  0.95900306463750384       0.96184510439995974       0.96979361278877718       0.99993094370091484        1.1526928450987064        2.0984254690072968        8.1531902892857513     
  0.98946677964833729       0.99195136076362123       0.99924238777563223        1.0285856961340341        1.1818885331342881        2.1479444663476674        8.5467522953864883     
   1.0192796618461348        1.0214086857476128        1.0281131941809183        1.0566376029068849        1.2105726479695711        2.1971950634814368        8.9561569842432078     
   1.0483446855446847        1.0501406403372131        1.0563127507428396        1.0840504744135353        1.2386851908145822        2.2461524597478557        9.3820598681022904     
   1.0765528324523701        1.0780964703130538        1.0838277187703258        1.1107639966150371        1.2662010426428467        2.2948195224786807        9.8250255474243158     
   1.1038438298944382        1.1051698190309787        1.1104128027100877        1.1367353906082756        1.2930955228714702        2.3431539690419969        10.285826206188023     
   1.1301848794697085        1.1312867589126079        1.1361338916293682        1.1619423366352482        1.3193290926626609        2.3911546134664339        10.765268285460181     
   1.1554848825771027        1.1564454777112805        1.1609371524824412        1.1863489608000086        1.3448748882594002        2.4387898041384175        11.264437261352302     
   1.1796876135406664        1.1804573936416995        1.1847653174864612        1.2099411934703552        1.3697210773641946        2.4860422169972161        11.784341803258917     
   1.2027298373211084        1.2033936805013377        1.2075154267964623        1.2327170399488654        1.3938126742375183        2.5328792166074590        12.325938163224988     
   1.2245799511868056        1.2252212347170388        1.2292153851703980        1.2545085884780851        1.4171735475224805        2.5792633291634757        12.890092030520607     
   1.2452546118753141        1.2458690220272080        1.2498487622050629        1.2753554218407128        1.4396260201280109        2.6251297808802603        13.477577074973150     
   1.2647203867787835        1.2653449245949591        1.2694006308981922        1.2952347842357967        1.4611861011153384        2.6704913115857991        14.089066263865083     
   1.2829405456267262        1.2836354588927874        1.2878457753468062        1.3141549449152117        1.4818577616083968        2.7152928657974011        14.725062290791158     
   1.2999248979340483        1.3007097684852740        1.3051663264911948        1.3320955652103614        1.5016133763812460        2.7595330787058137        15.386555720108898     
   1.3156711320996433        1.3165885190421383        1.3213571162480520        1.3490310759192583        1.5204242879360574        2.8031974600394913        16.074461757649761     
   1.3301953839560210        1.3312752331789142        1.3364423027265075        1.3649387721028190        1.5382615496017475        2.8462597878751832        16.789633167385475     
   1.3434894141109623        1.3447746672777616        1.3504029085477509        1.3798064077267380        1.5551033762051298        2.8886946611601756        17.532947594660584     
   1.3555717409689514        1.3570972537722710        1.3632363217590748        1.3936049023749197        1.5709271136720324        2.9305034101803664        18.305300133269789     
   1.3664514239061103        1.3682472735224147        1.3749300149014070        1.4063211634711579        1.5857074301933916        2.9716731866264876        19.107509586780949     
   1.3761503954026149        1.3782301388043667        1.3854993759485390        1.4179387601201010        1.5994230331909174        3.0121800063259871        19.940267537499384     
   1.3846743302302582        1.3870514389622841        1.3949417027040645        1.4284528015124220        1.6120500109030618        3.0520039901297471        20.804283059831825     
   1.3920237012932015        1.3947074846343572        1.4032566607081127        1.4378552174498194        1.6235600497186700        3.0911443825434723        21.700307576560505     
   1.3982236914442812        1.4012353573865850        1.4104390361564332        1.4461227123797873        1.6339353937003640        3.1296054068417507        22.629175700904764     
   1.4032552948859960        1.4065995244515554        1.4164672652353882        1.4532363151179482        1.6431319977225924        3.1673853294497420        23.591364907614011     
   1.4071187975734651        1.4107977528155184        1.4213300854857316        1.4591795671183192        1.6511264308586688        3.2044041930544820        24.587494564495607     
   1.4097988873652811        1.4138112357364303        1.4250037466613181        1.4639077594507772        1.6578872991433851        3.2406457423620418        25.617909357418878     
   1.4112701923003459        1.4156201642067239        1.4274281169733003        1.4673398552803110        1.6633928097831481        3.2763051142175978        26.683009241150732     
   1.4114881148782217        1.4161722804459416        1.4285720486270164        1.4694639146137485        1.6675719080293103        3.3115623026384724        27.783004067667623     
   1.4103961443090607        1.4154065161622895        1.4283695946199495        1.4702593758707128        1.6703296951793891        3.3463613535578713        28.918047988200236     
   1.4078987046573832        1.4132356977743779        1.4267770107534257        1.4694588553052821        1.6716106785951106        3.3800569853496412        30.088071592680912     
   1.4039149656332062        1.4095130054076030        1.4236525459831701        1.4672371903027299        1.6713450342885479        3.4125967913801336        31.292814927553668     
   1.3982397664879405        1.4041621647977724        1.4188081942533908        1.4633605524295543        1.6695169516716322        3.4441503417570170        32.531832170139594     
   1.3907013618784012        1.3968827826376604        1.4120503410168916        1.4575507495885365        1.6659219184127987        3.4752145556819389        33.804863316906605     
   1.3809443637504903        1.3873821221615863        1.4030505180675275        1.4495275189541839        1.6603139868754684        3.5049838613016058        35.111146697048760     
   1.3684843495831849        1.3751778895962554        1.3914180674774674        1.4389793133653503        1.6525664790286156        3.5332304141505206        36.449318691114549     
   1.3525188725824635        1.3595266613468857        1.3764514525575919        1.4253574532948181        1.6422125146353066        3.5600639814619814        37.818303687640942     
   1.3318318364803905        1.3392830053845233        1.3571837334790089        1.4081000240772101        1.6287632114284301        3.5852590328422749        39.215113176305117     
  0.93070721860890315       0.93879119394906663       0.95795343958820511        1.0124839979653273        1.2575131631742189        3.4444531709267427        40.634774492533829     
  0.90640141671549856       0.91537973936361905       0.93643371973498013       0.99488611491873280        1.2478901217971159        3.4740905888138407        42.075708710188195     
  0.88334466496258612       0.89297288462372659       0.91551659582165412       0.97731209257139717        1.2375345841837671        3.5015990531166814        43.531443961069016     
  0.86169837413659900       0.87167674543728435       0.89529966020653495       0.95988238249890212        1.2266461904733070        3.5268341169251607        44.998984963459257     
  0.84165382760503682       0.85175908485180796       0.87592355074295214       0.94270124965072499        1.2152593758994252        3.5498009874313357        46.476942942508295     
  0.82307783374421095       0.83325395117182499       0.85758033762085806       0.92585476141339607        1.2035379395078156        3.5706152873862576        47.965368505019256     
  0.80592441344600385       0.81604086045570656       0.84033214608134865       0.90940594657496721        1.1915542105247965        3.5892940204054375        49.463045478718712     
  0.79024401103968289       0.80009621402175490       0.82407903494606072       0.89332901810289123        1.1791771057073319        3.6054872155820292        50.963501863089149     
  0.77590795235617416       0.78542686052548583       0.80877680187224210       0.87759765097794495        1.1662894191828379        3.6187603678858760        52.458462225648404     
  0.76271752497908440       0.77189474270428338       0.79443767414317645       0.86222533491371689        1.1528524877440440        3.6288310174924980        53.941137042260415     
  0.75061286556188400       0.75939508496361963       0.78103890188471103       0.84723254604448139        1.1388465941117940        3.6354503347629090        55.404686526510410     
  0.73961253442343655       0.74789630921527084       0.76852329681379761       0.83264688267090015        1.1242021108308791        3.6381975240949869        56.839173683840123     
  0.72978332561721282       0.73742859119535775       0.75685057579225357       0.81846443229145904        1.1088078828731756        3.6364895520403850        58.231270090659429     
  0.72121700004342604       0.72807088496425942       0.74602436535131067       0.80470043576977646        1.0925212512798541        3.6296388945648053        59.565088407065140     
  0.71396700941072078       0.71990636207843617       0.73609590301657135       0.79136251688740922        1.0752612033135787        3.6169518984249995        60.822965913088169     
  0.70801634569550687       0.71297757515440818       0.72714496857778144       0.77848195768677964        1.0569595925338722        3.5976845437928375        61.984926920605410     
  0.70327843665381973       0.70726963223367689       0.71925678797972370       0.76611749391389539        1.0374359806616051        3.5710968624474386        63.029330438551170     
  0.69958593998723517       0.70269855222429367       0.71249617134290233       0.75435008653764368        1.0167369377473239        3.5364095041732626        63.932436810176071     
  0.69674787006988625       0.69912354741087634       0.70687597167723104       0.74330278950014395       0.99468906705110849        3.4929078141844920        64.670001317809351     
  0.69460033604865801       0.69637557114363302       0.70233755599484238       0.73313393616328004       0.97125443002690071        3.4399622971092172        65.218169318271535     
  0.69302337804066005       0.69430845092179194       0.69877781956666563       0.72401650735680756       0.94651633533442692        3.3772230079268426        65.553733966642611     
  0.69191875558821059       0.69280681714659487       0.69606062990569284       0.71609128323762361       0.92063162525244380        3.3043661466433645        65.653416200048383     
  0.69119387636225482       0.69176979931778937       0.69404548635022556       0.70945027615130929       0.89391321952869363        3.2207708451154251        65.492548555852693     
  0.69075876980612660       0.69110175263645868       0.69261362398139348       0.70408847122382701       0.86689361967560918        3.1262439527900545        65.047471268601086     
  0.69052235225436043       0.69070961562092736       0.69165122896906472       0.69992465794317726       0.84005245621672020        3.0206624548680856        64.295275866963138     
  0.69040748813852937       0.69050190052798610       0.69105248452618473       0.69681954483908815       0.81415362318871565        2.9041832827856817        63.217024038554428     
  0.69035773194572836       0.69040346362017702       0.69071302384447353       0.69460248870026164       0.78993876693777576        2.7769544430322384        61.799993812429840     
  0.69033862681983749       0.69036161186280431       0.69053725764101637       0.69309630024077451       0.76809731647209700        2.6396831271104011        60.036843559593343     
  0.69033221503118758       0.69034530477610245       0.69045277246041414       0.69212975076108796       0.74921855180998764        2.4934505579783925        57.929617887466307     
  0.69033030901287062       0.69033907975794895       0.69041217702626101       0.69153985305090226       0.73365909068596269        2.3395382692217428        55.488339575566599     
  0.69032968812514572       0.69033628862940910       0.69039035804936055       0.69118768686978471       0.72148843364560356        2.1798294135665279        52.734628692764268     
  0.69032936559760072       0.69033456226703571       0.69037607573986204       0.69096860571585916       0.71244672633256567        2.0164467811864859        49.700072805960822     
  0.69032913330851220       0.69033326092472680       0.69036519613904701       0.69081823268052056       0.70604973353093270        1.8512160623134559        46.444337508244310     
  0.69032895768736124       0.69033224855806374       0.69035649291401369       0.69070407596375205       0.70165901656812235        1.6872071829901674        43.039968847914118     
  0.69032882848309707       0.69033147949091311       0.69034959970298859       0.69061270984064438       0.69866089674077925        1.5280112842639473        39.561969094980896     
  0.69032873724456545       0.69033091771346178       0.69034431501939630       0.69053958099648693       0.69655627770649453        1.3780906961872432        36.114944092433511     
  0.69042169854963731       0.69042354527547711       0.69043342235039540       0.69057522634104107       0.69511527635838022        1.2420976260259706        32.818311012575940     
