  1.16928221207982950E-004  1.08066041591350828E-003  4.16694830400243625E-003  6.52546759428885778E-003  4.16694830400241890E-003  1.08066041591350546E-003  1.16928221207981826E-004
  1.16824517308089409E-004  1.07970197578302922E-003  4.16325262826805920E-003  6.51968014254136665E-003  4.16325262826805140E-003  1.07970197578302791E-003  1.16824517308087946E-004
  1.16716665252199775E-004  1.07870519804733798E-003  4.15940912550432414E-003  6.51366119272404811E-003  4.15940912550432761E-003  1.07870519804734231E-003  1.16716665252198813E-004
  1.16604665040314780E-004  1.07767008270641569E-003  4.15541779571122153E-003  6.50741074483679634E-003  4.15541779571122500E-003  1.07767008270642111E-003  1.16604665040313885E-004
  1.16492072234716007E-004  1.07662949056476455E-003  4.15140534777105365E-003  6.50112722579669275E-003  4.15140534777106666E-003  1.07662949056476715E-003  1.16492072234715573E-004
  1.16380664616544180E-004  1.07559985202459888E-003  4.14743513612502151E-003  6.49490984906229800E-003  4.14743513612501370E-003  1.07559985202459888E-003  1.16380664616543800E-004
  1.16269849592087431E-004  1.07457569028517790E-003  4.14348604262602862E-003  6.48872554348071083E-003  4.14348604262600954E-003  1.07457569028517660E-003  1.16269849592085995E-004
  1.16159627161343377E-004  1.07355700534649771E-003  4.13955806727410881E-003  6.48257430905202665E-003  4.13955806727407324E-003  1.07355700534649814E-003  1.16159627161342496E-004
  1.16047626949457799E-004  1.07252189000558366E-003  4.13556673748097150E-003  6.47632386116474366E-003  4.13556673748096629E-003  1.07252189000558930E-003  1.16047626949456986E-004
  1.15931478581577090E-004  1.07144843705945223E-003  4.13142758065847271E-003  6.46984191520760463E-003  4.13142758065847271E-003  1.07144843705945245E-003  1.15931478581576399E-004
  1.15809996870273139E-004  1.07032569290661816E-003  4.12709836051254261E-003  6.46306232887489552E-003  4.12709836051251399E-003  1.07032569290661252E-003  1.15809996870272190E-004
  1.15680811440691770E-004  1.06913175034408121E-003  4.12249460445486982E-003  6.45585281755518652E-003  4.12249460445486635E-003  1.06913175034407471E-003  1.15680811440690807E-004
  1.15545107480259480E-004  1.06787756297333641E-003  4.11765854877960483E-003  6.44827952355425411E-003  4.11765854877962391E-003  1.06787756297333945E-003  1.15545107480258383E-004
  1.15401107207836211E-004  1.06654670039216465E-003  4.11252683904562814E-003  6.44024323341348386E-003  4.11252683904560993E-003  1.06654670039216509E-003  1.15401107207835127E-004
  1.15248810623421068E-004  1.06513916260055617E-003  4.10709947525289120E-003  6.43174394713296252E-003  4.10709947525288773E-003  1.06513916260055292E-003  1.15248810623419672E-004
  1.15088217727014295E-004  1.06365494959850099E-003  4.10137645740140614E-003  6.42278166471259640E-003  4.10137645740137318E-003  1.06365494959849709E-003  1.15088217727013617E-004
  1.14918143331189040E-004  1.06208310778452297E-003  4.09531554919705196E-003  6.41329024384678249E-003  4.09531554919704069E-003  1.06208310778452232E-003  1.14918143331188254E-004
  1.14737402248517328E-004  1.06041268355712448E-003  4.08887451434575017E-003  6.40320354222977204E-003  4.08887451434574150E-003  1.06041268355712448E-003  1.14737402248516488E-004
  1.14544809291572267E-004  1.05863272331481353E-003  4.08201111655336155E-003  6.39245541755595250E-003  4.08201111655335375E-003  1.05863272331481266E-003  1.14544809291571332E-004
  1.14337994085499071E-004  1.05672131985460292E-003  4.07464088323171523E-003  6.38091358521387236E-003  4.07464088323168747E-003  1.05672131985460791E-003  1.14337994085497661E-004
  1.14116364036582796E-004  1.05467299637576725E-003  4.06674269623372685E-003  6.36854497405075007E-003  4.06674269623369129E-003  1.05467299637576313E-003  1.14116364036582295E-004
  1.13878141363684874E-004  1.05247132247604774E-003  4.05825320111819886E-003  6.35525037060801629E-003  4.05825320111821795E-003  1.05247132247603841E-003  1.13878141363684237E-004
  1.13621548285662384E-004  1.05009986775321160E-003  4.04910904344407165E-003  6.34093056142719189E-003  4.04910904344403955E-003  1.05009986775320358E-003  1.13621548285661625E-004
  1.13345992208803068E-004  1.04755315540652262E-003  4.03928910506420446E-003  6.32555247535541813E-003  4.03928910506419579E-003  1.04755315540651850E-003  1.13345992208801292E-004
  1.13051473133105054E-004  1.04483118543597015E-003  4.02879338597861465E-003  6.30911611239261955E-003  4.02879338597861812E-003  1.04483118543596777E-003  1.13051473133103902E-004
  1.12736805871141871E-004  1.04192300424007307E-003  4.01757964989322893E-003  6.29155533023320439E-003  4.01757964989323674E-003  1.04192300424006809E-003  1.12736805871141370E-004
  1.12399027454345918E-004  1.03880122781509427E-003  4.00554230607274436E-003  6.27270477311293526E-003  4.00554230607272962E-003  1.03880122781508906E-003  1.12399027454345037E-004
  1.12035767507861797E-004  1.03544394895805649E-003  3.99259688192896839E-003  6.25243215642044825E-003  3.99259688192896232E-003  1.03544394895805584E-003  1.12035767507861025E-004
  1.11645840844261764E-004  1.03184021406747079E-003  3.97870114116778608E-003  6.23067133784997295E-003  3.97870114116777480E-003  1.03184021406747014E-003  1.11645840844261330E-004
  1.11229247463546279E-004  1.02799002314333241E-003  3.96385508378919917E-003  6.20742231740169063E-003  3.96385508378920351E-003  1.02799002314333198E-003  1.11229247463545954E-004
  1.10781839209720130E-004  1.02385503858042526E-003  3.94791088276383664E-003  6.18245359700551542E-003  3.94791088276382363E-003  1.02385503858042548E-003  1.10781839209719317E-004
  1.10301245707927772E-004  1.01941335317576993E-003  3.93078406550348425E-003  6.15563289205017621E-003  3.93078406550345389E-003  1.01941335317576038E-003  1.10301245707927244E-004
  1.09782726208460879E-004  1.01462115252338482E-003  3.91230568683168835E-003  6.12669563331289663E-003  3.91230568683167967E-003  1.01462115252338981E-003  1.09782726208458982E-004
  1.09222725149035619E-004  1.00944557581882327E-003  3.89234903786615924E-003  6.09544339387661609E-003  3.89234903786615056E-003  1.00944557581882067E-003  1.09222725149033708E-004
  1.08616501779942580E-004  1.00384280865610195E-003  3.87074517343047016E-003  6.06161160451868138E-003  3.87074517343045325E-003  1.00384280865609631E-003  1.08616501779941956E-004
  1.07959315351474467E-004  9.97769036629265289E-004  3.84732514834815013E-003  6.02493569601624413E-003  3.84732514834814883E-003  9.97769036629255314E-004  1.07959315351473763E-004
  1.07245239926493380E-004  9.91169491730844489E-004  3.82187778114874378E-003  5.98508495684089547E-003  3.82187778114871212E-003  9.91169491730842537E-004  1.07245239926492472E-004
  1.06468349567862366E-004  9.83989405953403923E-004  3.79419189036164263E-003  5.94172867546428462E-003  3.79419189036161314E-003  9.83989405953396767E-004  1.06468349567861092E-004
  1.05622718338444161E-004  9.76174011289470561E-004  3.76405629451632842E-003  5.89453614035787866E-003  3.76405629451633840E-003  9.76174011289467417E-004  1.05622718338443497E-004
  1.04704790675957506E-004  9.67690446934576370E-004  3.73134428473051406E-003  5.84330892460471589E-003  3.73134428473049541E-003  9.67690446934571166E-004  1.04704790675956964E-004
  1.03709233236979879E-004  9.58489421682009600E-004  3.69586579768067499E-003  5.78774938782915509E-003  3.69586579768066891E-003  9.58489421682006781E-004  1.03709233236978836E-004
  1.02629527490659357E-004  9.48510690723577575E-004  3.65738853374924806E-003  5.72749374734995466E-003  3.65738853374925413E-003  9.48510690723576057E-004  1.02629527490658639E-004
  1.01460340093573564E-004  9.37704962852562687E-004  3.61572242961277551E-003  5.66224436279152803E-003  3.61572242961275209E-003  9.37704962852556616E-004  1.01460340093573238E-004
  1.00186263609167649E-004  9.25929841249580120E-004  3.57031841344777933E-003  5.59114138417998296E-003  3.57031841344779190E-003  9.25929841249575132E-004  1.00186263609166714E-004
  9.87936683820255895E-005  9.13059359497483567E-004  3.52069076787215251E-003  5.51342417499988986E-003  3.52069076787214818E-003  9.13059359497482050E-004  9.87936683820242885E-005
  9.72724803190153011E-005  8.99000411983596820E-004  3.46648048438589129E-003  5.42853052565293957E-003  3.46648048438589649E-003  8.99000411983590640E-004  9.72724803190143524E-005
  9.56108475458632726E-005  8.83643462693010895E-004  3.40726520004795393E-003  5.33579901308231259E-003  3.40726520004795697E-003  8.83643462693006775E-004  9.56108475458625001E-005
  9.38099552499977102E-005  8.66999465227212248E-004  3.34308715115246707E-003  5.23529577959367266E-003  3.34308715115247401E-003  8.66999465227208887E-004  9.38099552499971004E-005
  9.18804701182633095E-005  8.49167001999626332E-004  3.27432646434635882E-003  5.12761610593818508E-003  3.27432646434636749E-003  8.49167001999625139E-004  9.18804701182632418E-005
  8.98395773683585453E-005  8.30304900231869651E-004  3.20159556589422233E-003  5.01371905554832617E-003  3.20159556589422146E-003  8.30304900231868784E-004  8.98395773683579896E-005
  8.76979436871285194E-005  8.10511742337373083E-004  3.12527458244299177E-003  4.89419990917518664E-003  3.12527458244298310E-003  8.10511742337367011E-004  8.76979436871279096E-005
  8.54454949814401733E-005  7.89694422703447296E-004  3.04500450549274231E-003  4.76849645722051633E-003  3.04500450549275445E-003  7.89694422703445995E-004  8.54454949814395498E-005
  8.30697867833077080E-005  7.67737928514443716E-004  2.96034185395537865E-003  4.63591420547452941E-003  2.96034185395538689E-003  7.67737928514444475E-004  8.30697867833061766E-005
  8.05690413115886652E-005  7.44625829368126429E-004  2.87122327338974097E-003  4.49635394047879448E-003  2.87122327338973663E-003  7.44625829368123502E-004  8.05690413115879605E-005
  7.79450363474246496E-005  7.20374555666728530E-004  2.77771211823698606E-003  4.34991487569180105E-003  2.77771211823697782E-003  7.20374555666725602E-004  7.79450363474239720E-005
  7.51930311411065492E-005  6.94940293004286968E-004  2.67963944332067676E-003  4.19633244189079359E-003  2.67963944332065985E-003  6.94940293004283932E-004  7.51930311411056547E-005
  7.23035441932152052E-005  6.68235412568872391E-004  2.57666735828794092E-003  4.03507750063033729E-003  2.57666735828793658E-003  6.68235412568868271E-004  7.23035441932143378E-005
  6.92670940043319466E-005  6.40172285548555771E-004  2.46845797278597793E-003  3.86562091346489504E-003  2.46845797278597142E-003  6.40172285548551434E-004  6.92670940043311063E-005
  6.60777546373194822E-005  6.10696143935880883E-004  2.35480010534419928E-003  3.68763196886604449E-003  2.35480010534419538E-003  6.10696143935878172E-004  6.60777546373190214E-005
  6.27325631236106708E-005  5.79779603727121349E-004  2.23558816522736147E-003  3.50094531106962112E-003  2.23558816522735236E-003  5.79779603727118421E-004  6.27325631236098848E-005
  5.92338898380583879E-005  5.47444572125255604E-004  2.11090662502367394E-003  3.30569322468695932E-003  2.11090662502366787E-003  5.47444572125252893E-004  5.92338898380581847E-005
  5.55888459052284088E-005  5.13756770739235541E-004  1.98100890249777988E-003  3.10227256355216727E-003  1.98100890249777901E-003  5.13756770739231205E-004  5.55888459052281039E-005
  5.18128387616756655E-005  4.78858596388444301E-004  1.84644406947307533E-003  2.89154317763916976E-003  1.84644406947306753E-003  4.78858596388440452E-004  5.18128387616753131E-005
  4.79301647496609590E-005  4.42974597903448327E-004  1.70807796997873764E-003  2.67486098421452221E-003  1.70807796997873070E-003  4.42974597903445725E-004  4.79301647496604372E-005
  4.39728239297228139E-005  4.06400522524511790E-004  1.56705098395567254E-003  2.45401182553168671E-003  1.56705098395566061E-003  4.06400522524508483E-004  4.39728239297223396E-005
  3.99775571121092598E-005  3.69475931897857840E-004  1.42467243652116913E-003  2.23104611306693037E-003  1.42467243652116870E-003  3.69475931897855618E-004  3.99775571121090633E-005
  3.59828828882094632E-005  3.32556818071947388E-004  1.28231500723373771E-003  2.00811347175502627E-003  1.28231500723372557E-003  3.32556818071946412E-004  3.59828828882093345E-005
  3.20314680054080197E-005  2.96037510700465829E-004  1.14149920268120215E-003  1.78759502460061723E-003  1.14149920268119629E-003  2.96037510700464528E-004  3.20314680054078165E-005
  2.81677569922309941E-005  2.60328769839328995E-004  1.00380888389257797E-003  1.57197110806692078E-003  1.00380888389257211E-003  2.60328769839328344E-004  2.81677569922308552E-005
  2.44391573457723885E-005  2.25868739548182676E-004  8.70933502632145057E-004  1.36388741438133658E-003  8.70933502632145274E-004  2.25868739548181835E-004  2.44391573457722360E-005
  2.08942617505538422E-005  1.93106517488164778E-004  7.44604746958290524E-004  1.16605577807695100E-003  7.44604746958288247E-004  1.93106517488163477E-004  2.08942617505536118E-005
  1.75781073288147032E-005  1.62458340515936393E-004  6.26427596047071655E-004  9.80989606769805010E-004  6.26427596047070029E-004  1.62458340515936122E-004  1.75781073288145744E-005
  1.45315830467989228E-005  1.34302107882944863E-004  5.17859202045185991E-004  8.10970810006042867E-004  5.17859202045183606E-004  1.34302107882944754E-004  1.45315830467987652E-005
  1.17866889650449087E-005  1.08933566829450275E-004  4.20039944893512861E-004  6.57785230039156484E-004  4.20039944893511289E-004  1.08933566829449679E-004  1.17866889650446935E-005
  9.36594364467233654E-006  8.65608357837835965E-005  3.33772314180089580E-004  5.22689570677165906E-004  3.33772314180088550E-004  8.65608357837835423E-005  9.36594364467229080E-006
  7.27942117881405084E-006  6.72770203586206458E-005  2.59415318404822997E-004  4.06246041518399097E-004  2.59415318404821751E-004  6.72770203586204967E-005  7.27942117881396529E-006
  5.52949194232444745E-006  5.11040277569433136E-005  1.97053430155925865E-004  3.08586927174225108E-004  1.97053430155925188E-004  5.11040277569428867E-005  5.52949194232438816E-006
  4.10311887350278680E-006  3.79213683623487127E-005  1.46222050198224101E-004  2.28984662282106138E-004  1.46222050198223938E-004  3.79213683623484552E-005  4.10311887350274699E-006
  2.97245006780618790E-006  2.74716325397949786E-005  1.05928625620204425E-004  1.65884902658441577E-004  1.05928625620203774E-004  2.74716325397949143E-005  2.97245006780615614E-006
  2.10370768355499959E-006  1.94426426467848013E-005  7.49694220398175291E-005  1.17402592591201463E-004  7.49694220398173665E-005  1.94426426467846387E-005  2.10370768355499790E-006
  1.45422497336451009E-006  1.34400690296365059E-005  5.18239328692146508E-005  8.11566090757204623E-005  5.18239328692145966E-005  1.34400690296364738E-005  1.45422497336449167E-006
