  0.98551174882254178       0.98121556573430724       0.97022420309870039       0.94810455349879597       0.88007866159403347       0.96192959038924830        1.0000000000000009     
  0.98733675740040661       0.98324470670543385       0.97299818282494721       0.95066985614085087       0.88252029559188694       0.96163630397136002       0.99999999999999811     
  0.98884660004621927       0.98514466992625349       0.97648638873444493       0.95308463617035111       0.88470068028918847       0.96139108933915440        1.0000000000000013     
  0.99020429957648815       0.98676474800458380       0.97836689363287888       0.95535162431916987       0.88660857507174706       0.96095544140764566       0.99999999999999856     
  0.99137790083257171       0.98816789213776146       0.97943592611143082       0.95300173299923574       0.88823993081238739       0.96056613800955493       0.99999999999999911     
  0.99235778946300346       0.98935810076555675       0.98122205903646675       0.95502577039163394       0.88947925877098166       0.96013372206799985       0.99999999999999734     
  0.99305695370851088       0.99024725999675511       0.98243667815504632       0.95584987136772592       0.89017301315079111       0.95969897432064633        1.0000000000000004     
  0.99331786430226565       0.99054431238271279       0.98274430356648790       0.95642784030477557       0.89006161765847702       0.95991267848166639        1.0000000000000004     
  0.99307902816582261       0.98986097909214310       0.98185323890242893       0.95583472398534086       0.88909742423395355       0.95945528028878624       0.99999999999999734     
  0.99174104158467768       0.98909719083808434       0.98121576205847572       0.95517916406913905       0.88733251808097768       0.95899671327231317       0.99999999999999956     
  0.99042501836702601       0.98694721349854420       0.97920336574354139       0.95367817936446142       0.88475822960448447       0.95875256266368702        1.0000000000000004     
  0.98788072656793890       0.98552001938173073       0.97717660035154141       0.95206858788946491       0.88138987054139395       0.95873467682840363       0.99999999999999667     
  0.98614746046563262       0.98336240738665925       0.97544692798568922       0.95007016597856064       0.87769828065567035       0.95832866242967618       0.99999999999999745     
  0.98379289915599233       0.98021846940227964       0.97347965370901124       0.94763512195193811       0.88303124947047773       0.95788340899701130        1.0000000000000004     
  0.98166215135274904       0.97800628516953025       0.96978602359123545       0.94404051503639475       0.87799456005775645       0.95858761757988997       0.99999999999999867     
  0.97812608066512408       0.97566421019893135       0.96486461149007174       0.94049081776843269       0.87159474598754749       0.95892275247621228       0.99999999999999933     
  0.97533792804295771       0.97212616258555740       0.96202535487447483       0.93522531528773467       0.86416143206764895       0.95933469035515206        1.0000000000000016     
  0.97205618625925128       0.96763150578698476       0.95879304630644213       0.93035475917918098       0.85549712576558079       0.95896389240381219        1.0000000000000002     
  0.96752611101558750       0.96391254805118409       0.95536975652071121       0.92466505347281047       0.84579913600293921       0.95854206482517279        1.0000000000000016     
  0.96391767423904362       0.96069461191214567       0.95102623139837716       0.91731508363965997       0.83654537153005781       0.95813948789627668       0.99999999999999811     
  0.96077767587279705       0.95728103965781619       0.94609676923859420       0.90974386129802476       0.82835222799614217       0.95773275450293416        1.0000000000000009     
  0.95738491936442494       0.95266280704864603       0.94098742813097835       0.90198182924694670       0.81731399229642554       0.95729859980946264       0.99999999999999967     
  0.95298309072555365       0.94846076794129786       0.93516180989103659       0.89358305032653085       0.80643627836794651       0.95685752041376559       0.99999999999999889     
  0.94881241120170023       0.94368548520425011       0.92965048844129594       0.88512992358785736       0.79014220648745137       0.95640891958187613       0.99999999999999967     
  0.94482572452300784       0.93923154068076808       0.92379137413646117       0.87759415994392120       0.77942960470988576       0.95595280143738659       0.99999999999999978     
  0.94076919523874136       0.93459554456033356       0.91873890543938519       0.86985243240029220       0.76993543389901387       0.95548994300604140        1.0000000000000042     
  0.93684987182846302       0.92274232121700572       0.90553768360938325       0.86263692806743897       0.76025888644421147       0.95506898231841564        1.0000000000000007     
  0.92568357985578908       0.91811179937512744       0.90036948430975616       0.85604983675161483       0.75787841964473368       0.95460859329603109        1.0000000000000002     
  0.92166601060414677       0.91383947695913925       0.89518093178671354       0.85649227989100629       0.74998934130999373       0.95414749340159632       0.99999999999999978     
  0.91144273687967658       0.90226754354495764       0.88128433590508393       0.84556948378377950       0.74278185537001162       0.95452498102178951        1.0000000000000004     
  0.90746021025513224       0.89800098179912546       0.87745051105513971       0.83605254262377382       0.73630997268466569       0.95425170470162712       0.99999999999999856     
  0.88721903618160003       0.87762242766191412       0.87338002904069167       0.82128550066924288       0.73127035728816425       0.95424277261958013        1.0000000000000004     
  0.88593030132514494       0.87518880176571179       0.85173535065750783       0.81665602719492614       0.72732760708115474       0.95458833806795529        1.0000000000000020     
  0.88519954527178357       0.87407311148348410       0.85076502622243255       0.81530458224410496       0.72440672808659667       0.95615073398077277       0.99999999999999889     
  0.87744179268282996       0.87351034365516000       0.85056801164180806       0.81511892530677210       0.71557117483536037       0.95679216499080255       0.99999999999999989     
  0.87830105090995103       0.86800882520087763       0.84489587309894854       0.79776826369377785       0.71137061213804653       0.95669511225105808        1.0000000000000033     
  0.87625038669725352       0.86437586411948775       0.84235745355706326       0.79390103852837690       0.69050381630794100       0.95628663608737097        1.0000000000000009     
  0.87157707746185631       0.85914660412107968       0.84126946734021113       0.78740579406658973       0.69364631797612097       0.95613752692609177       0.99999999999999944     
  0.84691428234234167       0.85826011867201324       0.83615028980249906       0.79135834413557915       0.69394463946801144       0.95616982432403386        1.0000000000000013     
  0.84879828972496063       0.83666176489385047       0.81034426166235540       0.79660054100692501       0.66964482833625205       0.95627915130091479       0.99999999999999789     
  0.85289589781651565       0.84154317420810243       0.81702152609100287       0.77291106146211797       0.66215682534999487       0.95647007106013637       0.99999999999999878     
  0.81623949588697531       0.82904326500094494       0.81730021598036884       0.76724789920680303       0.65758353163965089       0.95672343632786438       0.99999999999999711     
  0.81963780935553443       0.81164797402789113       0.78772810543323712       0.76362596353099388       0.62986571295269689       0.95693073962852326        1.0000000000000004     
  0.79066364356443952       0.80666809794502148       0.78574718049063796       0.73886490988954001       0.61512350807731675       0.95719743239680022       0.99999999999999789     
  0.78807906768424885       0.77807744175055682       0.75537594180605960       0.74077831342468903       0.62718961658024508       0.95711840593675945        1.0000000000000004     
  0.81380587932965731       0.80148277109547228       0.77571140592219101       0.75778021855557454       0.64004785703927647       0.95739837496737601       0.99999999999999911     
  0.83946926612357009       0.82648988062992657       0.79817351407054360       0.77612011508875456       0.65218458540482860       0.95774428214020080        1.0000000000000007     
  0.86220545896450884       0.84967829590878774       0.82071538924073517       0.79491437844417889       0.66497071483745307       0.95815286780178555       0.99999999999999756     
  0.88173787371365830       0.87013434711316762       0.84205604508196352       0.81352672184537689       0.67844876956960054       0.95890040733907700        1.0000000000000036     
  0.89870568965665798       0.88806197758163774       0.86165370799846008       0.83155423687608543       0.69262549996907896       0.96423425696240195       0.99999999999999734     
  0.91403581113035481       0.90412624172317746       0.87948396978589372       0.84878825902846178       0.70749345831297283       0.96474490103408417        1.0000000000000013     
  0.92807005776803531       0.91877322427792862       0.89576327350937179       0.86515432401950199       0.72302900907361578       0.96532154222643873        1.0000000000000018     
  0.94067131756086109       0.93207535094049676       0.91069427484187060       0.88064289233753190       0.73917893556428993       0.96595818332980365        1.0000000000000007     
  0.95164500271596053       0.94392156544795669       0.92435154835968691       0.89525646961933858       0.75587431152877027       0.96664094457958349        1.0000000000000002     
  0.96097381684052241       0.95423435630010456       0.93670598244042635       0.90898066121092291       0.77302842563600294       0.96734822981177482       0.99999999999999789     
  0.96881797388593960       0.96306139501612098       0.94770827628529331       0.92177688809032599       0.79054220668426511       0.96806468441864413       0.99999999999999933     
  0.97540714003896167       0.97054894558180782       0.95735048365517128       0.93358722995975252       0.80829289305575569       0.96879712351468139       0.99999999999999545     
  0.98094802937735193       0.97687770524396955       0.96568968457853521       0.94435353944992795       0.82614330928861301       0.96955263433457484        1.0000000000000027     
  0.98558248530182757       0.98220510658783389       0.97282880999188814       0.95403509993978153       0.84393165354806110       0.97084084420892958        1.0000000000000013     
  0.98939864383935905       0.98664413383188587       0.97888570222671722       0.96261821813050974       0.86148006780219755       0.97467447054490597       0.99999999999999767     
  0.99245843437404957       0.99027521170401356       0.98396856860990067       0.97011882225621104       0.87859533411194479       0.97553196681790766        1.0000000000000013     
  0.99483988583993588       0.99316063373183727       0.98816451936804373       0.97657361665082953       0.89506628035270552       0.97648323133857662       0.99999999999999911     
  0.99661345908122101       0.99538641266101580       0.99154719295474725       0.98203443597479756       0.91067106151575594       0.97752891038117462        1.0000000000000011     
  0.99788622035149033       0.99701799564041216       0.99419152501959984       0.98656347081871809       0.92519816667318155       0.97867976592414441        1.0000000000000007     
  0.99874958352390553       0.99817659921772628       0.99617704475892555       0.99023055461109566       0.93845448226952777       0.97994712217683599        1.0000000000000000     
  0.99930485138391889       0.99894547194942207       0.99760529520079977       0.99311387685177444       0.95028552058759796       0.98134307178239477       0.99999999999999933     
  0.99963486741634333       0.99942748297056394       0.99857705956493126       0.99510304291273988       0.96058686337060495       0.98289044946668325       0.99999999999999722     
  0.99982115487008527       0.99970807185829202       0.99920123070585221       0.99631665088629551       0.96931131845984753       0.98458864455920636        1.0000000000000033     
  0.99991912248079629       0.99986086652001815       0.99957253163742943       0.99734630174835504       0.97648212638636933       0.98644281893886088       0.99999999999999878     
  0.99996725342574877       0.99993920194898533       0.99977980816065348       0.99829764066497717       0.98218637112625806       0.98844728367316759        1.0000000000000004     
  0.99998865487326782       0.99997595626700919       0.99988919673577603       0.99886368717163410       0.98656583604292580       0.99057614937253302       0.99999999999999711     
  0.99999675088734419       0.99999139235488832       0.99994387681204644       0.99927220757071133       0.98981319293019943       0.99284175622981741       0.99999999999999400     
  0.99999922427044818       0.99999702325234452       0.99997038569515795       0.99951430445923584       0.99215947312141572       0.99503446509227012       0.99999999999999911     
  0.99999982183585423       0.99999885303120795       0.99998346168047136       0.99965653015924361       0.99385383184522236       0.99693002420110555       0.99999999999999956     
  0.99999994694767869       0.99999947646538090       0.99999052228718555       0.99976084636879858       0.99514711323055804       0.99837592393532393        1.0000000000000016     
  0.99999997928846052       0.99999974963674565       0.99999479039523742       0.99982982591550651       0.99625543373304659       0.99930751608901713        1.0000000000000013     
  0.99999999203372480       0.99999989194083738       0.99999746108631593       0.99989882063693603       0.99731126290104755       0.99978680707170708       0.99999999999999833     
  0.99999999751497870       0.99999996228150723       0.99999899032468376       0.99994950943530991       0.99832452655260628       0.99996124819099030       0.99999999999999856     
  0.99999999947796403       0.99999999092764613       0.99999971619877570       0.99998136850772879       0.99920278815696828       0.99999678599183528       0.99999999999999900     
  0.99999999995995681       0.99999999913643045       0.99999996533374935       0.99999654553427064       0.99916027513012651       0.99999987983636618       0.99999999999999878     
  0.99999999999985645       0.99999999999521949       0.99999999966061826       0.99999992620628897       0.99992756315702369       0.99999999991789901        1.0000000000000016     
