  0.57385540592822670       0.57709075954835043       0.58249523966514616       0.59069954855734197       0.60325724273086190       0.64582490251378166       0.76348045213308480     
  0.56931511709125970       0.57260624817664452       0.57818589935980547       0.58719522284626380       0.60264561445619091       0.65234215231463988       0.77891546528769073     
  0.56537868721080575       0.56851757897768018       0.57398203493379751       0.58359536128810929       0.60158825911131752       0.65832153799253812       0.79382021990153540     
  0.56198581694931538       0.56489248941056758       0.57020178977888092       0.58015969246251098       0.60048381304923903       0.66389138458347563       0.80819660239219571     
  0.55907317543935386       0.56171958585694770       0.56681376347636947       0.57697145589277388       0.59942718696608610       0.66930534398361707       0.82220368962145385     
  0.55657926629456866       0.55897763964145752       0.56381332893065284       0.57406095058006945       0.59850838411890794       0.67465879222223690       0.83581442716073562     
  0.55446022269530693       0.55663242651883216       0.56119996696871299       0.57146241948367071       0.59771940593916639       0.67997554546881611       0.84924670051045448     
  0.55267940872013555       0.55464931155219477       0.55893794051196866       0.56917909150709800       0.59702317166824304       0.68531980899355516       0.86220900712125026     
  0.55119536892854171       0.55297327352389880       0.55699152042078304       0.56714277669784685       0.59649686352966402       0.69062964738918753       0.87483152633879024     
  0.54996881892224225       0.55156853737739975       0.55533119559509481       0.56536226181675564       0.59612798474474826       0.69586133670343053       0.88688401087839608     
  0.54896348749958035       0.55041075455879429       0.55393938604490411       0.56382692449303928       0.59591350050757441       0.70113146210920263       0.89826652577818999     
  0.54814778727362301       0.54945798978222271       0.55275734343549132       0.56251984512565445       0.59587911530336468       0.70642354189503065       0.90902737213058538     
  0.54750384829973964       0.54868476303722757       0.55178477256861003       0.56143183123005558       0.59600271506063762       0.71181792886837048       0.91895803287878930     
  0.54699887615592580       0.54807696583982768       0.55100012807523557       0.56055944472087682       0.59629634293031730       0.71733009606820808       0.92787380660912999     
  0.54661286670810527       0.54759380708656602       0.55039026807010361       0.55990217936713038       0.59677972149237390       0.72296910351065391       0.93599698330089653     
  0.54632945082060846       0.54723891192858010       0.54991959470970930       0.55946051896343640       0.59745278584665051       0.72873750658510217       0.94348640655172222     
  0.54613902680428794       0.54700116110324304       0.54959577842448204       0.55918653458528444       0.59834152189045320       0.73461138072830556       0.95037208975911180     
  0.54603942083117107       0.54686549624702074       0.54941165664805369       0.55909322731597455       0.59939081355323931       0.74056461779581684       0.95667566861859077     
  0.54602524825432719       0.54683126717979846       0.54936542611763861       0.55917669737421727       0.60061971809958248       0.74661657988853236       0.96229845266397829     
  0.54608901104976104       0.54689518112978053       0.54944870930301293       0.55944841588338690       0.60204228040129948       0.75279208744177717       0.96722360480828484     
  0.54623379815660611       0.54705118642086936       0.54965816477412277       0.55990813202155121       0.60366185129178751       0.75906642772109578       0.97154761970574577     
  0.54646233562185420       0.54730831489766130       0.54999849855908833       0.56055172150268939       0.60548473770917177       0.76545464667851049       0.97536164886340215     
  0.54678282405862022       0.54767112637115700       0.55048145243968827       0.56137773415448111       0.60751518649104153       0.77195441489369410       0.97873584072272757     
  0.54719782705525066       0.54814622463538654       0.55110553581571187       0.56239195140056386       0.60975935165434747       0.77856280202151384       0.98171472374581459     
  0.54771811428165640       0.54874276760553897       0.55187641790871877       0.56359332400157203       0.61222137702379498       0.78527402986293660       0.98433207210717777     
  0.54835284416600172       0.54946905197984963       0.55280071508157447       0.56498704768271302       0.61490309281094802       0.79207938023281566       0.98662166731633316     
  0.54911641171277947       0.55033365451435223       0.55389032894758217       0.56657626503446712       0.61781365891539586       0.79896994747119843       0.98861477314359691     
  0.55001817296706379       0.55134598661862588       0.55515349687951743       0.56837117571463425       0.62096601801985529       0.80593757736326188       0.99033924992305677     
  0.55106568250730981       0.55251251735211748       0.55659871691086205       0.57038073737143269       0.62435609456904173       0.81297540400089863       0.99184322258410607     
  0.55227787902572711       0.55386074900498217       0.55823593532160409       0.57260867918094260       0.62799493810324214       0.82008221599339060       0.99314912619865303     
  0.55365950689738763       0.55538668435408878       0.56006776077021647       0.57506000141966751       0.63188447816089399       0.82725542505712069       0.99427256843126566     
  0.55522381749258620       0.55710247578240890       0.56210344581368987       0.57774079400450262       0.63600642041450284       0.83449881575057783       0.99522887005352911     
  0.55698035133445278       0.55901731749093986       0.56435565920494180       0.58064755392485257       0.64034121646023756       0.84180539642439456       0.99604532215048058     
  0.55893638415628555       0.56114080814000045       0.56681109587196055       0.58375955506991650       0.64492888691802153       0.84909975271337901       0.99673694357581122     
  0.56109696665137032       0.56347407837761909       0.56948004051073042       0.58711485733739766       0.64976601341180407       0.85621207882955819       0.99732230704981273     
  0.56346573514523890       0.56601942827604845       0.57236289693874964       0.59070966040820871       0.65480550944557525       0.86327016495042497       0.99780736224124134     
  0.56602964638118203       0.56876768616804452       0.57546243542668074       0.59444762591060463       0.66005184999593947       0.87035052298015059       0.99821213039822165     
  0.56879214383290733       0.57168880716291726       0.57875301685845892       0.59844439890290746       0.66545859415395259       0.87739966186434459       0.99855620050334915     
  0.57171716313505272       0.57480474651398061       0.58221079358978967       0.60264405012714162       0.67108045631679536       0.88426843026871871       0.99884850588541929     
  0.57477326933867523       0.57803284651553877       0.58579440585200826       0.60696293963518910       0.67692931528733014       0.89066908706629122       0.99910105623369061     
  0.57790612920200268       0.58134077189879652       0.58946292548562784       0.61139853930443944       0.68288713254835487       0.89689037179671294       0.99930888622482650     
  0.58101550103195065       0.58462907276912957       0.59315858364533347       0.61592183481611795       0.68899151205711717       0.90297564367504868       0.99946769334504992     
  0.58393723533653541       0.58775175656783762       0.59673407269509515       0.62040019641282329       0.69516379935096517       0.90883892549972067       0.99957904712736789     
  0.58639383253514310       0.59044860023571799       0.60000716782792196       0.62485237874972499       0.70143540019363304       0.91395051065999233       0.99967661954183451     
   1.0000000000000000        1.0000000000000000        1.0000000000000000        1.0000000000000000        1.0000000000000000        1.0000000000000000        1.0000000000000000     
   1.0000000000000000        1.0000000000000000        1.0000000000000000        1.0000000000000000        1.0000000000000000        1.0000000000000000        1.0000000000000000     
   1.0000000000000000        1.0000000000000000        1.0000000000000000        1.0000000000000000        1.0000000000000000        1.0000000000000000        1.0000000000000000     
   1.0000000000000000        1.0000000000000000        1.0000000000000000        1.0000000000000000        1.0000000000000000        1.0000000000000000        1.0000000000000000     
   1.0000000000000000        1.0000000000000000        1.0000000000000000        1.0000000000000000        1.0000000000000000        1.0000000000000000        1.0000000000000000     
   1.0000000000000000        1.0000000000000000        1.0000000000000000        1.0000000000000000        1.0000000000000000        1.0000000000000000        1.0000000000000000     
   1.0000000000000000        1.0000000000000000        1.0000000000000000        1.0000000000000000        1.0000000000000000        1.0000000000000000        1.0000000000000000     
   1.0000000000000000        1.0000000000000000        1.0000000000000000        1.0000000000000000        1.0000000000000000        1.0000000000000000        1.0000000000000000     
   1.0000000000000000        1.0000000000000000        1.0000000000000000        1.0000000000000000        1.0000000000000000        1.0000000000000000        1.0000000000000000     
   1.0000000000000000        1.0000000000000000        1.0000000000000000        1.0000000000000000        1.0000000000000000        1.0000000000000000        1.0000000000000000     
   1.0000000000000000        1.0000000000000000        1.0000000000000000        1.0000000000000000        1.0000000000000000        1.0000000000000000        1.0000000000000000     
   1.0000000000000000        1.0000000000000000        1.0000000000000000        1.0000000000000000        1.0000000000000000        1.0000000000000000        1.0000000000000000     
   1.0000000000000000        1.0000000000000000        1.0000000000000000        1.0000000000000000        1.0000000000000000        1.0000000000000000        1.0000000000000000     
   1.0000000000000000        1.0000000000000000        1.0000000000000000        1.0000000000000000        1.0000000000000000        1.0000000000000000        1.0000000000000000     
   1.0000000000000000        1.0000000000000000        1.0000000000000000        1.0000000000000000        1.0000000000000000        1.0000000000000000        1.0000000000000000     
   1.0000000000000000        1.0000000000000000        1.0000000000000000        1.0000000000000000        1.0000000000000000        1.0000000000000000        1.0000000000000000     
   1.0000000000000000        1.0000000000000000        1.0000000000000000        1.0000000000000000        1.0000000000000000        1.0000000000000000        1.0000000000000000     
   1.0000000000000000        1.0000000000000000        1.0000000000000000        1.0000000000000000        1.0000000000000000        1.0000000000000000        1.0000000000000000     
   1.0000000000000000        1.0000000000000000        1.0000000000000000        1.0000000000000000        1.0000000000000000        1.0000000000000000        1.0000000000000000     
   1.0000000000000000        1.0000000000000000        1.0000000000000000        1.0000000000000000        1.0000000000000000        1.0000000000000000        1.0000000000000000     
   1.0000000000000000        1.0000000000000000        1.0000000000000000        1.0000000000000000        1.0000000000000000        1.0000000000000000        1.0000000000000000     
   1.0000000000000000        1.0000000000000000        1.0000000000000000        1.0000000000000000        1.0000000000000000        1.0000000000000000        1.0000000000000000     
   1.0000000000000000        1.0000000000000000        1.0000000000000000        1.0000000000000000        1.0000000000000000        1.0000000000000000        1.0000000000000000     
   1.0000000000000000        1.0000000000000000        1.0000000000000000        1.0000000000000000        1.0000000000000000        1.0000000000000000        1.0000000000000000     
   1.0000000000000000        1.0000000000000000        1.0000000000000000        1.0000000000000000        1.0000000000000000        1.0000000000000000        1.0000000000000000     
   1.0000000000000000        1.0000000000000000        1.0000000000000000        1.0000000000000000        1.0000000000000000        1.0000000000000000        1.0000000000000000     
   1.0000000000000000        1.0000000000000000        1.0000000000000000        1.0000000000000000        1.0000000000000000        1.0000000000000000        1.0000000000000000     
   1.0000000000000000        1.0000000000000000        1.0000000000000000        1.0000000000000000        1.0000000000000000        1.0000000000000000        1.0000000000000000     
   1.0000000000000000        1.0000000000000000        1.0000000000000000        1.0000000000000000        1.0000000000000000        1.0000000000000000        1.0000000000000000     
   1.0000000000000000        1.0000000000000000        1.0000000000000000        1.0000000000000000        1.0000000000000000        1.0000000000000000        1.0000000000000000     
   1.0000000000000000        1.0000000000000000        1.0000000000000000        1.0000000000000000        1.0000000000000000        1.0000000000000000        1.0000000000000000     
   1.0000000000000000        1.0000000000000000        1.0000000000000000        1.0000000000000000        1.0000000000000000        1.0000000000000000        1.0000000000000000     
   1.0000000000000000        1.0000000000000000        1.0000000000000000        1.0000000000000000        1.0000000000000000        1.0000000000000000        1.0000000000000000     
   1.0000000000000000        1.0000000000000000        1.0000000000000000        1.0000000000000000        1.0000000000000000        1.0000000000000000        1.0000000000000000     
   1.0000000000000000        1.0000000000000000        1.0000000000000000        1.0000000000000000        1.0000000000000000        1.0000000000000000        1.0000000000000000     
   1.0000000000000000        1.0000000000000000        1.0000000000000000        1.0000000000000000        1.0000000000000000        1.0000000000000000        1.0000000000000000     
   1.0000000000000000        1.0000000000000000        1.0000000000000000        1.0000000000000000        1.0000000000000000        1.0000000000000000        1.0000000000000000     
