  0.65236408438273641       0.67129399339536877       0.69929863901922162       0.73079468495800004       0.77231239189438627       0.96149013251000326        1.6395116239610585     
  0.66595119775149347       0.68289359003492212       0.70942607958779424       0.74357169425866465       0.79503104233917010        1.0088097954752890        1.7845629917191870     
  0.68111847034815809       0.69608676566605943       0.72068963069485714       0.75596422048697898       0.81718056820260632        1.0563071645455477        1.9388484709892719     
  0.69740740103588217       0.71040090812776968       0.73291327568804787       0.76851748051218149       0.83930551729142644        1.1041491722724079        2.1024140013945987     
  0.71446873626386576       0.72553598994420343       0.74591922232818619       0.78138695715620587       0.86155124156347751        1.1515418555304267        2.2757375295461046     
  0.73202399591994161       0.74127247137359942       0.75955009590580935       0.79460674358962646       0.88386289979941424        1.1982486997440027        2.4600351181838365     
  0.74985316693151138       0.75743864729072152       0.77366042860843331       0.80814613556840620       0.90601626635306143        1.2447170776534149        2.6565743665871584     
  0.76781326709332687       0.77388162628744606       0.78811887100813816       0.82196029356176048       0.92776273366915607        1.2908107988176114        2.8663071974733265     
  0.78575022634830594       0.79045398580892023       0.80278390491516072       0.83597674162115310       0.94896252775380108        1.3370750769752520        3.0899804791000585     
  0.80348854450868146       0.80701668253033854       0.81749133294388421       0.85012037544696062       0.96950360800516489        1.3838082148790662        3.3283414448707989     
  0.82088606370549266       0.82342863222856977       0.83214787101387211       0.86432372581637695       0.98894223559905425        1.4311509076255784        3.5821884192508078     
  0.83781569906080611       0.83955025719615439       0.84669340711927066       0.87847531244364940        1.0073519517327840        1.4791673043094766        3.8522994807104576     
  0.85417542958175485       0.85525362326088195       0.86101949818104839       0.89245894415498817        1.0248286520681760        1.5279231900533128        4.1395953331302575     
  0.86987401820839527       0.87042397425254781       0.87501115693507481       0.90620457967944956        1.0413135301949556        1.5774220997820092        4.4449318888983846     
  0.88487158749794737       0.88498797592110623       0.88858778204996236       0.91962340910710005        1.0569030340203303        1.6276779861402588        4.7692565035440158     
  0.89909860628796345       0.89891192718922686       0.90166943445570391       0.93248522640355613        1.0716768927542542        1.6786982328497702        5.1135671460473757     
  0.91256259364484260       0.91211231412307869       0.91415729553017133       0.94484913557039785        1.0857044127263955        1.7304730756866280        5.4788222480499247     
  0.92521963462898460       0.92455127547901672       0.92600039712788151       0.95667522183112119        1.0990475024409554        1.7829871310794556        5.8660081175994243     
  0.93704914378682846       0.93620220995329007       0.93719174992764731       0.96790515482029993        1.1117751152376645        1.8362225764437365        6.2761306894710032     
  0.94801341332052214       0.94700780298514053       0.94768742863358013       0.97838373633639719        1.1239040214224565        1.8901401632273207        6.7101431784859003     
  0.95811614654110566       0.95694388641813577       0.95746501096385073       0.98809302636279839        1.1354496172345112        1.9447255990951167        7.1691336010981273     
  0.96730785467887670       0.96602234744173010       0.96647768288011437       0.99712407426010119        1.1464328131344996        1.9999479829011120        7.6540928203307645     
  0.97554175390448494       0.97419743501119782       0.97468612725294246        1.0054458930635293        1.1568611465282665        2.0557710226509216        8.1660229723914828     
  0.98284386413967650       0.98144606086769248       0.98206460489332614        1.0130465076325126        1.1667487684943756        2.1121783484989591        8.7060135968236594     
  0.98917754058856866       0.98776296921032192       0.98862203851330077        1.0199262567960170        1.1761096293158200        2.1691657928096948        9.2752184182485813     
  0.99460901102534216       0.99313528654422112       0.99435176616314358        1.0260719539624958        1.1849396311964804        2.2266826361756906        9.8747211675927300     
  0.99904611520993836       0.99754325616117157       0.99922147268048045        1.0314494265530283        1.1932182039112733        2.2846836002117370        10.505395044067997     
   1.0024798928648970        1.0009693198478360        1.0031941717959092        1.0360361961747009        1.2009217755423052        2.3431132021047447        11.168161183805440     
   1.0048818930814953        1.0034055611596844        1.0062638338792884        1.0398245600283187        1.2080407472252446        2.4019381248549427        11.864015115866996     
   1.0062390406004609        1.0048309285672041        1.0084008027034050        1.0428042105405235        1.2145768118563716        2.4611513356200279        12.594088574070739     
   1.0064754501625837        1.0052083024833181        1.0095455189213094        1.0449437385823255        1.2204853411324343        2.5206542197990420        13.359051143230978     
   1.0056078073886732        1.0044862363115779        1.0096607469480539        1.0462232062505938        1.2257410966695557        2.5803835674497226        14.159691133258452     
   1.0035481850460086        1.0026691320260266        1.0086884627292274        1.0465782497358063        1.2302923593059933        2.6402188093244687        14.996408125403569     
   1.0002222549029940       0.99972405577545198        1.0065696371688446        1.0459443940265591        1.2340920016596382        2.7000584744302092        15.869607997730272     
  0.99554189064251808       0.99558402241681598        1.0031816449143596        1.0442420965491011        1.2370489019699829        2.7597622603630922        16.779390533059786     
  0.98944005593355866       0.99012779783819260       0.99833989548750279        1.0413876811782119        1.2391301205645344        2.8191794884480856        17.725657878888789     
  0.98184666413888599       0.98307062028081926       0.99179749016777452        1.0372815368495956        1.2401849757889105        2.8781150051407716        18.707885393268732     
  0.97267250516196679       0.97399289358951957       0.98398391746076497        1.0317814207558202        1.2400804062108031        2.9363564492692489        19.725250126196425     
  0.96162575202440181       0.96223435334800989       0.97390306786865655        1.0247331958131838        1.2387462159061364        2.9936714908941053        20.776576806571292     
  0.94712855791740325       0.94746293308682072       0.96123083468356885        1.0159403815363397        1.2358306698753498        3.0498759116501226        21.860831035953229     
  0.92715252451938257       0.92983453099424729       0.94533942190372211        1.0050710688453055        1.2318689986069040        3.1047184558429484        22.976279855486492     
  0.90296048900791226       0.90798486784505061       0.92769116438258792       0.99187202290266507        1.2260335295275595        3.1578927830869499        24.120483591292718     
  0.87395248340943810       0.88194702327477781       0.90537698274447009       0.97577931209731006        1.2180809936813650        3.2091094963934781        25.290754142882186     
  0.83968466276286857       0.85144660313366272       0.87878176002711073       0.95668657379115962        1.2076328357509349        3.2577428816024323        26.481162123096944     
  0.81193024821454718       0.82669065148316334       0.85860776413865059       0.93778682691304427        1.1938128811022519        3.3032700351309097        27.685092537457624     
  0.77318692829264701       0.79144599570851359       0.82760306938452732       0.91461331233207166        1.1804110888365553        3.3446650207545456        28.894725832546278     
  0.73698738894170235       0.75848975535451568       0.79865463877080956       0.89237454411460237        1.1663985536512196        3.3813772819874472        30.101245218240507     
  0.70389161988252591       0.72754663822321708       0.77144056848504106       0.87100632929511690        1.1517413933874709        3.4130775991884841        31.298636640075610     
  0.67464243683820879       0.69898975380960582       0.74582437410722147       0.85044925204270050        1.1366110190140333        3.4397680682201912        32.483422866962741     
  0.65096142555388770       0.67339892668252455       0.72169367169382892       0.83067953578500664        1.1212667580010471        3.4617274116719892        33.654795345222411     
  0.63229697195491130       0.65199759868155571       0.69908509770420124       0.81159878669552110        1.1057303898194020        3.4790244699767938        34.809997607843627     
  0.61667842033607223       0.63450690964934719       0.67807763444342140       0.79293865178457013        1.0903133071776416        3.4909087685160811        35.937754985578756     
  0.60369105172733373       0.61968547423266274       0.65889820291280476       0.77443895122370798        1.0754179464860889        3.4964561212324119        37.023925615785146     
  0.59379387011533880       0.60712535682886681       0.64181399341264911       0.75599028813635949        1.0604502616688967        3.4950986562828752        38.056686347866254     
  0.58740923593089434       0.59705887416629178       0.62691868338180756       0.73756556052574951        1.0451021496972768        3.4863988387116511        39.025088331622300     
  0.58383789768150285       0.58984978290973400       0.61412836704590412       0.71910927612839637        1.0291866104745822        3.4695732729640101        39.913362029870868     
  0.58194150712320736       0.58531390714262621       0.60343888053933781       0.70056083702257221        1.0124088571999645        3.4435371874523684        40.700827599238160     
  0.58105647486482237       0.58274115731377152       0.59499869523031579       0.68198221233732759       0.99443904122286775        3.4070845237567995        41.363618372276335     
  0.58075085888272371       0.58143298734645787       0.58887475745236351       0.66355616795800387       0.97494799071520055        3.3590379374807959        41.875798307346834     
  0.58067579943126135       0.58088682126171265       0.58487498761412715       0.64557903427220320       0.95357069787407567        3.2982590358235102        42.210549925368674     
  0.58066136017918013       0.58071418617270620       0.58255180796817541       0.62859781216460908       0.92990825108883624        3.2237417591052417        42.340800560030033     
  0.58065913364419630       0.58067189131121000       0.58138107979533415       0.61355510166502836       0.90358328799776666        3.1346181301474130        42.239417991863284     
  0.58065882661943580       0.58066330376301900       0.58089361204827827       0.60131474412398511       0.87433578274990909        3.0305255280290204        41.882593466299241     
  0.58065877285927647       0.58066165979768736       0.58073007039785574       0.59217045625302378       0.84208806617434639        2.9115118258000172        41.252061371973625     
  0.58065875612307627       0.58066125268835633       0.58068433977705503       0.58630661383371774       0.80700044233087742        2.7780866213958268        40.336054180849366     
  0.58065874788144067       0.58066108726337073       0.58067230891137278       0.58309399253427951       0.76946072712613978        2.6322426145536095        39.128032558319482     
  0.58065874342631052       0.58066099609129174       0.58066847601928684       0.58159074247828457       0.73020089318363335        2.4751004140590060        37.625915963833236     
  0.58065874115636051       0.58066094426091719       0.58066668921788334       0.58100240662553315       0.69074249433004531        2.3081751348465267        35.835648970300277     
  0.58065874010602281       0.58066091694074251       0.58066564454205227       0.58080142817962932       0.65373209199889026        2.1338732781574663        33.770841861245053     
  0.58065873967525616       0.58066090404870507       0.58066503203451425       0.58073230120357078       0.62298541623180137        1.9551735292860268        31.456885813847713     
  0.58065873952073210       0.58066089872849191       0.58066470611538823       0.58070285959762757       0.60145712837078746        1.7758049471518298        28.932117752094015     
  0.58065873947248270       0.58066089684144229       0.58066455521452986       0.58068706644143353       0.58944592336476120        1.5987512413348917        26.244667248354450     
  0.58065873945935620       0.58066089627249617       0.58066449612451909       0.58067813447344230       0.58413440696227492        1.4264415769752694        23.453786507761652     
  0.58065873945633473       0.58066089612611760       0.58066447704542068       0.58067348602313107       0.58213473177089947        1.2594376391277302        20.624374422398631     
  0.58065873945577828       0.58066089609438321       0.58066447202514704       0.58067141302780534       0.58135850434675629        1.0987330431427007        17.826027593408604     
  0.58065873945569846       0.58066089608887350       0.58066447095618778       0.58067066173198600       0.58099438330924558       0.94751641411139231        15.126586547746573     
  0.58065873945568935       0.58066089608814164       0.58066447077520833       0.58067044911263010       0.58081123776272614       0.81332930712639606        12.599424833736864     
  0.58065873945568880       0.58066089608807114       0.58066447075109628       0.58067040371876311       0.58072705539884573       0.70730636671281299        10.304400690339415     
  0.58065873945568947       0.58066089608806715       0.58066447074875149       0.58067039666480813       0.58069387975809550       0.63843916716423255        8.2794610521785739     
  0.58065873945568935       0.58066089608806692       0.58066447074859462       0.58067039588318958       0.58068327263317543       0.60396253441636583        6.5548456711741387     
  0.58075176271287976       0.58075391934531428       0.58075749400589260       0.58076341907930906       0.58077372686741979       0.58998620783409639        5.1638260482308329     
