   1.1277234346659492E-004   1.0655666542114250E-003   4.1687228104966200E-003   6.5604178601868148E-003   4.1687228104966313E-003   1.0655666542114209E-003   1.1277234346659398E-004
   1.1267232542392900E-004   1.0646216007718238E-003   4.1650255609485048E-003   6.5545994109706641E-003   4.1650255609485161E-003   1.0646216007718255E-003   1.1267232542392812E-004
   1.1256830665955616E-004   1.0636387451946484E-003   4.1611804214184579E-003   6.5485482237858826E-003   4.1611804214184674E-003   1.0636387451946441E-003   1.1256830665955581E-004
   1.1246028717347797E-004   1.0626180874798883E-003   4.1571873919064913E-003   6.5422642986324459E-003   4.1571873919065078E-003   1.0626180874798907E-003   1.1246028717347672E-004
   1.1235169615572597E-004   1.0615920294597633E-003   4.1531732352542445E-003   6.5359471251977760E-003   4.1531732352542653E-003   1.0615920294597566E-003   1.1235169615572495E-004
   1.1224424820131977E-004   1.0605767720503587E-003   4.1492013328825617E-003   6.5296964483255700E-003   4.1492013328825687E-003   1.0605767720503624E-003   1.1224424820131861E-004
   1.1213737177858426E-004   1.0595669149463412E-003   4.1452505576511402E-003   6.5234790197346250E-003   4.1452505576511601E-003   1.0595669149463392E-003   1.1213737177858413E-004
   1.1203106688752262E-004   1.0585624581476878E-003   4.1413209095599963E-003   6.5172948394248871E-003   4.1413209095599954E-003   1.0585624581476837E-003   1.1203106688752223E-004
   1.1192304740144406E-004   1.0575418004329263E-003   4.1373278800480211E-003   6.5110109142714617E-003   4.1373278800480306E-003   1.0575418004329245E-003   1.1192304740144290E-004
   1.1181102719365823E-004   1.0564833405805798E-003   4.1331869605541428E-003   6.5044942511493752E-003   4.1331869605541072E-003   1.0564833405805791E-003   1.1181102719365747E-004
   1.1169386320082102E-004   1.0553762779799117E-003   4.1288558967977644E-003   6.4976783534961870E-003   4.1288558967977791E-003   1.0553762779799125E-003   1.1169386320082019E-004
   1.1156926929624238E-004   1.0541990114094513E-003   4.1242501802178019E-003   6.4904302281869322E-003   4.1242501802178097E-003   1.0541990114094444E-003   1.1156926929624205E-004
   1.1143838854326883E-004   1.0529623414799220E-003   4.1194120650948395E-003   6.4828163717841102E-003   4.1194120650948464E-003   1.0529623414799179E-003   1.1143838854326791E-004
   1.1129950634688141E-004   1.0516500672752252E-003   4.1142781700080388E-003   6.4747370394439441E-003   4.1142781700080414E-003   1.0516500672752209E-003   1.1129950634688095E-004
   1.1115262270708016E-004   1.0502621887953695E-003   4.1088484949573607E-003   6.4661922311665338E-003   4.1088484949573477E-003   1.0502621887953610E-003   1.1115262270708023E-004
   1.1099773762386670E-004   1.0487987060403363E-003   4.1031230399428513E-003   6.4571819469518236E-003   4.1031230399428478E-003   1.0487987060403378E-003   1.1099773762386571E-004
   1.1083370803389456E-004   1.0472488183993973E-003   4.0970595506839491E-003   6.4476396902373497E-003   4.0970595506839309E-003   1.0472488183993990E-003   1.1083370803389395E-004
   1.1065939087381980E-004   1.0456017252618197E-003   4.0906157729000640E-003   6.4374989644606275E-003   4.0906157729000700E-003   1.0456017252618182E-003   1.1065939087381904E-004
   1.1047364308029785E-004   1.0438466260168627E-003   4.0837494523107004E-003   6.4266932730592452E-003   4.0837494523106935E-003   1.0438466260168629E-003   1.1047364308029736E-004
   1.1027417852663824E-004   1.0419619194430387E-003   4.0763760803547251E-003   6.4150896229081813E-003   4.0763760803547225E-003   1.0419619194430416E-003   1.1027417852663789E-004
   1.1006042568117022E-004   1.0399422052349955E-003   4.0684745298919097E-003   6.4026547657262383E-003   4.0684745298919002E-003   1.0399422052349953E-003   1.1006042568116902E-004
   1.0983066994887408E-004   1.0377712824766068E-003   4.0599814195013493E-003   6.3892889566697251E-003   4.0599814195013484E-003   1.0377712824766083E-003   1.0983066994887370E-004
   1.0958319673473543E-004   1.0354329502517846E-003   4.0508333677623017E-003   6.3748924508949256E-003   4.0508333677622835E-003   1.0354329502517893E-003   1.0958319673473486E-004
   1.0931743450708073E-004   1.0329218082551473E-003   4.0410092475344408E-003   6.3594320001206153E-003   4.0410092475344278E-003   1.0329218082551484E-003   1.0931743450707975E-004
   1.0903338326590978E-004   1.0302378564867056E-003   4.0305090588177699E-003   6.3429076043467654E-003   4.0305090588177630E-003   1.0302378564867023E-003   1.0903338326590870E-004
   1.0872989994787776E-004   1.0273702943357048E-003   4.0192905473317919E-003   6.3252527670109035E-003   4.0192905473317572E-003   1.0273702943357085E-003   1.0872989994787720E-004
   1.0840412689462289E-004   1.0242921202753138E-003   4.0072480773750236E-003   6.3063012467069234E-003   4.0072480773750271E-003   1.0242921202753116E-003   1.0840412689462288E-004
   1.0805377797945692E-004   1.0209817330840442E-003   3.9942971403864663E-003   6.2859200503097637E-003   3.9942971403864819E-003   1.0209817330840473E-003   1.0805377797945584E-004
   1.0767771013903347E-004   1.0174283321511769E-003   3.9803954820855402E-003   6.2640426812570768E-003   3.9803954820855341E-003   1.0174283321511750E-003   1.0767771013903267E-004
   1.0727592337335286E-004   1.0136319174766904E-003   3.9655431024722262E-003   6.2406691395488255E-003   3.9655431024722384E-003   1.0136319174766932E-003   1.0727592337335204E-004
   1.0684441696070832E-004   1.0095546869230059E-003   3.9495921115646456E-003   6.2155666872163026E-003   3.9495921115646222E-003   1.0095546869230130E-003   1.0684441696070770E-004
   1.0638090477441126E-004   1.0051750392686609E-003   3.9324580008016224E-003   6.1886023311346280E-003   3.9324580008016268E-003   1.0051750392686650E-003   1.0638090477441096E-004
   1.0588081456108187E-004   1.0004497720706882E-003   3.9139717530610133E-003   6.1595100850539057E-003   3.9139717530610298E-003   1.0004497720706915E-003   1.0588081456108138E-004
   1.0534071713068625E-004   9.9534648349687885E-004   3.8940066055011715E-003   6.1280904592867207E-003   3.8940066055011806E-003   9.9534648349688297E-004   1.0534071713068579E-004
   1.0475604022984585E-004   9.8982197110428390E-004   3.8723935409998734E-003   6.0940774675832003E-003   3.8723935409998777E-003   9.8982197110428043E-004   1.0475604022984501E-004
   1.0412221160518097E-004   9.8383303244993308E-004   3.8489635424349229E-003   6.0572051236934708E-003   3.8489635424349172E-003   9.8383303244993633E-004   1.0412221160517952E-004
   1.0343351593996768E-004   9.7732566448015625E-004   3.8235053384035947E-003   6.0171409448051948E-003   3.8235053384035908E-003   9.7732566448015972E-004   1.0343351593996643E-004
   1.0268423791748214E-004   9.7024586414125888E-004   3.7958076575030897E-003   5.9735524481059664E-003   3.7958076575030928E-003   9.7024586414125584E-004   1.0268423791748094E-004
   1.0186866222100109E-004   9.6253962837953113E-004   3.7656592283307057E-003   5.9261071507834620E-003   3.7656592283307156E-003   9.6253962837953839E-004   1.0186866222100033E-004
   1.0098335966049010E-004   9.5417455536278247E-004   3.7329332880447906E-003   5.8746055631502805E-003   3.7329332880447746E-003   9.5417455536278551E-004   1.0098335966048953E-004
   1.0002318645089848E-004   9.4510204234268379E-004   3.6974396923828310E-003   5.8187484506752813E-003   3.6974396923828206E-003   9.4510204234267664E-004   1.0002318645089722E-004
   9.8981855743828439E-005   9.3526268596015659E-004   3.6589460428018299E-003   5.7581700822649136E-003   3.6589460428018200E-003   9.3526268596015876E-004   9.8981855743827897E-005
   9.7854223754230342E-005   9.2460788346690221E-004   3.6172621950393028E-003   5.6925712233880342E-003   3.6172621950392994E-003   9.2460788346690167E-004   9.7854223754229475E-005
   9.6625430658620762E-005   9.1299722692331524E-004   3.5718388434481073E-003   5.6210874187325420E-003   3.5718388434481181E-003   9.1299722692331654E-004   9.6625430658620951E-005
   9.5282331228536583E-005   9.0030650930590856E-004   3.5221900638019274E-003   5.5429539578300477E-003   3.5221900638019218E-003   9.0030650930590813E-004   9.5282331228536285E-005
   9.3815209425546995E-005   8.8644392542340219E-004   3.4679566947160654E-003   5.4576056198995275E-003   3.4679566947160628E-003   8.8644392542339980E-004   9.3815209425546643E-005
   9.2212634616203654E-005   8.7130146916841733E-004   3.4087161933850419E-003   5.3643774393162726E-003   3.4087161933850424E-003   8.7130146916841278E-004   9.2212634616203464E-005
   9.0475749863852805E-005   8.5488994115168789E-004   3.3445108140893942E-003   5.2633359126427757E-003   3.3445108140894002E-003   8.5488994115168421E-004   9.0475749863851788E-005
   8.8614842738595856E-005   8.3730654686986212E-004   3.2757208453540816E-003   5.1550795089412519E-003   3.2757208453540825E-003   8.3730654686986255E-004   8.8614842738594718E-005
   8.6646487658931503E-005   8.1870789517864812E-004   3.2029589742470729E-003   5.0405724283675568E-003   3.2029589742470681E-003   8.1870789517864508E-004   8.6646487658930988E-005
   8.4580972194963903E-005   7.9919119157468080E-004   3.1266054892933257E-003   4.9204131399838693E-003   3.1266054892933196E-003   7.9919119157467777E-004   8.4580972194962860E-005
   8.2408580308262084E-005   7.7866463086669177E-004   3.0463012291081452E-003   4.7940364230092177E-003   3.0463012291081521E-003   7.7866463086668819E-004   8.2408580308260783E-005
   8.0117309833705112E-005   7.5701480664192586E-004   2.9616025237457844E-003   4.6607440635376626E-003   2.9616025237457740E-003   7.5701480664192554E-004   8.0117309833704529E-005
   7.7705446176277418E-005   7.3422551798427930E-004   2.8724459917853912E-003   4.5204363167254957E-003   2.8724459917853912E-003   7.3422551798427963E-004   7.7705446176276849E-005
   7.5174703930995304E-005   7.1031296580985575E-004   2.7788950146478055E-003   4.3732129274164323E-003   2.7788950146478133E-003   7.1031296580985857E-004   7.5174703930994653E-005
   7.2520510844479826E-005   6.8523394767571052E-004   2.6807805752108349E-003   4.2188079093605675E-003   2.6807805752108371E-003   6.8523394767570824E-004   7.2520510844479081E-005
   6.9733722409973142E-005   6.5890205869592415E-004   2.5777646392300632E-003   4.0566892900581828E-003   2.5777646392300632E-003   6.5890205869592545E-004   6.9733722409972749E-005
   6.6805194120717285E-005   6.3123089398460063E-004   2.4695091724611013E-003   3.8863250970094911E-003   2.4695091724610896E-003   6.3123089398460269E-004   6.6805194120716715E-005
   6.3729210659988395E-005   6.0216645048804997E-004   2.3558029035011898E-003   3.7073828474021354E-003   2.3558029035011881E-003   6.0216645048804802E-004   6.3729210659987568E-005
   6.0502914369423999E-005   5.7168172667941780E-004   2.2365401966489627E-003   3.5196962998299370E-003   2.2365401966489709E-003   5.7168172667941802E-004   6.0502914369423443E-005
   5.7128591375714761E-005   5.3979832378019002E-004   2.1118055604655195E-003   3.3233984474178536E-003   2.1118055604655217E-003   5.3979832378018970E-004   5.7128591375714077E-005
   5.3613100058928113E-005   5.0658104545478944E-004   1.9818525206341578E-003   3.1188882695406951E-003   1.9818525206341617E-003   5.0658104545478846E-004   5.3613100058927747E-005
   4.9971300242546862E-005   4.7217029964281848E-004   1.8472303828020299E-003   2.9070302215105735E-003   1.8472303828020288E-003   4.7217029964281777E-004   4.9971300242546096E-005
   4.6226624725137128E-005   4.3678749886440422E-004   1.7088053597204037E-003   2.6891874828581402E-003   1.7088053597204070E-003   4.3678749886440481E-004   4.6226624725136925E-005
   4.2409936217008446E-005   4.0072425960948509E-004   1.5677183169641293E-003   2.4671554607700774E-003   1.5677183169641325E-003   4.0072425960948336E-004   4.2409936217008215E-005
   3.8556669681847982E-005   3.6431540081094122E-004   1.4252791372302630E-003   2.2429955486829660E-003   1.4252791372302543E-003   3.6431540081094106E-004   3.8556669681847541E-005
   3.4703974678359510E-005   3.2791194231776620E-004   1.2828610846366661E-003   2.0188688848770927E-003   1.2828610846366629E-003   3.2791194231776663E-004   3.4703974678359083E-005
   3.0893001486954505E-005   2.9190270611653690E-004   1.1419853132831428E-003   1.7971693456013762E-003   1.1419853132831391E-003   2.9190270611653549E-004   3.0893001486954220E-005
   2.7166614983061265E-005   2.5669271510993523E-004   1.0042363586903148E-003   1.5803905519484673E-003   1.0042363586903144E-003   2.5669271510993431E-004   2.7166614983060916E-005
   2.3570537700469863E-005   2.2271399372749171E-004   8.7130439208018325E-004   1.3711923664171573E-003   8.7130439208017978E-004   2.2271399372749060E-004   2.3570537700469510E-005
   2.0151635236314912E-005   1.9040936700947180E-004   7.4492183895528768E-004   1.1723011480687284E-003   7.4492183895528931E-004   1.9040936700947077E-004   2.0151635236314651E-005
   1.6953343997697327E-005   1.6018925816392837E-004   6.2669436197653752E-004   9.8624376627705541E-004   6.2669436197653871E-004   1.6018925816392812E-004   1.6953343997697103E-005
   1.4015099670010899E-005   1.3242628826133098E-004   5.1807973382289954E-004   8.1531435244735692E-004   5.1807973382290095E-004   1.3242628826133049E-004   1.4015099670010721E-005
   1.1367764963563986E-005   1.0741207379161035E-004   4.2021882006922252E-004   6.6130831376633148E-004   4.2021882006922225E-004   1.0741207379161020E-004   1.1367764963563899E-005
   9.0330580819069358E-006   8.5351826358793489E-005   3.3391445204595627E-004   5.2548908492090784E-004   3.3391445204595686E-004   8.5351826358793313E-005   9.0330580819068511E-006
   7.0206950634700829E-006   6.6337351154154622E-005   2.5952579113777436E-004   4.0842188669208609E-004   2.5952579113777382E-004   6.6337351154154947E-005   7.0206950634700397E-006
   5.3329620349429685E-006   5.0390249399171159E-005   1.9713734590577823E-004   3.1023971220480785E-004   1.9713734590577742E-004   5.0390249399171295E-005   5.3329620349429134E-006
   3.9572852995332864E-006   3.7391714375722099E-005   1.4628431926391644E-004   2.3021109927189894E-004   1.4628431926391611E-004   3.7391714375721923E-005   3.9572852995332559E-006
   2.8668028686393621E-006   2.7087931731458859E-005   1.0597373561926705E-004   1.6677337867530964E-004   1.0597373561926708E-004   2.7087931731458883E-005   2.8668028686393388E-006
   2.0289374369357554E-006   1.9171084060342684E-005   7.5001347976156132E-005   1.1803139838463910E-004   7.5001347976156010E-005   1.9171084060342729E-005   2.0289374369357330E-006
   1.4025387240113697E-006   1.3252349375797508E-005   5.1846002234784939E-005   8.1591282150958845E-005   5.1846002234784885E-005   1.3252349375797459E-005   1.4025387240113534E-006
