  0.58451198226641310       0.59382788091402428       0.60344002517640560       0.59936636142364241       0.55872418557083703       0.51241837840961679       0.51624635051843193     
  0.57762313140884591       0.58620563591317487       0.59606695549290989       0.59642141028794227       0.56567787246633461       0.53310613988114253       0.55269700836062097     
  0.57206659463519793       0.57984360810713509       0.58952143870303186       0.59297883567420739       0.57149960298846936       0.55244907914493002       0.58867536013694355     
  0.56757904618764043       0.57449012315102377       0.58378566199314319       0.58954996863274767       0.57675800627651108       0.57083259308915435       0.62383378650617627     
  0.56396670073764488       0.56999336156604574       0.57879655097143401       0.58632265979436882       0.58168828878583878       0.58801782237242395       0.65762078877523578     
  0.56108430520797503       0.56624971349511177       0.57448780990691140       0.58337988871665780       0.58638794026809660       0.60385579763248520       0.69018554225252560     
  0.55882007663480526       0.56317698808969296       0.57079483462724678       0.58075303403810496       0.59085712871527873       0.61848985234154330       0.72175280340062620     
  0.55709603285287357       0.56070090745513057       0.56766025246301710       0.57845375584429037       0.59506289069463569       0.63185787131352322       0.75224843279475861     
  0.55582958661603898       0.55874702192990067       0.56502113339518645       0.57647299422059894       0.59899692101664104       0.64442391177354919       0.78136102970310028     
  0.55492682544682281       0.55724288682541112       0.56280059349470146       0.57479913395338700       0.60264983806442085       0.65647284522700045       0.80876775603970374     
  0.55430403096464931       0.55611327601246818       0.56096783012061269       0.57342043622533689       0.60587025883567069       0.66816398212897143       0.83419000861160630     
  0.55388556972240932       0.55528204884177623       0.55950182849572860       0.57230477248395761       0.60869447719468084       0.67959197489383671       0.85742016904903717     
  0.55361009145782425       0.55468189128550716       0.55834923890853549       0.57142806644453403       0.61120529362067444       0.69082297583426555       0.87834952407852152     
  0.55342900808641338       0.55425343004213412       0.55745260378582462       0.57076760505465607       0.61339973126655889       0.70188575233301331       0.89695182441573706     
  0.55331460424400214       0.55395419206991570       0.55676790667949561       0.57029942453354177       0.61534532451847990       0.71280032645794122       0.91328506449532010     
  0.55324465386420396       0.55375732493481744       0.55625503963694345       0.56997148805979669       0.61710124508529740       0.72358008945543473       0.92747046295774338     
  0.55321093415595191       0.55363148623078184       0.55586907781211026       0.56978887281325608       0.61872295746964157       0.73422453883061245       0.93967108786188258     
  0.55320277852687694       0.55355804071760883       0.55558779823834181       0.56973721136771205       0.62026449946378903       0.74473141255985997       0.95007547001186987     
  0.55321417404649409       0.55352707972796689       0.55541402687300612       0.56979810743275483       0.62178003154815931       0.75509636700529126       0.95888243864481015     
  0.55323660931203988       0.55352331858613957       0.55533263811280087       0.56992753477432345       0.62329765722839159       0.76530965049829902       0.96628798163414698     
  0.55327034560686128       0.55353569191258767       0.55533006519893835       0.57012552270659500       0.62484519744228939       0.77536972871944787       0.97248021454140243     
  0.55330926266734337       0.55357148478110296       0.55538687358459460       0.57042206772381665       0.62644920163812978       0.78526546499774008       0.97763097518866637     
  0.55334392027839119       0.55361939479276845       0.55548473974021872       0.57080765179061710       0.62813054444187799       0.79498799739041326       0.98189449782603266     
  0.55338070375591430       0.55367404884164884       0.55561829801256701       0.57128032091455550       0.62991034744386254       0.80453270944743538       0.98540783314721270     
  0.55341382630324509       0.55373527685951252       0.55579485246527571       0.57184286669906637       0.63180775322208349       0.81389707333074113       0.98829065677914607     
  0.55345736314342664       0.55380098918362053       0.55601571984774578       0.57249337677637047       0.63383326706615462       0.82306870901727414       0.99064523469530652     
  0.55349317702433987       0.55386713635829099       0.55627180870512793       0.57322189485805830       0.63598932353940085       0.83204134409652752       0.99255976819229008     
  0.55351949474564976       0.55392904791482100       0.55655054361092882       0.57402436517537703       0.63827710829394824       0.84080641229898667       0.99410935924923560     
  0.55352984319248644       0.55398417292599722       0.55685257961853107       0.57490436529957434       0.64070259863397883       0.84935919517496106       0.99535795355541234     
  0.55352172944628897       0.55402998472877796       0.55716904627139985       0.57586630645308878       0.64327586162907147       0.85769908994491917       0.99635959173296473     
  0.55347857984184778       0.55405550375478629       0.55748157694228850       0.57690122259019161       0.64598931598315557       0.86581409367179329       0.99715906561448220     
  0.55340043878327050       0.55403806494454888       0.55778023644884911       0.57800413350597724       0.64884398124248521       0.87369826693684161       0.99779409746003367     
  0.55326540585130657       0.55398805360921299       0.55804321825733694       0.57915626328894232       0.65183207844328728       0.88134088125619348       0.99829584851649722     
  0.55305284005477207       0.55389407569233606       0.55824790592065510       0.58034070971395368       0.65495044695617544       0.88873498023741460       0.99869023319588435     
  0.55273521067329323       0.55372722516793715       0.55835918340108925       0.58153449909309973       0.65816314424601530       0.89587144311752664       0.99899853639826852     
  0.55228508191694659       0.55344561608558585       0.55832345339400091       0.58271285737515643       0.66150156147829464       0.90274097743553983       0.99923822369243864     
  0.55167127756134571       0.55294706989938514       0.55806838558840777       0.58384714165212481       0.66488979935711479       0.90932973864993538       0.99942350701234872     
  0.55085292106063144       0.55202600092699927       0.55765079495652281       0.58489656627317466       0.66829049976649868       0.91562143565644760       0.99956592367058850     
  0.54973962537844401       0.55047698503993470       0.55684801808464901       0.58581821347005414       0.67171499864638506       0.92159030975668221       0.99967477117237202     
  0.54772093882468587       0.54812387660881445       0.55553272581940483       0.58656578052763086       0.67497501052771558       0.92721003234435273       0.99975751820736702     
  0.54373492588217476       0.54493529523162942       0.55346637347700200       0.58705698240826842       0.67858676463444711       0.93244760445269159       0.99982007012030372     
  0.53820791112040578       0.54059290202367916       0.55110839330376127       0.58724103039822095       0.68203572151432945       0.93727424912135648       0.99986708422270976     
  0.53106523916046589       0.53503847619013822       0.54751701610062153       0.58697903696175957       0.68523589099372850       0.94166936962102032       0.99990221918986433     
  0.52226906257122929       0.52814575497887128       0.54285963534026882       0.58628135683332383       0.68804620143251616       0.94559516260575893       0.99992829246381587     
   1.0000000000000000        1.0000000000000000        1.0000000000000000        1.0000000000000000        1.0000000000000000        1.0000000000000000        1.0000000000000000     
   1.0000000000000000        1.0000000000000000        1.0000000000000000        1.0000000000000000        1.0000000000000000        1.0000000000000000        1.0000000000000000     
   1.0000000000000000        1.0000000000000000        1.0000000000000000        1.0000000000000000        1.0000000000000000        1.0000000000000000        1.0000000000000000     
   1.0000000000000000        1.0000000000000000        1.0000000000000000        1.0000000000000000        1.0000000000000000        1.0000000000000000        1.0000000000000000     
   1.0000000000000000        1.0000000000000000        1.0000000000000000        1.0000000000000000        1.0000000000000000        1.0000000000000000        1.0000000000000000     
   1.0000000000000000        1.0000000000000000        1.0000000000000000        1.0000000000000000        1.0000000000000000        1.0000000000000000        1.0000000000000000     
   1.0000000000000000        1.0000000000000000        1.0000000000000000        1.0000000000000000        1.0000000000000000        1.0000000000000000        1.0000000000000000     
   1.0000000000000000        1.0000000000000000        1.0000000000000000        1.0000000000000000        1.0000000000000000        1.0000000000000000        1.0000000000000000     
   1.0000000000000000        1.0000000000000000        1.0000000000000000        1.0000000000000000        1.0000000000000000        1.0000000000000000        1.0000000000000000     
   1.0000000000000000        1.0000000000000000        1.0000000000000000        1.0000000000000000        1.0000000000000000        1.0000000000000000        1.0000000000000000     
   1.0000000000000000        1.0000000000000000        1.0000000000000000        1.0000000000000000        1.0000000000000000        1.0000000000000000        1.0000000000000000     
   1.0000000000000000        1.0000000000000000        1.0000000000000000        1.0000000000000000        1.0000000000000000        1.0000000000000000        1.0000000000000000     
   1.0000000000000000        1.0000000000000000        1.0000000000000000        1.0000000000000000        1.0000000000000000        1.0000000000000000        1.0000000000000000     
   1.0000000000000000        1.0000000000000000        1.0000000000000000        1.0000000000000000        1.0000000000000000        1.0000000000000000        1.0000000000000000     
   1.0000000000000000        1.0000000000000000        1.0000000000000000        1.0000000000000000        1.0000000000000000        1.0000000000000000        1.0000000000000000     
   1.0000000000000000        1.0000000000000000        1.0000000000000000        1.0000000000000000        1.0000000000000000        1.0000000000000000        1.0000000000000000     
   1.0000000000000000        1.0000000000000000        1.0000000000000000        1.0000000000000000        1.0000000000000000        1.0000000000000000        1.0000000000000000     
   1.0000000000000000        1.0000000000000000        1.0000000000000000        1.0000000000000000        1.0000000000000000        1.0000000000000000        1.0000000000000000     
   1.0000000000000000        1.0000000000000000        1.0000000000000000        1.0000000000000000        1.0000000000000000        1.0000000000000000        1.0000000000000000     
   1.0000000000000000        1.0000000000000000        1.0000000000000000        1.0000000000000000        1.0000000000000000        1.0000000000000000        1.0000000000000000     
   1.0000000000000000        1.0000000000000000        1.0000000000000000        1.0000000000000000        1.0000000000000000        1.0000000000000000        1.0000000000000000     
   1.0000000000000000        1.0000000000000000        1.0000000000000000        1.0000000000000000        1.0000000000000000        1.0000000000000000        1.0000000000000000     
   1.0000000000000000        1.0000000000000000        1.0000000000000000        1.0000000000000000        1.0000000000000000        1.0000000000000000        1.0000000000000000     
   1.0000000000000000        1.0000000000000000        1.0000000000000000        1.0000000000000000        1.0000000000000000        1.0000000000000000        1.0000000000000000     
   1.0000000000000000        1.0000000000000000        1.0000000000000000        1.0000000000000000        1.0000000000000000        1.0000000000000000        1.0000000000000000     
   1.0000000000000000        1.0000000000000000        1.0000000000000000        1.0000000000000000        1.0000000000000000        1.0000000000000000        1.0000000000000000     
   1.0000000000000000        1.0000000000000000        1.0000000000000000        1.0000000000000000        1.0000000000000000        1.0000000000000000        1.0000000000000000     
   1.0000000000000000        1.0000000000000000        1.0000000000000000        1.0000000000000000        1.0000000000000000        1.0000000000000000        1.0000000000000000     
   1.0000000000000000        1.0000000000000000        1.0000000000000000        1.0000000000000000        1.0000000000000000        1.0000000000000000        1.0000000000000000     
   1.0000000000000000        1.0000000000000000        1.0000000000000000        1.0000000000000000        1.0000000000000000        1.0000000000000000        1.0000000000000000     
   1.0000000000000000        1.0000000000000000        1.0000000000000000        1.0000000000000000        1.0000000000000000        1.0000000000000000        1.0000000000000000     
   1.0000000000000000        1.0000000000000000        1.0000000000000000        1.0000000000000000        1.0000000000000000        1.0000000000000000        1.0000000000000000     
   1.0000000000000000        1.0000000000000000        1.0000000000000000        1.0000000000000000        1.0000000000000000        1.0000000000000000        1.0000000000000000     
   1.0000000000000000        1.0000000000000000        1.0000000000000000        1.0000000000000000        1.0000000000000000        1.0000000000000000        1.0000000000000000     
   1.0000000000000000        1.0000000000000000        1.0000000000000000        1.0000000000000000        1.0000000000000000        1.0000000000000000        1.0000000000000000     
   1.0000000000000000        1.0000000000000000        1.0000000000000000        1.0000000000000000        1.0000000000000000        1.0000000000000000        1.0000000000000000     
   1.0000000000000000        1.0000000000000000        1.0000000000000000        1.0000000000000000        1.0000000000000000        1.0000000000000000        1.0000000000000000     
