   3.2320392712020669        3.0900813554761499        2.9090610719361805        2.8965300153046942        3.8794852718118307        8.8459629732877421        20.096103169282145     
   3.2423752548441698        3.1038350808336337        2.9238019077403603        2.9052404482954186        3.8542869314297161        8.7902425461873364        20.063441012762084     
   3.2472672745380522        3.1120721478597408        2.9333191181264056        2.9080107741806613        3.8188235205995649        8.7123672268642220        19.981890723057365     
   3.2469554240355283        3.1150186704702012        2.9375259736041839        2.9049755114941749        3.7741194375366276        8.6167900213950919        19.862685543723462     
   3.2416953520411300        3.1128339087545958        2.9364431687872221        2.8961499750061019        3.7207043659269647        8.5042382840053214        19.712689522529619     
   3.2316817956004469        3.1056430505750514        2.9300837245543438        2.8814857461806187        3.6591842988850432        8.3772552184240325        19.542376631479495     
   3.2171028209940804        3.0935753523384162        2.9184639613073524        2.8609527597078341        3.5902834437460425        8.2387862961336360        19.366467412937343     
   3.1981514139133473        3.0767304548695367        2.9016807870679289        2.8348269919567066        3.5152176700506619        8.0931465194764591        19.194698014582656     
   3.1749722870957910        3.0551999253531958        2.8799000207264096        2.8036860858065111        3.4353358982205857        7.9445267004660343        19.031033278229497     
   3.1476795715033941        3.0291258955773941        2.8533733903396530        2.7681153821976787        3.3518710992682719        7.7964210910526566        18.873888102813478     
   3.1163413249914749        2.9986741966846600        2.8224389715751470        2.7286943207865848        3.2658549793402605        7.6511380382035137        18.719847160192643     
   3.0811236918899274        2.9640179744560293        2.7874374630453218        2.6859646643904722        3.1782112376620635        7.5102368353719449        18.567180377634152     
   3.0420524772988915        2.9254151770154180        2.7486037123998344        2.6401268320868971        3.0897765353635336        7.3746494512407699        18.411947857887167     
   2.9993340396257504        2.8831657171550042        2.7064529341084609        2.5918412211836608        3.0012415700680362        7.2442166423279382        18.252899738725951     
   2.9531973337575059        2.8375445925714899        2.6613525602689525        2.5412939350409594        2.9131782196536480        7.1187711032552947        18.088557798038288     
   2.9038294813179073        2.7887161844110198        2.6135938253900730        2.4887138785617204        2.8263097099206735        6.9977167846666211        17.918707139656295     
   2.8514279490615326        2.7369231495464454        2.5634716177102197        2.4343248460344844        2.7411133690344003        6.8805115922728817        17.742182003399122     
   2.7962046719354423        2.6825354445231926        2.5111945071412571        2.3783900901909525        2.6579180584899769        6.7665407825068655        17.560134671159698     
   2.7383460515713005        2.6257535242294083        2.4569391639943334        2.3209142420109572        2.5769864035058028        6.6552604454240072        17.371058819797337     
   2.6780167239079669        2.5666394943159783        2.4008757898050290        2.2620849610396490        2.4985580437631438        6.5461612023598841        17.176065927366018     
   2.6153553987816256        2.5054136583178308        2.3430892022020324        2.2021043083513754        2.4227243059008408        6.4387891613939097        16.974070911826264     
   2.5504616553544728        2.4421865653928050        2.2836188213895801        2.1411522585357385        2.3495110001657640        6.3327457381647561        16.764873131469830     
   2.4832824085318257        2.3770126666626457        2.2225223262140195        2.0794418758073170        2.2788892241956624        6.2276684128880015        16.549492049608169     
   2.4136760947183329        2.3099206420515905        2.1598122068645784        2.0171365694654635        2.2107823232371833        6.1232440864941644        16.327066959004096     
   2.3417072097989498        2.2409049042663116        2.0954630382252444        1.9543855472746501        2.1450769039780013        6.0190656282728030        16.099124156069667     
   2.2674738595834851        2.1699098536719856        2.0294141951790419        1.8912996021456110        2.0816273063859096        5.9150676967153402        15.866018653425551     
   2.1910027313788096        2.0968511224454160        1.9615722407985947        1.8279449799017153        2.0202630783211428        5.8105106792939045        15.622640195106577     
   2.1121882002651517        2.0215818001922581        1.8917999702040615        1.7643263022151250        1.9607780891638782        5.7060858106062176        15.365254225183257     
   2.0308157984436086        1.9438710230742400        1.8199148248268751        1.7003525097162531        1.9029250108637985        5.6009828259006982        15.123965264020914     
   1.9466485224003114        1.8634452755140991        1.7456920398014637        1.6358056559570284        1.8464382030346354        5.4955525293805385        14.868783835338085     
   1.8593140469328022        1.7799850300635760        1.6687963945405977        1.5704092608658342        1.7910002329331016        5.3892039540164980        14.610482218889993     
   1.7685896664378902        1.6930958804687755        1.5888147422720456        1.5038524228615417        1.7362173792107876        5.2820979233546916        14.347689076604185     
   1.6740018666814358        1.6022978931774892        1.5052637300116531        1.4357210751646319        1.6816278331121537        5.1739481433214669        14.083431039233815     
   1.5746202876629598        1.5069973355513657        1.4175850194923458        1.3648441927958652        1.6266548172378055        5.0646459646893218        13.817156312453470     
   1.4697625420445375        1.4065096700611377        1.3249285908796513        1.2899485279297116        1.5708971832231839        4.9542446279294667        13.548972532369289     
   1.3586899380885882        1.3000595043008045        1.2263560189720637        1.2098301795109776        1.5134912761148915        4.8423664048927835        13.279084144863372     
   1.2403747649511068        1.1866039264826724        1.1207428193337565        1.1230309901210007        1.4528232374747803        4.7292007150323432        13.010044518367984     
   1.1132695775643016        1.0649792853966566        1.0067024939092599        1.0280678518293740        1.3871450247152874        4.6146819186088708        12.742074824321346     
  0.97577778831537909       0.93320907822908528       0.88248045941047859       0.92295957813932161        1.3150409810460819        4.4988587721411148        12.475747858782404     
  0.82594290343736709       0.78893735389418562       0.74598768124849646       0.80493895512504410        1.2349795365535172        4.3814052284450957        12.212925720806748     
  0.66116339339672869       0.62931788769412922       0.59404522218836542       0.67046848415299820        1.1447888580245136        4.2620263072292746        11.954647892987751     
  0.47785251704621035       0.45032739719450365       0.42206779029295288       0.51488234683661926        1.0399492543811464        4.1401505349661418        11.703490674452876     
  0.27055297589130162       0.24615484325958817       0.22346862414576318       0.33180922853048034       0.91497933067168868        4.0156974898938209        11.462246031959776     
   3.0017142125411820E-002   7.5812335189812587E-003  -1.1118327568858650E-002  0.11211300731582681       0.76312918189821144        3.8882047270954132        11.233965340681113     
 -0.26129308913517324      -0.28178994314847300      -0.29690848895539518      -0.15798345485826534       0.57627689076512723        3.7577440307884125        11.022613780479274     
 -0.21638561592842992      -0.23565856261491039      -0.25027474280272149      -0.11212718511180259       0.61506160027881684        3.7013079111677216        10.832251268577387     
 -0.17723872342604979      -0.19432786309366873      -0.20722071324042790       -6.9333182690698436E-002  0.65307635216100735        3.6447700343564193        10.640532187501638     
 -0.14363971815084511      -0.15797476072459757      -0.16794084102934775       -2.9691826695885881E-002  0.69032385611149338        3.5880487903501859        10.447397728341558     
 -0.11508487559994091      -0.12644892499005081      -0.13253789850164888        6.7053023550288672E-003  0.72664329960448626        3.5310578740716769        10.252543412371050     
  -9.1065655808274068E-002  -9.9470315681359278E-002 -0.10087539702736720        3.9752364625928169E-002  0.76184135205053094        3.4737273567805871        10.055937641009860     
  -7.1081621288097183E-002  -7.6695625674822965E-002  -7.3185249565112659E-002   6.9324820543863824E-002  0.79569672033474759        3.4160818461663340        9.8575585618829145     
  -5.4646248582190048E-002  -5.7753525541198697E-002  -4.9359498604346720E-002   9.5293893899443552E-002  0.82801412559069643        3.3581153254100720        9.6576732497963036     
  -4.1289143838950597E-002  -4.2257454928955114E-002  -2.9444482292382085E-002  0.11751784859913450       0.85837807863196491        3.2998422357933226        9.4563682671110367     
  -3.0565690569255708E-002  -2.9811202748012532E-002  -1.3220172360212298E-002  0.13585315844949922       0.88613443832006289        3.2412149630069842        9.2538225515539008     
  -2.2072549981353714E-002  -2.0020935282280519E-002  -4.7107962029678752E-004  0.15019858146405604       0.91072248777173226        3.1823433243649188        9.0501288316029775     
  -1.5450177101060477E-002  -1.2502765959764954E-002   9.1125436600540365E-003  0.16052079067981689       0.93151609468054397        3.1233943691849140        8.8455822476887267     
  -1.0384605935556162E-002  -6.8941218832612085E-003   1.5895900516125182E-002  0.16690301589250939       0.94791489950665486        3.0656280732145227        8.6405094334675603     
  -6.6022894636848656E-003  -2.8620930131738561E-003   2.0237600102386094E-002  0.16953923979897156       0.95937027981933942        3.0091710153676718        8.4352202848695139     
  -3.8664717293312467E-003  -1.0652722413787505E-004   2.2521714000322709E-002  0.16874103408730576       0.96532384850171593        2.9539895469489554        8.2300115482818175     
  -1.9673839123253577E-003   1.6402017749878137E-003   2.3134173936500496E-002  0.16481598414595319       0.96536702181733969        2.9003273570528791        8.0250258379890376     
  -7.1975699364901029E-004   2.6127675796506693E-003   2.2446178993773224E-002  0.15808231671275186       0.95929034222068332        2.8486141229917981        7.8206868423888034     
   3.5998760399081656E-005   3.0124166883595126E-003   2.0808902664433204E-002  0.14883226200055116       0.94681955364412584        2.7992138091526604        7.6169021097902556     
   4.3648250062309569E-004   3.0126557947473603E-003   1.8544549428918849E-002  0.13726182653004321       0.92664072673144948        2.7524845332921712        7.4135798911505635     
   5.9572642996109199E-004   2.7572795092140811E-003   1.5936418226156261E-002  0.12379829141554675       0.89775459550264569        2.7087912240951644        7.2105238559634124     
   6.0677771042886327E-004   2.3609967524038972E-003   1.3222982139159617E-002  0.10908787405251148       0.86004187688166400        2.6683820903293864        7.0074190803475318     
   5.3899898371762348E-004   1.9145289788675924E-003   1.0597785691325436E-002   9.3822422306710035E-002  0.81379506471621532        2.6313536781984301        6.8037154360898189     
   4.4265123479469894E-004   1.4808441039647728E-003   8.2000168671696079E-003   7.8560863956910823E-002  0.75964791052816327        2.5977024527966979        6.5991249102186931     
   3.4759892612517076E-004   1.1026422559711829E-003   6.1242157629438276E-003   6.3928072641089739E-002  0.69863231680300975        2.5671438345420952        6.3928574568929575     
   2.7065158413853502E-004   8.0001455993613222E-004   4.4138261062261642E-003   5.0439310394493668E-002  0.63213594257565975        2.5390471316063916        6.1839957874630587     
   2.1624231908091290E-004   5.7848501778126930E-004   3.0801793900021518E-003   3.8493660024818049E-002  0.56157865763445691        2.5127756032755797        5.9711957070494561     
   1.8234958142016275E-004   4.2997246148240934E-004   2.0971674215694404E-003   2.8360645161712141E-002  0.48883576958065811        2.4871933052790367        5.7527303826023459     
   1.6361387361018257E-004   3.3927871873599210E-004   1.4184493044129590E-003   2.0156003912050302E-002  0.41579332387062734        2.4604747599572629        5.5261880548828977     
   1.5447676558180768E-004   2.8955657091309079E-004   9.8161156930500490E-004   1.3847289038666041E-002  0.34452712726121193        2.4273473173973747        5.2884832926569763     
   1.5062267505051245E-004   2.6519046295755207E-004   7.2197586973371140E-004   9.2683912899060566E-003  0.27736315494219316        2.3851186592542604        5.0356020753202158     
   1.4926027923311205E-004   2.5475799399025516E-004   5.8104844022133619E-004   6.1438460558127916E-003  0.21662997597418487        2.3292380847462000        4.7623173138072232     
   1.4885827722209955E-004   2.5086528126929824E-004   5.1074893124681566E-004   4.1449828194733409E-003  0.16425005786380639        2.2535425696161973        4.4618637598555759     
   1.4875582351136317E-004   2.4945312065331786E-004   4.7747778420334546E-004   2.9434987491528371E-003  0.12129032945517461        2.1502532762602855        4.1253459167066699     
   1.4870932109947398E-004   2.4873147428080671E-004   4.5970940423959269E-004   2.2380020108660409E-003   8.7659370879555179E-002   2.0092585098913811        3.7413437415451041     
   1.4866130748677104E-004   2.4807915645009323E-004   4.4678322949992944E-004   1.7944478659779365E-003   6.2035367130575100E-002   1.8087871888804470        3.2961515696738788     
   1.4861113577485451E-004   2.4744766650957060E-004   4.3509169292361820E-004   1.4631057552070958E-003   4.2574894321803100E-002   1.5159293697000895        2.7781491643543577     
   1.4855636887520744E-004   2.4688592976083833E-004   4.2452566841141869E-004   1.1775956773516412E-003   2.7206212830031998E-002   1.1234487196242156        2.1807263735360776     
