   3.6310113157815458     
   3.6290589920667879     
   3.6190420840708422     
   3.6016022297175381     
   3.5769795105744180     
   3.5455395890011232     
   3.5077372681649908     
   3.4643321715122970     
   3.4162012108737119     
   3.3641406000787910     
   3.3088325090451645     
   3.2508851704630901     
   3.1906815669994315     
   3.1287660080878323     
   3.0654346771585552     
   3.0009928626598183     
   2.9356874023848887     
   2.8697420321852340     
   2.8032348102093398     
   2.7363168242517628     
   2.6690868467489550     
   2.6016106179823204     
   2.5339633914443920     
   2.4661676802234576     
   2.3982315858715966     
   2.3301428872910885     
   2.2617789053581765     
   2.1930669633864417     
   2.1239996380373212     
   2.0541827989817816     
   1.9833653864661542     
   1.9112094073992092     
   1.8372984430611474     
   1.7608599445847073     
   1.6810647785882471     
   1.5969451163048594     
   1.5072422215696351     
   1.4105503023309742     
   1.3052244084179827     
   1.1891714173141859     
   1.0595493718985347     
  0.91209412887795405     
  0.74108628937749843     
  0.53852015153819499     
  0.29242226330203536     
  0.32890764105268594     
  0.36282854429643618     
  0.39408932741829800     
  0.42259674390180851     
  0.44831291164194614     
  0.47110683247704033     
  0.49093593243923861     
  0.50766314761888454     
  0.52115462831317261     
  0.53132281891265809     
  0.53811691139826057     
  0.54161612523865899     
  0.54188049721936327     
  0.53900632133918036     
  0.53313895286137392     
  0.52448347053257427     
  0.51320491153563974     
  0.49917132207181775     
  0.48240306038276037     
  0.46319558593806875     
  0.44193779921710846     
  0.41903107213275559     
  0.39496523473676415     
  0.37023835996322335     
  0.34530022735935012     
  0.32061813332108458     
  0.29655108836071514     
  0.27322633556866788     
  0.25093355707778670     
  0.22980055225713641     
  0.20972992571458476     
  0.19030772404197827     
  0.17069285972796031     
  0.14904031245981936     
  0.12273857913006606     
   9.0771774787995946E-002
