  0.60730667726048260       0.61602376496193778       0.62840396796549158       0.65289459214036860       0.73804705623888667        1.0341957358732008        2.0184084625919589     
  0.62332568555358725       0.63190847856457943       0.64449801673176088       0.67015507396557517       0.75882037298929861        1.0715976267773275        2.1317772156061632     
  0.63939587990178637       0.64761444769142273       0.66025990886153063       0.68703913708264241       0.77993576271345944        1.1091313522825039        2.2493377739613316     
  0.65547103198250334       0.66323973736677033       0.67583342357660281       0.70364916813792955       0.79959510232444553        1.1468071047926072        2.3718384520256643     
  0.67149664760308692       0.67878065273667687       0.69125865076314530       0.72010377177801455       0.81986259400503481        1.1846404850814625        2.4998811659562428     
  0.68740983253636134       0.69420660736095607       0.70652974519028322       0.73638918432187161       0.83999441288608456        1.2226341560693785        2.6323960088862739     
  0.70314716785877229       0.70948151135583926       0.72161257947815327       0.75243073874304878       0.85987581665809820        1.2603897701539206        2.7700624290197760     
  0.71866090942076932       0.72456404867283764       0.73647944160319645       0.76820776687930004       0.87947372029593485        1.2985563023286824        2.9131355065726057     
  0.73390326362126024       0.73939747257741206       0.75110089702742011       0.78370446082667744       0.89879714448695125        1.3366432717155139        3.0624062578400673     
  0.74882773030432104       0.75393981744823590       0.76542333369424809       0.79889881058663625       0.91779227431039068        1.3768786986723331        3.2173861162767285     
  0.76337487766107570       0.76813925161226715       0.77942488525482201       0.81376713877756368       0.93645991857368116        1.4130157307958910        3.3800052313440294     
  0.77755648084456097       0.78195254585771212       0.79314522634660500       0.82840140778174431       0.95478277555341939        1.4554670879083802        3.5480253580467513     
  0.79125085641201109       0.79534370323251014       0.80640880704321716       0.84255710959519381       0.97277167043543089        1.4895977054582914        3.7226943087761137     
  0.80443657894371934       0.80827797139248658       0.81925960037036438       0.85633534946959011       0.99042516637004918        1.5296392873122386        3.9045023010000222     
  0.81709793122496055       0.82075749617637250       0.83168112163213537       0.86971673226099055        1.0076306324231805        1.5670007085251700        4.0948585808033693     
  0.82920762252875824       0.83273456593663320       0.84363747730642158       0.88269379254788660        1.0244640582765709        1.6069879448794218        4.2921775055025346     
  0.84073885651690328       0.84414181668180077       0.85513566557754139       0.89524978347130169        1.0409367558631262        1.6447529170651856        4.4991856157466952     
  0.85167662348975237       0.85500622803553950       0.86616247300671256       0.90737663558433523        1.0570134856418383        1.6847713319287885        4.7131992818301436     
  0.86200685201677352       0.86536356660403457       0.87670185703588133       0.91904260944545491        1.0726605196336738        1.7228558068001469        4.9372484959783458     
  0.87171449406682811       0.87509885577795621       0.88674736136968446       0.93024202022596325        1.0879012111793491        1.7625221651881180        5.1697180466482022     
  0.88079509698190050       0.88425014844808514       0.89629279820442098       0.94095600415629999        1.1027280731297302        1.8007946574340767        5.4108422048767526     
  0.88927632157626457       0.89282443122837252       0.90531265870359590       0.95115467477520421        1.1171297599653964        1.8407645067841780        5.6627698508719684     
  0.89715363050643659       0.90081732980805262       0.91381714968435712       0.96085760931576603        1.1310946035113678        1.8792845477348701        5.9246127180092296     
  0.90437295572800003       0.90822667400422974       0.92180409352690651       0.97005217285247081        1.1446140673965288        1.9193157791126476        6.1969131157720510     
  0.91093017309970770       0.91505535340940769       0.92926756024185397       0.97874032137845957        1.1576847229990932        1.9582949605169024        6.4809190022310723     
  0.91682781203985386       0.92130472525859342       0.93619710488477625       0.98691969918728628        1.1702931996966106        1.9983847694901702        6.7761615068846313     
  0.92209770258574131       0.92697634309948262       0.94258533725781812       0.99458030143709553        1.1824270729761879        2.0371262670575310        7.0955973384757591     
  0.92676337954250942       0.93207480706287371       0.94842614078329235        1.0017220489401792        1.1940739416961745        2.0772500360436399        7.4005405378273617     
  0.93082612830703659       0.93659749165445993       0.95371418120933771        1.0083482746737005        1.2052286895401343        2.1157901154311340        7.7158046648564218     
  0.93430149062238288       0.94054312504619597       0.95845842076549359        1.0144381292681817        1.2158866527120544        2.1563126400426076        8.0557908870941901     
  0.93713566625121714       0.94390491656147679       0.96263543788660100        1.0199505082997680        1.2260458436209398        2.1938954569556386        8.4091409660094900     
  0.93937711069705965       0.94667729520079880       0.96622325944843024        1.0248632519202860        1.2356308154150903        2.2339982095046400        8.7727867493273592     
  0.94110304648415366       0.94885101626781310       0.96918898930302066        1.0291586600003797        1.2447077413918681        2.2712502463327087        9.1486253556477202     
  0.94218475256875878       0.95040054685811326       0.97155072130431652        1.0328330068053693        1.2531836525951308        2.3111400187365674        9.5338670689379921     
  0.94257825142181739       0.95130224269929964       0.97325818614528226        1.0358515478711177        1.2610232666173578        2.3476806208805132        9.9306343079697630     
  0.94228240127468099       0.95152554972111891       0.97426460724668573        1.0382436230978793        1.2682365452722251        2.3868387960665833        10.340489234074926     
  0.94129059173303808       0.95097604851330531       0.97452246986315549        1.0399063928762828        1.2748066471655051        2.4225141324614108        10.759219371524168     
  0.93948995460661799       0.94969897759722111       0.97396933209275738        1.0407811153469602        1.2806996395644181        2.4607412292886397        11.190459152152549     
  0.93681667329713725       0.94751672158593692       0.97249934675113936        1.0407747779826246        1.2858048774224393        2.4949516219517820        11.630171286782067     
  0.93314620729511899       0.94428154301409062       0.97000720560325049        1.0397916243278169        1.2900759538715438        2.5323481730078115        12.078014058727659     
  0.92829508196487209       0.93989594350025318       0.96638686342166424        1.0378540034116528        1.2935040770084603        2.5654416563787641        12.535374441794694     
  0.92199539653826768       0.93408381992327660       0.96142707088889812        1.0347486281323830        1.2960475233448030        2.6037920784174684        13.000431523911212     
  0.91385588898680392       0.92652602413099727       0.95485562860500361        1.0302886936845770        1.2974879850474879        2.6373508878262948        13.470247563517136     
  0.90333301694965384       0.91682611736161657       0.94655058656198043        1.0241750243394248        1.2978491554306735        2.6797120939759003        13.944375446658858     
  0.65787890545429861       0.67097591840570625       0.69980286990161733       0.77828728677242287        1.0820234478234616        2.6013374792202608        14.414571000631200     
  0.64482889769145935       0.65915522367313562       0.69008380014606796       0.77220857396321863        1.0824196422249690        2.6379791341785506        14.876979817214769     
  0.63212978582550206       0.64755751733737632       0.68036737299252392       0.76581684685028195        1.0821741901670709        2.6732602813115895        15.341997100760365     
  0.61984399037037241       0.63622592192725991       0.67065171036660742       0.75915136668001038        1.0812712176111317        2.7071198362852740        15.808602536767141     
  0.60807165087230841       0.62520103369449254       0.66093090521965014       0.75226139980949080        1.0797592177276154        2.7395025768517702        16.276517887237244     
  0.59698393399325578       0.61454069838578085       0.65140690758140707       0.74519548410966341        1.0776863784887554        2.7704662633433803        16.745148914742614     
  0.58667494918294749       0.60432434700245918       0.64204277996938586       0.73798424993556977        1.0750761236250157        2.7999963573254538        17.214818999437899     
  0.57713654426689764       0.59457486147266159       0.63283647330039872       0.73058827247135538        1.0719043414585274        2.8277923380777996        17.682634197641743     
  0.56830294125182379       0.58530048759728859       0.62371684010430495       0.72295453580145097        1.0681114901150879        2.8535045725944097        18.145584010403990     
  0.56010128847994556       0.57652239531395022       0.61469840787354046       0.71507170316574864        1.0636049892528525        2.8768981117970749        18.602522020921828     
  0.55247766714946334       0.56823962764465474       0.60578796792212120       0.70692849544309888        1.0583464717268967        2.8977264880689688        19.050284767622792     
  0.54541012835129921       0.56043339329649111       0.59697816162888706       0.69848592359026229        1.0522378611601571        2.9155758572510342        19.485711953704598     
  0.53891052075267998       0.55308318603583850       0.58827998013200133       0.68968052464704088        1.0451416071332520        2.9300141787467315        19.905822366292991     
  0.53301938773472846       0.54618719461399690       0.57971995163765289       0.68042581265209245        1.0369107697897963        2.9405010568783796        20.305413211499243     
  0.52779883285474172       0.53976847204632217       0.57135072961250200       0.67071161365603427        1.0273693984478529        2.9463621626808041        20.678536987739673     
  0.52330931202074771       0.53387963610169886       0.56319954043906562       0.66045109697394910        1.0163614705150148        2.9469463949593613        21.018429376586869     
  0.51957715546100558       0.52859461193952417       0.55532245010886749       0.64958960019641032        1.0038432406650930        2.9415852146584518        21.318700536382718     
  0.51657875003082765       0.52398258227354455       0.54779394255084590       0.63814311260975409       0.98983837355693216        2.9297208827650674        21.572425858138178     
  0.51425308831963212       0.52008929621938138       0.54071692759985757       0.62606878270617539       0.97403481224326560        2.9104532503608986        21.772054665323598     
  0.51251014653904114       0.51692791837659868       0.53421577415873500       0.61346281764305866       0.95619827838113958        2.8832554668463457        21.905833955016874     
  0.51125010396320214       0.51446047911682047       0.52841479805256864       0.60049468264990813       0.93623607320949931        2.8475806283396028        21.974084308505937     
  0.51037482267028600       0.51261313689161803       0.52342712822144422       0.58737816058303050       0.91413831581367289        2.8029692317934973        21.970488271422603     
  0.50979753589159027       0.51128718368432680       0.51931178976890313       0.57446479478736190       0.88985075344297548        2.7489253381141050        21.885232302781631     
  0.50944019223852799       0.51037916060983746       0.51606772003392842       0.56209975439770854       0.86333089041042621        2.6850173811460341        21.711364148260536     
  0.50923604822269430       0.50979286771942911       0.51363875622413280       0.55064255824995456       0.83462353713872761        2.6108650533922275        21.440313069501642     
  0.50913019083043842       0.50943862256336814       0.51191400678427756       0.54044442184180808       0.80376955629913094        2.5263165269720269        21.068039053684384     
  0.50908107425340421       0.50924179354141130       0.51075892012925372       0.53178925712167791       0.77098153224938026        2.4315681926039985        20.584273035926561     
  0.50906066883492185       0.50914189341999427       0.51003157124173781       0.52481852763612491       0.73656763019359439        2.3271157765593360        19.989814900702793     
  0.50905293232496929       0.50909534722371430       0.50960318559337026       0.51953309006385562       0.70116427623250011        2.2132223736820973        19.291691362436655     
  0.50905000331748496       0.50907467610587720       0.50936642554152978       0.51576751402913401       0.66586485205951740        2.0909393913555485        18.489462624486649     
  0.50904870282061565       0.50906502421498623       0.50924097874921981       0.51324755617425455       0.63213027416989498        1.9616743298916663        17.587122963301450     
  0.50904795152332993       0.50905972313679071       0.50917363275519056       0.51165698714158125       0.60152622259231214        1.8269112114089012        16.598249507602549     
  0.50904743920192141       0.50905625896196194       0.50913439090064505       0.51069731757831505       0.57548128540785326        1.6891739932042948        15.537850635644125     
  0.50904707659502080       0.50905379528086070       0.50910870800013663       0.51012597993636011       0.55478561107123059        1.5514578552369571        14.428424213544890     
  0.50904682638124932       0.50905202937502003       0.50909053293697115       0.50977523218109855       0.53943389677903342        1.4149623463313152        13.295687861490187     
  0.50904666218982852       0.50905080932962865       0.50907748695812016       0.50954598124225214       0.52882400236319149        1.2840447642216368        12.170888608962267     
  0.50913958361018419       0.50914302838902792       0.50916136082467689       0.50948085342510085       0.52199022328958078        1.1616938728104074        11.090494566650744     
