   1.1277234346659711E-004   1.0655666542114426E-003   4.1687228104967094E-003   6.5604178601869623E-003   4.1687228104967163E-003   1.0655666542114435E-003   1.1277234346659617E-004
   1.1267232542393088E-004   1.0646216007718467E-003   4.1650255609485742E-003   6.5545994109708324E-003   4.1650255609485759E-003   1.0646216007718472E-003   1.1267232542392978E-004
   1.1256830665955804E-004   1.0636387451946720E-003   4.1611804214185307E-003   6.5485482237860014E-003   4.1611804214185342E-003   1.0636387451946701E-003   1.1256830665955777E-004
   1.1246028717347981E-004   1.0626180874799065E-003   4.1571873919065694E-003   6.5422642986325899E-003   4.1571873919065772E-003   1.0626180874799061E-003   1.1246028717347854E-004
   1.1235169615572779E-004   1.0615920294597795E-003   4.1531732352543304E-003   6.5359471251979313E-003   4.1531732352543269E-003   1.0615920294597808E-003   1.1235169615572743E-004
   1.1224424820132103E-004   1.0605767720503862E-003   4.1492013328826328E-003   6.5296964483257175E-003   4.1492013328826328E-003   1.0605767720503817E-003   1.1224424820132082E-004
   1.1213737177858658E-004   1.0595669149463644E-003   4.1452505576511992E-003   6.5234790197347681E-003   4.1452505576512104E-003   1.0595669149463581E-003   1.1213737177858585E-004
   1.1203106688752485E-004   1.0585624581477065E-003   4.1413209095600726E-003   6.5172948394250207E-003   4.1413209095600588E-003   1.0585624581477058E-003   1.1203106688752431E-004
   1.1192304740144600E-004   1.0575418004329419E-003   4.1373278800481009E-003   6.5110109142715840E-003   4.1373278800481018E-003   1.0575418004329445E-003   1.1192304740144512E-004
   1.1181102719366029E-004   1.0564833405805989E-003   4.1331869605542131E-003   6.5044942511495035E-003   4.1331869605542165E-003   1.0564833405805963E-003   1.1181102719365894E-004
   1.1169386320082288E-004   1.0553762779799318E-003   4.1288558967978416E-003   6.4976783534963058E-003   4.1288558967978346E-003   1.0553762779799310E-003   1.1169386320082227E-004
   1.1156926929624484E-004   1.0541990114094689E-003   4.1242501802178835E-003   6.4904302281870389E-003   4.1242501802178809E-003   1.0541990114094652E-003   1.1156926929624405E-004
   1.1143838854327107E-004   1.0529623414799380E-003   4.1194120650949262E-003   6.4828163717842342E-003   4.1194120650949332E-003   1.0529623414799398E-003   1.1143838854327004E-004
   1.1129950634688358E-004   1.0516500672752447E-003   4.1142781700081160E-003   6.4747370394440951E-003   4.1142781700081073E-003   1.0516500672752430E-003   1.1129950634688249E-004
   1.1115262270708255E-004   1.0502621887953803E-003   4.1088484949574578E-003   6.4661922311666509E-003   4.1088484949574370E-003   1.0502621887953799E-003   1.1115262270708182E-004
   1.1099773762386864E-004   1.0487987060403567E-003   4.1031230399429146E-003   6.4571819469519329E-003   4.1031230399429094E-003   1.0487987060403552E-003   1.1099773762386778E-004
   1.1083370803389672E-004   1.0472488183994220E-003   4.0970595506840020E-003   6.4476396902374798E-003   4.0970595506839994E-003   1.0472488183994200E-003   1.1083370803389611E-004
   1.1065939087382205E-004   1.0456017252618412E-003   4.0906157729001472E-003   6.4374989644607672E-003   4.0906157729001325E-003   1.0456017252618421E-003   1.1065939087382120E-004
   1.1047364308030034E-004   1.0438466260168781E-003   4.0837494523107741E-003   6.4266932730593536E-003   4.0837494523107585E-003   1.0438466260168820E-003   1.1047364308029888E-004
   1.1027417852664028E-004   1.0419619194430613E-003   4.0763760803548084E-003   6.4150896229082949E-003   4.0763760803548214E-003   1.0419619194430624E-003   1.1027417852663955E-004
   1.1006042568117206E-004   1.0399422052350172E-003   4.0684745298919653E-003   6.4026547657263667E-003   4.0684745298919739E-003   1.0399422052350127E-003   1.1006042568117081E-004
   1.0983066994887660E-004   1.0377712824766363E-003   4.0599814195014100E-003   6.3892889566698492E-003   4.0599814195014230E-003   1.0377712824766279E-003   1.0983066994887586E-004
   1.0958319673473751E-004   1.0354329502518093E-003   4.0508333677623624E-003   6.3748924508950627E-003   4.0508333677623581E-003   1.0354329502518037E-003   1.0958319673473699E-004
   1.0931743450708279E-004   1.0329218082551737E-003   4.0410092475345084E-003   6.3594320001207514E-003   4.0410092475344946E-003   1.0329218082551703E-003   1.0931743450708183E-004
   1.0903338326591175E-004   1.0302378564867219E-003   4.0305090588178506E-003   6.3429076043468747E-003   4.0305090588178384E-003   1.0302378564867219E-003   1.0903338326591046E-004
   1.0872989994787970E-004   1.0273702943357269E-003   4.0192905473318188E-003   6.3252527670110458E-003   4.0192905473318396E-003   1.0273702943357260E-003   1.0872989994787890E-004
   1.0840412689462521E-004   1.0242921202753292E-003   4.0072480773750844E-003   6.3063012467070188E-003   4.0072480773750896E-003   1.0242921202753296E-003   1.0840412689462476E-004
   1.0805377797945826E-004   1.0209817330840698E-003   3.9942971403865313E-003   6.2859200503098851E-003   3.9942971403865496E-003   1.0209817330840646E-003   1.0805377797945751E-004
   1.0767771013903508E-004   1.0174283321511873E-003   3.9803954820856096E-003   6.2640426812572069E-003   3.9803954820855940E-003   1.0174283321511914E-003   1.0767771013903432E-004
   1.0727592337335470E-004   1.0136319174767030E-003   3.9655431024722999E-003   6.2406691395489287E-003   3.9655431024723077E-003   1.0136319174767069E-003   1.0727592337335409E-004
   1.0684441696071061E-004   1.0095546869230293E-003   3.9495921115646976E-003   6.2155666872164136E-003   3.9495921115646846E-003   1.0095546869230258E-003   1.0684441696070943E-004
   1.0638090477441347E-004   1.0051750392686813E-003   3.9324580008016918E-003   6.1886023311347451E-003   3.9324580008016875E-003   1.0051750392686808E-003   1.0638090477441249E-004
   1.0588081456108409E-004   1.0004497720707088E-003   3.9139717530610862E-003   6.1595100850539994E-003   3.9139717530610888E-003   1.0004497720707084E-003   1.0588081456108325E-004
   1.0534071713068863E-004   9.9534648349689924E-004   3.8940066055012409E-003   6.1280904592868153E-003   3.8940066055012349E-003   9.9534648349689837E-004   1.0534071713068756E-004
   1.0475604022984745E-004   9.8982197110429799E-004   3.8723935409999523E-003   6.0940774675833122E-003   3.8723935409999532E-003   9.8982197110429842E-004   1.0475604022984712E-004
   1.0412221160518200E-004   9.8383303244995736E-004   3.8489635424350031E-003   6.0572051236935983E-003   3.8489635424349953E-003   9.8383303244995346E-004   1.0412221160518113E-004
   1.0343351593996855E-004   9.7732566448017729E-004   3.8235053384036589E-003   6.0171409448052807E-003   3.8235053384036597E-003   9.7732566448017360E-004   1.0343351593996814E-004
   1.0268423791748348E-004   9.7024586414127666E-004   3.7958076575031617E-003   5.9735524481060254E-003   3.7958076575031548E-003   9.7024586414127124E-004   1.0268423791748315E-004
   1.0186866222100284E-004   9.6253962837955433E-004   3.7656592283307902E-003   5.9261071507835245E-003   3.7656592283307738E-003   9.6253962837955021E-004   1.0186866222100172E-004
   1.0098335966049197E-004   9.5417455536279993E-004   3.7329332880448353E-003   5.8746055631503516E-003   3.7329332880448422E-003   9.5417455536279960E-004   1.0098335966049083E-004
   1.0002318645089966E-004   9.4510204234269778E-004   3.6974396923828909E-003   5.8187484506753828E-003   3.6974396923828913E-003   9.4510204234269171E-004   1.0002318645089907E-004
   9.8981855743830391E-005   9.3526268596017795E-004   3.6589460428018850E-003   5.7581700822650012E-003   3.6589460428018798E-003   9.3526268596017220E-004   9.8981855743829049E-005
   9.7854223754231887E-005   9.2460788346692292E-004   3.6172621950393575E-003   5.6925712233881487E-003   3.6172621950393553E-003   9.2460788346691890E-004   9.7854223754230871E-005
   9.6625430658622672E-005   9.1299722692333096E-004   3.5718388434481619E-003   5.6210874187326712E-003   3.5718388434481676E-003   9.1299722692332890E-004   9.6625430658622130E-005
   9.5282331228538629E-005   9.0030650930592016E-004   3.5221900638019782E-003   5.5429539578301414E-003   3.5221900638019734E-003   9.0030650930592092E-004   9.5282331228537328E-005
   9.3815209425548649E-005   8.8644392542341476E-004   3.4679566947161235E-003   5.4576056198996107E-003   3.4679566947161252E-003   8.8644392542341075E-004   9.3815209425547795E-005
   9.2212634616205388E-005   8.7130146916842655E-004   3.4087161933850875E-003   5.3643774393163646E-003   3.4087161933850922E-003   8.7130146916842492E-004   9.2212634616204887E-005
   9.0475749863854241E-005   8.5488994115170036E-004   3.3445108140894506E-003   5.2633359126428711E-003   3.3445108140894458E-003   8.5488994115169722E-004   9.0475749863853198E-005
   8.8614842738596859E-005   8.3730654686987600E-004   3.2757208453541363E-003   5.1550795089413551E-003   3.2757208453541311E-003   8.3730654686987394E-004   8.8614842738595856E-005
   8.6646487658933021E-005   8.1870789517866048E-004   3.2029589742471189E-003   5.0405724283676236E-003   3.2029589742471297E-003   8.1870789517865593E-004   8.6646487658932411E-005
   8.4580972194965367E-005   7.9919119157469110E-004   3.1266054892933734E-003   4.9204131399839405E-003   3.1266054892933695E-003   7.9919119157468850E-004   8.4580972194964405E-005
   8.2408580308263100E-005   7.7866463086670131E-004   3.0463012291081829E-003   4.7940364230092758E-003   3.0463012291081946E-003   7.7866463086670120E-004   8.2408580308262247E-005
   8.0117309833706562E-005   7.5701480664193800E-004   2.9616025237458260E-003   4.6607440635377338E-003   2.9616025237458286E-003   7.5701480664193519E-004   8.0117309833706006E-005
   7.7705446176278746E-005   7.3422551798429134E-004   2.8724459917854298E-003   4.5204363167255721E-003   2.8724459917854267E-003   7.3422551798428971E-004   7.7705446176277459E-005
   7.5174703930996713E-005   7.1031296580986497E-004   2.7788950146478506E-003   4.3732129274164956E-003   2.7788950146478545E-003   7.1031296580986714E-004   7.5174703930995697E-005
   7.2520510844481195E-005   6.8523394767571908E-004   2.6807805752108696E-003   4.2188079093606326E-003   2.6807805752108731E-003   6.8523394767571399E-004   7.2520510844480192E-005
   6.9733722409974199E-005   6.5890205869593445E-004   2.5777646392301031E-003   4.0566892900582617E-003   2.5777646392300901E-003   6.5890205869593185E-004   6.9733722409973629E-005
   6.6805194120718464E-005   6.3123089398461050E-004   2.4695091724611373E-003   3.8863250970095457E-003   2.4695091724611330E-003   6.3123089398460920E-004   6.6805194120717691E-005
   6.3729210659988964E-005   6.0216645048805756E-004   2.3558029035012354E-003   3.7073828474021831E-003   2.3558029035012241E-003   6.0216645048805789E-004   6.3729210659988300E-005
   6.0502914369424961E-005   5.7168172667942637E-004   2.2365401966490043E-003   3.5196962998299934E-003   2.2365401966490056E-003   5.7168172667942496E-004   6.0502914369424690E-005
   5.7128591375715547E-005   5.3979832378019848E-004   2.1118055604655538E-003   3.3233984474178939E-003   2.1118055604655529E-003   5.3979832378019804E-004   5.7128591375715005E-005
   5.3613100058928973E-005   5.0658104545479898E-004   1.9818525206341943E-003   3.1188882695407398E-003   1.9818525206341904E-003   5.0658104545479681E-004   5.3613100058928370E-005
   4.9971300242547546E-005   4.7217029964282433E-004   1.8472303828020627E-003   2.9070302215106103E-003   1.8472303828020579E-003   4.7217029964282433E-004   4.9971300242546801E-005
   4.6226624725137955E-005   4.3678749886441013E-004   1.7088053597204341E-003   2.6891874828581762E-003   1.7088053597204328E-003   4.3678749886441089E-004   4.6226624725137670E-005
   4.2409936217009266E-005   4.0072425960949014E-004   1.5677183169641559E-003   2.4671554607701095E-003   1.5677183169641553E-003   4.0072425960948959E-004   4.2409936217008947E-005
   3.8556669681848341E-005   3.6431540081094594E-004   1.4252791372302903E-003   2.2429955486829869E-003   1.4252791372302833E-003   3.6431540081094594E-004   3.8556669681848063E-005
   3.4703974678359896E-005   3.2791194231777086E-004   1.2828610846366848E-003   2.0188688848771208E-003   1.2828610846366824E-003   3.2791194231777032E-004   3.4703974678359726E-005
   3.0893001486954952E-005   2.9190270611654135E-004   1.1419853132831595E-003   1.7971693456014062E-003   1.1419853132831547E-003   2.9190270611654037E-004   3.0893001486954579E-005
   2.7166614983061522E-005   2.5669271510993870E-004   1.0042363586903324E-003   1.5803905519484881E-003   1.0042363586903311E-003   2.5669271510993908E-004   2.7166614983061373E-005
   2.3570537700470029E-005   2.2271399372749472E-004   8.7130439208019420E-004   1.3711923664171733E-003   8.7130439208019442E-004   2.2271399372749366E-004   2.3570537700469832E-005
   2.0151635236315166E-005   1.9040936700947484E-004   7.4492183895530026E-004   1.1723011480687467E-003   7.4492183895530015E-004   1.9040936700947394E-004   2.0151635236314902E-005
   1.6953343997697544E-005   1.6018925816393053E-004   6.2669436197654782E-004   9.8624376627707146E-004   6.2669436197654738E-004   1.6018925816393053E-004   1.6953343997697351E-005
   1.4015099670011064E-005   1.3242628826133288E-004   5.1807973382290648E-004   8.1531435244737015E-004   5.1807973382290854E-004   1.3242628826133220E-004   1.4015099670010957E-005
   1.1367764963564142E-005   1.0741207379161168E-004   4.2021882006922930E-004   6.6130831376634037E-004   4.2021882006922881E-004   1.0741207379161164E-004   1.1367764963564006E-005
   9.0330580819070324E-006   8.5351826358794669E-005   3.3391445204596071E-004   5.2548908492091424E-004   3.3391445204596028E-004   8.5351826358794736E-005   9.0330580819069900E-006
   7.0206950634702040E-006   6.6337351154155814E-005   2.5952579113777864E-004   4.0842188669209297E-004   2.5952579113777842E-004   6.6337351154155828E-005   7.0206950634701210E-006
   5.3329620349430413E-006   5.0390249399171966E-005   1.9713734590578026E-004   3.1023971220481153E-004   1.9713734590578070E-004   5.0390249399171938E-005   5.3329620349429973E-006
   3.9572852995333533E-006   3.7391714375722553E-005   1.4628431926391890E-004   2.3021109927190216E-004   1.4628431926391868E-004   3.7391714375722343E-005   3.9572852995333084E-006
   2.8668028686394040E-006   2.7087931731459290E-005   1.0597373561926867E-004   1.6677337867531211E-004   1.0597373561926858E-004   2.7087931731459279E-005   2.8668028686393765E-006
   2.0289374369357834E-006   1.9171084060342966E-005   7.5001347976157013E-005   1.1803139838464062E-004   7.5001347976156945E-005   1.9171084060342983E-005   2.0289374369357656E-006
   1.4025387240113824E-006   1.3252349375797676E-005   5.1846002234785678E-005   8.1591282150960296E-005   5.1846002234785705E-005   1.3252349375797620E-005   1.4025387240113725E-006
