  0.97561048928048111       0.96340906016454508       0.93464353164570291       0.88303887625398869       0.85910503302395314       0.99800452385885774        1.0000000000000000     
  0.97841298459306747       0.96658948894637842       0.93820447330896217       0.88581028467252287       0.86037646653864197       0.99801735082801313       0.99999999999999833     
  0.98085677164415697       0.96944799882453270       0.94153122325283978       0.88809502097602844       0.86186858535849575       0.99801083628481491       0.99999999999999878     
  0.98297493372353084       0.97200084317203106       0.94458674452641866       0.89033200516117106       0.87606670680375454       0.99800133685489179       0.99999999999999978     
  0.98481879203313760       0.97426868705978664       0.94733705947741786       0.89205596882477411       0.87572089783140805       0.99798930987550460       0.99999999999999800     
  0.98602398548458603       0.97628140668885510       0.94970458042451256       0.89305302455349467       0.87515232908141882       0.99789089064968695       0.99999999999999944     
  0.98739369304748348       0.97797106042108894       0.95143593324445053       0.89333717350014663       0.87435102945562237       0.99789872614291097        1.0000000000000000     
  0.98832476821372994       0.97903550924198934       0.94692842498050633       0.89290275266914099       0.87326590287164463       0.99788390484729528       0.99999999999999911     
  0.98896574810746163       0.97869005115224139       0.94734996055959975       0.89178565760976514       0.87187161721693829       0.99784974904223367        1.0000000000000004     
  0.98915701101663189       0.97607695635267755       0.94757786457255444       0.88977006511765255       0.87157606861334969       0.99783004042870771       0.99999999999999889     
  0.98892630065226816       0.97563629681266573       0.94623662077279080       0.88732905818505869       0.86923367079095859       0.99776396987848748        1.0000000000000009     
  0.98715940747104336       0.97440748985972148       0.94541191806941838       0.88386445557450743       0.86623453576897336       0.99779812319330530        1.0000000000000002     
  0.98446164143606274       0.97274280432329208       0.93954125731201943       0.87954143574024191       0.86694556574880044       0.99785064118031952        1.0000000000000004     
  0.98166758618909811       0.97008637273214549       0.93675746467119025       0.87393950479341609       0.86258771814602930       0.99784487538420941       0.99999999999999956     
  0.97947297816691803       0.96764356585491496       0.93117293317984473       0.86726332214389956       0.85783241008753486       0.99785338656767464        1.0000000000000011     
  0.97716579347785137       0.96584876742517822       0.92769047921600356       0.85953943288358681       0.85197710144753835       0.99794159041895469       0.99999999999999856     
  0.97523966304274068       0.96234359227813815       0.92349200155522138       0.84776531399751465       0.85049891175994397       0.99800654413515277       0.99999999999999600     
  0.97152849984671097       0.95843218841249234       0.91809729150693464       0.84276321619976158       0.84344669060832755       0.99799031740364974       0.99999999999999967     
  0.96891057886000065       0.95544835471832201       0.91237395181253411       0.82573738327223434       0.83964663528520000       0.99795459624161020       0.99999999999999789     
  0.96573629749313561       0.95026525422111408       0.90557088996636215       0.81631458950813141       0.83162371542065472       0.99806358095012382        1.0000000000000020     
  0.96147935923911365       0.93790949080552410       0.88937923365309368       0.80698410274727228       0.82483826447359698       0.99801269038879825       0.99999999999999956     
  0.95840075946652625       0.93237488378198430       0.88167838734339365       0.79783027962166542       0.81540237850880559       0.99805392444410113        1.0000000000000016     
  0.95334917884451220       0.92679183194529047       0.87357801985810790       0.78892293888643428       0.82284435199576567       0.99818277314808512       0.99999999999999967     
  0.94127082203433321       0.91978046654609413       0.86610977342687923       0.77998182162045215       0.81362802386727517       0.99813455169623699       0.99999999999999833     
  0.93585119930012284       0.91382305921366758       0.85882871157015950       0.77178126597657970       0.80441840289442845       0.99818016396015485       0.99999999999999778     
  0.93009073743212289       0.89962960419205396       0.85241956902755045       0.76400761793857408       0.79521077228703319       0.99818601110429428       0.99999999999999878     
  0.92515659687442142       0.89369810546585604       0.84569141493859079       0.75629592418773040       0.78002811288795704       0.99819789396725778       0.99999999999999967     
  0.91207082705753106       0.88747616346417435       0.83980381003528370       0.74942927954365457       0.77099615273265332       0.99820428663431648       0.99999999999999833     
  0.90729178764455642       0.88219754066398881       0.83418408045246262       0.74365797049580773       0.76237998414840535       0.99818591606802731       0.99999999999999845     
  0.90290953790910489       0.87731910602191843       0.82771015933465086       0.73809877493754295       0.74495948357141406       0.99828342151299054        1.0000000000000004     
  0.89347225031262101       0.86529532205034743       0.81128138645485548       0.73352120877724580       0.73786303471328063       0.99839927523818406       0.99999999999999978     
  0.89016164682414745       0.85095693544894391       0.79627540084272153       0.72938524519406711       0.73086906572874510       0.99862737674452084        1.0000000000000000     
  0.87681468683810881       0.84746088191379232       0.79279439837947563       0.72573713257488870       0.72145577085687462       0.99866618635175786        1.0000000000000000     
  0.85184531077302039       0.84555167560900646       0.79068107554157929       0.72303155764625260       0.71590306770233181       0.99869214867709089        1.0000000000000000     
  0.85085694114083366       0.82249050663471868       0.78878211223483086       0.72084357931456933       0.70911674332143282       0.99869378438539358       0.99999999999999900     
  0.85040208110525783       0.82246325347586369       0.78858649095475231       0.71229806898239190       0.68615497104527678       0.99876778659714904       0.99999999999999867     
  0.84871124947203225       0.82213346909710061       0.77087194207143894       0.71250928775731159       0.68429503186306084       0.99879994058907196        1.0000000000000009     
  0.83923176774790231       0.81646355920802338       0.77273299947029439       0.70786314328738076       0.64892127795675725       0.99881715964382956       0.99999999999999845     
  0.83133693492400940       0.81333431267022060       0.76316533441541301       0.69175482671233068       0.63150298292621732       0.99882902645787730        1.0000000000000011     
  0.81423681969300732       0.80451980457857541       0.76663679019144138       0.69503009677157479       0.61983817270297137       0.99892286852979251       0.99999999999999911     
  0.81638191415857519       0.79042824561363367       0.76745800496666139       0.69609016685852831       0.62175036561664698       0.99904363731788193       0.99999999999999922     
  0.80957955995198894       0.78906283273323874       0.77264118269063087       0.66951762926374048       0.58360208196375063       0.99905823201909139       0.99999999999999811     
  0.80841538987449879       0.78736099226408596       0.75560243252750026       0.67150458018013170       0.56385566236590245       0.99907490338306459        1.0000000000000002     
  0.80085601465892031       0.78772741713112793       0.76097543637501897       0.65486963002538356       0.53676849748362065       0.99907354971564599       0.99999999999999989     
  0.79904709760841142       0.77005023898455416       0.76954129571373642       0.64952990051406367       0.45333207794159813       0.99911485686258417       0.99999999999999789     
  0.82310778379851779       0.79176870157746060       0.78817973475894465       0.66487959749930980       0.46298090376313650       0.99913526858974200        1.0000000000000016     
  0.84675484548983282       0.81415593565028199       0.80709906784068886       0.68080506839431165       0.55117465826831935       0.99915835538526132       0.99999999999999833     
  0.86862606258434849       0.83607534805281603       0.82580980500434353       0.69731003983063888       0.57315916561681124       0.99932838460360651       0.99999999999999900     
  0.88847608999200200       0.85690016519850265       0.84399937067412900       0.71437344332122044       0.58362809829808393       0.99935717040618888       0.99999999999999767     
  0.90626412732344852       0.87631823604119174       0.86145314289826402       0.73193864785853879       0.59512518457458830       0.99938677989487046        1.0000000000000000     
  0.92199261129361021       0.89417685871076880       0.87802519131449230       0.74993485939348126       0.60768844902074759       0.99941899304439552        1.0000000000000011     
  0.93571162872218105       0.91039417462269279       0.89360615310952007       0.76827413897141039       0.62135561844856380       0.99945374656637032        1.0000000000000011     
  0.94753377813874118       0.92493330459806544       0.90810778823736182       0.78684636148441800       0.63615289129675312       0.99949090635770288        1.0000000000000016     
  0.95762650660407012       0.93780704276802163       0.92146530485975175       0.80552516416823150       0.65209688960980716       0.99953024896869658       0.99999999999999967     
  0.96617857545232777       0.94906932640272801       0.93363198312927875       0.82415619023094266       0.66917802462982512       0.99968000837333881       0.99999999999999933     
  0.97337943165989871       0.95881683094450398       0.94459127771812323       0.84257611883588024       0.68737207330191086       0.99971543617069147       0.99999999999999867     
  0.97939766986297239       0.96716877678312019       0.95435065341228942       0.86060883434112978       0.70662966776201874       0.99975063350281490        1.0000000000000020     
  0.98437542287329904       0.97425126625367464       0.96292058291497284       0.87806717037908422       0.72686679330619630       0.99978503248759709        1.0000000000000013     
  0.98843325601117160       0.98018787925913531       0.97001895047546449       0.89476279491741828       0.74796432267826907       0.99981806888627422       0.99999999999999833     
  0.99167645295982676       0.98509221361546906       0.97546583018457700       0.91050342339833246       0.76974845127810521       0.99984922633308893       0.99999999999999889     
  0.99420419522798831       0.98907129589578968       0.98090362635499329       0.92511328427948769       0.79216950499432592       0.99988502973687687       0.99999999999999822     
  0.99611441040611692       0.99222758711255943       0.98386171032894132       0.93844133757513881       0.81838930293306966       0.99993588602650219       0.99999999999999922     
  0.99750567401094725       0.99466224197515241       0.98801736913545413       0.95037014032861089       0.84691220774789311       0.99995225787203001       0.99999999999999933     
  0.99847593308685212       0.99647810884813115       0.99022583913049311       0.96082627095536421       0.86748742764800912       0.99996603481205903        1.0000000000000007     
  0.99911947189648509       0.99777901998702934       0.99309560150801934       0.96978177289883460       0.88728650924778674       0.99997715499583872       0.99999999999999922     
  0.99952132695010354       0.99866827320431617       0.99485463278860975       0.97725948234292748       0.90596019387538718       0.99998566869846617        1.0000000000000004     
  0.99975717723159285       0.99924287529925260       0.99665865757170158       0.98333032077846050       0.93591111570927765       0.99999176967471970       0.99999999999999800     
  0.99988447007594805       0.99959263927820408       0.99780969384603757       0.98810723521174382       0.95859280577462636       0.99999582906813689        1.0000000000000007     
  0.99994882756675052       0.99978980164756670       0.99865298108540912       0.99173821291677222       0.96791443295709245       0.99999812607682748       0.99999999999999956     
  0.99997827314384613       0.99989469288193988       0.99920092659818582       0.99439570857921999       0.97564099313693375       0.99999926606330980       0.99999999999999800     
  0.99999080379802974       0.99994654544822470       0.99953024052013106       0.99626454133827458       0.98185799101101989       0.99999989843149395        1.0000000000000033     
  0.99999583456804686       0.99997143342746131       0.99972097296402629       0.99752831480212578       0.98672034558198307       0.99999997532219254        1.0000000000000031     
  0.99999788869281181       0.99998361047632456       0.99982848878000352       0.99835596030004115       0.99043407060833522       0.99999998680821167        1.0000000000000016     
  0.99999883933521527       0.99999014197083469       0.99989084806987483       0.99889647699361050       0.99322721253944213       0.99999999827487873       0.99999999999999989     
  0.99999935739167511       0.99999409014199170       0.99992993570783206       0.99925752583265814       0.99532307023697686       0.99999999989633526        1.0000000000000004     
  0.99999966508044125       0.99999664415909462       0.99995611565751596       0.99951316010499125       0.99691169936018864       0.99999999999709044       0.99999999999999944     
  0.99999984671141096       0.99999830518719413       0.99997513834566754       0.99970623585954421       0.99815711309855248       0.99999999999997224       0.99999999999999878     
  0.99999994316132890       0.99999929496722184       0.99998811212185301       0.99984831156837195       0.99906575424423805        1.0000000000000007        1.0000000000000018     
  0.99999998510152910       0.99999978778974807       0.99999573440604583       0.99994090673610669       0.99969184386746379        1.0000000000000013       0.99999999999999989     
  0.99999999816073293       0.99999996785772627       0.99999916113496823       0.99996702500209267       0.99983751162350276        1.0000000000000016       0.99999999999999600     
  0.99999999998371991       0.99999999955354568       0.99999997882298686       0.99999826043593076       0.99979008958546312        1.0000000000000009       0.99999999999999956     
