  0.58267200110199768       0.58798878859220460       0.59379662095393959       0.60030760615039813       0.61490995915652558       0.65692861815864201       0.73948702347345530     
  0.57830008715910219       0.58379153429980368       0.59018458910611837       0.59816685515898971       0.61589465352959527       0.66317147063615323       0.75209064240615242     
  0.57435479019954128       0.57978941021687602       0.58659218613754360       0.59591520016088795       0.61664726073234699       0.66906593894821542       0.76416014712084801     
  0.57082856088749234       0.57611389800499935       0.58319037986015743       0.59372668560380204       0.61733220033429681       0.67476918649869244       0.77584898924212642     
  0.56770294393075504       0.57278551036102510       0.58004023338428146       0.59167144013484896       0.61802412267036311       0.68035561382725729       0.78722086724354245     
  0.56494618176265110       0.56980059489090262       0.57715875079691326       0.58978920507700694       0.61876446999457024       0.68585442756023574       0.79823457657056696     
  0.56252349998929774       0.56714427555938762       0.57454680173256212       0.58807650186564375       0.61954297322459040       0.69127960794588905       0.80896824986139659     
  0.56040894886196713       0.56479671533076847       0.57219793474495462       0.58653461563526665       0.62037147633837531       0.69663902481393281       0.81940995871359956     
  0.55857753464826976       0.56273239756138993       0.57010333610606700       0.58517147563012251       0.62126931013626685       0.70194170034242820       0.82957657733758938     
  0.55700303626652103       0.56092955238223963       0.56824531264900102       0.58398650179563372       0.62223437832018047       0.70721599379081035       0.83949102205807091     
  0.55565537850266122       0.55936731088967218       0.56661340671088500       0.58297551726465080       0.62327849146130332       0.71248234957022027       0.84916051152479843     
  0.55452333342394544       0.55801889973303287       0.56521147731271226       0.58218075167101946       0.62440578128040480       0.71775850378931616       0.85858511613763111     
  0.55356578007672008       0.55686496428757237       0.56399194777862927       0.58150940430885034       0.62563624898537162       0.72306442056120757       0.86775769539189551     
  0.55276534655939003       0.55589132255942419       0.56295856304623282       0.58100482222589600       0.62698421444829278       0.72840622434677715       0.87666419184591116     
  0.55210993180153856       0.55509477764151449       0.56210292184710742       0.58066438914161489       0.62838896757327656       0.73379970174777842       0.88529328754931569     
  0.55158464857246547       0.55445193145291527       0.56141519908604975       0.58048773538537801       0.62991180211989184       0.73925645663836093       0.89362447067812489     
  0.55117600434255809       0.55393587269218647       0.56089515305952398       0.58047146903868385       0.63156624969582820       0.74478226231200328       0.90164152971221390     
  0.55087470466430621       0.55355219790402588       0.56053593793442258       0.58061617019959155       0.63334792032250886       0.75038104271560990       0.90932952555334667     
  0.55067330113083246       0.55330471291510097       0.56033065380717073       0.58091353912913379       0.63525430575434982       0.75605464397021105       0.91667562566118399     
  0.55056490407756276       0.55316476143275295       0.56027791139716188       0.58136580056769727       0.63730382265830443       0.76180266754102521       0.92366785769509085     
  0.55054682173643721       0.55314043323879780       0.56037442486548061       0.58197054187079100       0.63950228335843118       0.76762506589969770       0.93029834684659685     
  0.55062831228147913       0.55323266584674835       0.56061407610769320       0.58272136876202041       0.64185363982204258       0.77351958059039905       0.93656159910635006     
  0.55081287063503082       0.55344054515455976       0.56100555037088529       0.58362861176278735       0.64436138024629097       0.77948303477085390       0.94245502938246140     
  0.55107884179017652       0.55376508065710450       0.56154940730282998       0.58469523863235773       0.64702955668893203       0.78551212006426419       0.94797957778077557     
  0.55142299843862974       0.55420971327983248       0.56224521946892636       0.58592537657491284       0.64986331460068969       0.79160384546835616       0.95313789240674252     
  0.55185466903957314       0.55477694154709667       0.56309190399819276       0.58732310099189367       0.65286579649029375       0.79775319719535587       0.95793510554271333     
  0.55238736276937150       0.55547036827962104       0.56408916223385086       0.58889078568185615       0.65603800527093914       0.80395129858078840       0.96237797440837536     
  0.55303172382492627       0.55629615440265656       0.56524007769627149       0.59063388747342760       0.65938096247505285       0.81019113276657695       0.96647564450765311     
  0.55379053198767725       0.55725701215700485       0.56654788041143178       0.59256208394049870       0.66289621047435576       0.81646969533160918       0.97023971231271078     
  0.55467844191132321       0.55835606123225368       0.56802271144705119       0.59467233504193995       0.66658682657979862       0.82277801317379895       0.97368289046834477     
  0.55567594638321383       0.55959613039308254       0.56965851648350274       0.59694684634359174       0.67045027899756471       0.82910520327978643       0.97681863833852378     
  0.55680635188825223       0.56098132058307970       0.57145147370818739       0.59938293618116267       0.67448599879089033       0.83544211180970007       0.97966204859781181     
  0.55811193666653902       0.56251612228704673       0.57339228236808060       0.60198051912487305       0.67869264588859868       0.84177710307709874       0.98222867999022412     
  0.55954636474387509       0.56419453264995512       0.57550111635668266       0.60474424798626547       0.68305885835350200       0.84809484076627395       0.98453374545856931     
  0.56109826451606493       0.56601252172723893       0.57775923295534337       0.60766663839186519       0.68760380541543376       0.85439047735933948       0.98659578406604942     
  0.56277735871401247       0.56797311689890029       0.58015821141763335       0.61077796587866595       0.69229941704317755       0.86065035068940343       0.98843181326173013     
  0.56458853658828712       0.57003334002372530       0.58268626281974278       0.61403750635901833       0.69712339374308685       0.86686197282816568       0.99005875483979100     
  0.56649951247831287       0.57224138510845868       0.58532909862033811       0.61742754342095407       0.70207631947997540       0.87301318821019869       0.99149341865269625     
  0.56849444624266743       0.57452795159707071       0.58805490243026615       0.62092701809011641       0.70713516353170969       0.87909023184909529       0.99275243445494765     
  0.57054130308395523       0.57685070998134924       0.59083485532517155       0.62450337157801494       0.71228559068376707       0.88507895556682148       0.99385200211404812     
  0.57258731791313899       0.57919062698136847       0.59366175508823771       0.62820285461049252       0.71751994572999644       0.89096274983973889       0.99480735108355989     
  0.57454721378893647       0.58146307818775200       0.59646577814444535       0.63195848362177354       0.72284168475747856       0.89671842401060398       0.99563290399677029     
  0.57629527798822244       0.58357290515440041       0.59916751708134641       0.63572530609759192       0.72815765260499443       0.90231838271316722       0.99634222687502094     
  0.57765009353674446       0.58541095464821902       0.60179612550532147       0.63943258513321799       0.73349947810276839       0.90772334260432819       0.99694765666392493     
   1.0000000000000000        1.0000000000000000        1.0000000000000000        1.0000000000000000        1.0000000000000000        1.0000000000000000        1.0000000000000000     
   1.0000000000000000        1.0000000000000000        1.0000000000000000        1.0000000000000000        1.0000000000000000        1.0000000000000000        1.0000000000000000     
   1.0000000000000000        1.0000000000000000        1.0000000000000000        1.0000000000000000        1.0000000000000000        1.0000000000000000        1.0000000000000000     
   1.0000000000000000        1.0000000000000000        1.0000000000000000        1.0000000000000000        1.0000000000000000        1.0000000000000000        1.0000000000000000     
   1.0000000000000000        1.0000000000000000        1.0000000000000000        1.0000000000000000        1.0000000000000000        1.0000000000000000        1.0000000000000000     
   1.0000000000000000        1.0000000000000000        1.0000000000000000        1.0000000000000000        1.0000000000000000        1.0000000000000000        1.0000000000000000     
   1.0000000000000000        1.0000000000000000        1.0000000000000000        1.0000000000000000        1.0000000000000000        1.0000000000000000        1.0000000000000000     
   1.0000000000000000        1.0000000000000000        1.0000000000000000        1.0000000000000000        1.0000000000000000        1.0000000000000000        1.0000000000000000     
   1.0000000000000000        1.0000000000000000        1.0000000000000000        1.0000000000000000        1.0000000000000000        1.0000000000000000        1.0000000000000000     
   1.0000000000000000        1.0000000000000000        1.0000000000000000        1.0000000000000000        1.0000000000000000        1.0000000000000000        1.0000000000000000     
   1.0000000000000000        1.0000000000000000        1.0000000000000000        1.0000000000000000        1.0000000000000000        1.0000000000000000        1.0000000000000000     
   1.0000000000000000        1.0000000000000000        1.0000000000000000        1.0000000000000000        1.0000000000000000        1.0000000000000000        1.0000000000000000     
   1.0000000000000000        1.0000000000000000        1.0000000000000000        1.0000000000000000        1.0000000000000000        1.0000000000000000        1.0000000000000000     
   1.0000000000000000        1.0000000000000000        1.0000000000000000        1.0000000000000000        1.0000000000000000        1.0000000000000000        1.0000000000000000     
   1.0000000000000000        1.0000000000000000        1.0000000000000000        1.0000000000000000        1.0000000000000000        1.0000000000000000        1.0000000000000000     
   1.0000000000000000        1.0000000000000000        1.0000000000000000        1.0000000000000000        1.0000000000000000        1.0000000000000000        1.0000000000000000     
   1.0000000000000000        1.0000000000000000        1.0000000000000000        1.0000000000000000        1.0000000000000000        1.0000000000000000        1.0000000000000000     
   1.0000000000000000        1.0000000000000000        1.0000000000000000        1.0000000000000000        1.0000000000000000        1.0000000000000000        1.0000000000000000     
   1.0000000000000000        1.0000000000000000        1.0000000000000000        1.0000000000000000        1.0000000000000000        1.0000000000000000        1.0000000000000000     
   1.0000000000000000        1.0000000000000000        1.0000000000000000        1.0000000000000000        1.0000000000000000        1.0000000000000000        1.0000000000000000     
   1.0000000000000000        1.0000000000000000        1.0000000000000000        1.0000000000000000        1.0000000000000000        1.0000000000000000        1.0000000000000000     
   1.0000000000000000        1.0000000000000000        1.0000000000000000        1.0000000000000000        1.0000000000000000        1.0000000000000000        1.0000000000000000     
   1.0000000000000000        1.0000000000000000        1.0000000000000000        1.0000000000000000        1.0000000000000000        1.0000000000000000        1.0000000000000000     
   1.0000000000000000        1.0000000000000000        1.0000000000000000        1.0000000000000000        1.0000000000000000        1.0000000000000000        1.0000000000000000     
   1.0000000000000000        1.0000000000000000        1.0000000000000000        1.0000000000000000        1.0000000000000000        1.0000000000000000        1.0000000000000000     
   1.0000000000000000        1.0000000000000000        1.0000000000000000        1.0000000000000000        1.0000000000000000        1.0000000000000000        1.0000000000000000     
   1.0000000000000000        1.0000000000000000        1.0000000000000000        1.0000000000000000        1.0000000000000000        1.0000000000000000        1.0000000000000000     
   1.0000000000000000        1.0000000000000000        1.0000000000000000        1.0000000000000000        1.0000000000000000        1.0000000000000000        1.0000000000000000     
   1.0000000000000000        1.0000000000000000        1.0000000000000000        1.0000000000000000        1.0000000000000000        1.0000000000000000        1.0000000000000000     
   1.0000000000000000        1.0000000000000000        1.0000000000000000        1.0000000000000000        1.0000000000000000        1.0000000000000000        1.0000000000000000     
   1.0000000000000000        1.0000000000000000        1.0000000000000000        1.0000000000000000        1.0000000000000000        1.0000000000000000        1.0000000000000000     
   1.0000000000000000        1.0000000000000000        1.0000000000000000        1.0000000000000000        1.0000000000000000        1.0000000000000000        1.0000000000000000     
   1.0000000000000000        1.0000000000000000        1.0000000000000000        1.0000000000000000        1.0000000000000000        1.0000000000000000        1.0000000000000000     
   1.0000000000000000        1.0000000000000000        1.0000000000000000        1.0000000000000000        1.0000000000000000        1.0000000000000000        1.0000000000000000     
   1.0000000000000000        1.0000000000000000        1.0000000000000000        1.0000000000000000        1.0000000000000000        1.0000000000000000        1.0000000000000000     
   1.0000000000000000        1.0000000000000000        1.0000000000000000        1.0000000000000000        1.0000000000000000        1.0000000000000000        1.0000000000000000     
   1.0000000000000000        1.0000000000000000        1.0000000000000000        1.0000000000000000        1.0000000000000000        1.0000000000000000        1.0000000000000000     
