   3.3985140396781377        3.2016098719608470        2.8838617013546681        2.5088215447356457        3.2330968723411386        8.7969197586858172        20.829722948538244     
   3.4122848660626834        3.2166258237533256        2.8950096616190413        2.5039781907087231        3.2074110613106805        8.7844475417769274        20.868473924230219     
   3.4193992689008228        3.2248678112950744        2.8995720667023401        2.4922327179237502        3.1746674323426274        8.7610358990532262        20.876530577879301     
   3.4197473491282597        3.2261390467497262        2.8972925869191775        2.4737733852904409        3.1378703705184878        8.7379797488764588        20.873781804585871     
   3.4134329589308097        3.2207986458869393        2.8885620198616824        2.4490750701817703        3.1028601078055180        8.7134102939257083        20.854402408520457     
   3.4008894591423289        3.2093744934084727        2.8738547740570981        2.4188182474014335        3.0678294090984042        8.6847603837327583        20.818258887026069     
   3.3827416803425869        3.1923029573263979        2.8535159933439327        2.3837506747647033        3.0314901498660518        8.6517754008589129        20.766255712903043     
   3.3594161093762915        3.1699096086871075        2.8278001177223326        2.3447561768894509        2.9933691971352081        8.6147409536408084        20.698917005406351     
   3.3311943798534807        3.1424734337360523        2.7969167365721090        2.3025767533070955        2.9533508675518814        8.5736723402744808        20.617614078515892     
   3.2983206323281768        3.1102161391960363        2.7610100786322582        2.2578024902754956        2.9114539100200276        8.5287867751211799        20.522359691709521     
   3.2609971748597677        3.0733643048941302        2.7202191652575696        2.2108527414970855        2.8677374287717856        8.4792300421723539        20.414813925351151     
   3.2194055082237401        3.0321421041527987        2.6746348922443812        2.1619715297975928        2.8222855445359842        8.4267260374577670        20.296388298614609     
   3.1736704094809647        2.9866919067755386        2.6242799531343683        2.1113447120192292        2.7751908310298363        8.3688565790942118        20.166004899907993     
   3.1239081627330338        2.9372244805912318        2.5695728971475704        2.0590493227676494        2.7265377949724483        8.3089620311656756        20.024802719765571     
   3.0703046259268163        2.8838527057294905        2.5106453304829341        2.0051304945319477        2.6763850415669292        8.2448578335099008        19.872568906010351     
   3.0129574430397414        2.8266393617462500        2.4479109851756533        1.9496426826472772        2.6248073931662854        8.1783027413404241        19.710292135199118     
   2.9520549869012327        2.7656043946879647        2.3821268183206357        1.8926542185222033        2.5718824434521812        8.1080400237948798        19.537644430322960     
   2.8876789531540794        2.7007425795897988        2.3136527888466678        1.8342493202520302        2.5176974966605581        8.0338631003860144        19.356705914770501     
   2.8199104051669419        2.6319900605935835        2.2427292118435074        1.7745125092895659        2.4623299430242720        7.9569751497630374        19.166293342788883     
   2.7487775940923842        2.5594492619383673        2.1699056616550569        1.7135538776082135        2.4058277986880015        7.8758486761704916        18.966992741106328     
   2.6742833195369187        2.4829781593222604        2.0954310464322972        1.6514710327071567        2.3482112763658738        7.7915752153966409        18.759347408747921     
   2.5964113547746983        2.4028338762854071        2.0194556178955976        1.5883530275595443        2.2894869774467890        7.7033916919829748        18.542874454991960     
   2.5151040795546766        2.3195296667650989        1.9420960461497183        1.5242675722115289        2.2296516944091529        7.6119075706243695        18.318458332245726     
   2.4302130030070357        2.2333402094157471        1.8634359607371840        1.4592852960654448        2.1686906159756547        7.5166191796286279        18.085587574210649     
   2.3417860849434855        2.1440935850089389        1.7835514925420521        1.3934634032050792        2.1065749772661562        7.4177571565668297        17.844411809694240     
   2.2499250379522762        2.0524170725619744        1.7024828246421464        1.3268220345054065        2.0432568392403287        7.3152639206556564        17.594400794115419     
   2.1546335453764738        1.9587687926207711        1.6202587915969358        1.2593508801392979        1.9786691584681233        7.2087004352283479        17.331223814008794     
   2.0560242160255005        1.8633529985354071        1.5368858258179383        1.1910027269718351        1.9127185748270743        7.0990979580908640        17.046761031720482     
   1.9543454953898729        1.7662932038246570        1.4523229139782210        1.1216873012882544        1.8452759754362664        6.9857300738443424        16.779485550491962     
   1.8499067729064471        1.6675790297269391        1.3664860337617772        1.0512760169580977        1.7761925027541565        6.8692576481691852        16.504915037959112     
   1.7428463991802186        1.5670797444904683        1.2792262487715289       0.97957405384601437        1.7052459966739295        6.7490495491798805        16.225993854923935     
   1.6329327748523266        1.4646146559683288        1.1903219036823718       0.90630990501722575        1.6321979151314472        6.6259720796909436        15.941400206196674     
   1.5201073509196608        1.3599519260997843        1.0994540231253553       0.83111832937953423        1.5567169206346252        6.4995752285598227        15.655630094747039     
   1.4042798851744394        1.2527543422052922        1.0061989907130404       0.75352910391876615        1.4783980628749858        6.3703037607110877        15.366289424970006     
   1.2850232308003209        1.1425363031098206       0.90999993984699745       0.67293564045547849        1.3967449320787531        6.2383577810097073        15.074272084759311     
   1.1618369423995556        1.0286276892075825       0.81012393970560792       0.58854184581175251        1.3111266072471250        6.1033605965615916        14.780695794846615     
   1.0339180852349286       0.91018644048043540       0.70559724212193320       0.49935394368947000        1.2207649292704135        5.9661602717930489        14.486816151369629     
  0.90013217042507709       0.78598181072342910       0.59523088831862003       0.40415893867255526        1.1246515639487464        5.8260636176455431        14.192902492307359     
  0.75909880802675300       0.65423895015262490       0.47740841160856323       0.30135274086347824        1.0215219288347250        5.6836611192892539        13.900275079002531     
  0.60879698104912927       0.51301393741347345       0.34996028032914872       0.18882727809385147       0.90970661661464236        5.5385147008998636        13.610978200908072     
  0.44620545362566344       0.35957378315915806       0.20974014157650081       6.36345757251212535E-002  0.78699423158887694        5.3909167551690089        13.326255621957076     
  0.26733769443757582       0.18956964813550622       5.27351953345247121E-002 -7.85699509107343486E-002  0.65037378415228142        5.2402576202277329        13.049114904602053     
  6.67744037485857034E-002 -3.26071948454473206E-003 -0.12761326313348909      -0.24355159784723227       0.49569046029488389        5.0865754298210648        12.782306811569926     
 -0.16507942460632796      -0.22867674452127612      -0.34173381791365015      -0.44022115787876664       0.31686097778394651        4.9293193255465555        12.529766435843959     
 -0.44512288223857577      -0.50246845662909723      -0.60425697566135395      -0.68339441854663641       0.10463395700414400        4.7692307005630061        12.295758850693547     
 -0.39234186286506373      -0.44893328142981326      -0.54997192312794940      -0.63433217793516017       0.11620566267739325        4.6919027740103250        12.084822940668232     
 -0.34370290232596384      -0.39903825699171730      -0.49841573297547109      -0.58659875639462178       0.12706365907385916        4.6130051343153440        11.871903439914020     
 -0.29886013548135532      -0.35255607756783580      -0.44955868842007990      -0.54024041539963630       0.13719052358159883        4.5324876098432059        11.656917772936206     
 -0.25766452460651573      -0.30930078982963016      -0.40333319773818327      -0.49526970653409080       0.14673069531174385        4.4502916270556483        11.439546059635033     
 -0.22008689434539833      -0.26920245695578265      -0.35969328613425167      -0.45173923105561936       0.15576222790383043        4.3663471671277714        11.219740747219568     
 -0.18609767923518655      -0.23224311971069156      -0.31860648711540823      -0.40972164740798672       0.16428002475746220        4.2806254679039615        10.997490688306071     
 -0.15564626540719298      -0.19842773319323220      -0.28006757358552586      -0.36931824504178540       0.17224178692829248        4.1931165238242416        10.773084620349646     
 -0.12865836550080251      -0.16775460439476134      -0.24409043865134036      -0.33065152094345207       0.17967708227802864        4.1037854031601624        10.546638905265986     
 -0.10502107285039843      -0.14019331372263283      -0.21069524678877702      -0.29384767714591736       0.18662961848409471        4.0125480454461062        10.318351712336021     
 -8.45918625152762838E-002 -0.11570196989671190      -0.17992144398268953      -0.25904695726759497       0.19296687660106684        3.9193957399730017        10.088347339038641     
 -6.71721016380224384E-002 -9.42013824198773830E-002 -0.15179853992571671      -0.22634283957088450       0.19826628200829910        3.8241922850546581        9.8569613859887628     
 -5.25334700704166227E-002 -7.55742629127039017E-002 -0.12636790757184901      -0.19576774153203716       0.20231427648299277        3.7269925684851288        9.6245679022374375     
 -4.04219339464271660E-002 -5.96636141748642934E-002 -0.10365803912655354      -0.16731630237489670       0.20499541248539796        3.6278203157998190        9.3915256077401192     
 -3.05496879739854954E-002 -4.62981351773175676E-002 -8.36512081280432196E-002 -0.14097522627886974       0.20646549299445552        3.5266767957321479        9.1581744888075551     
 -2.26168735974511780E-002 -3.52584081268595625E-002 -6.63030287161388149E-002 -0.11671983295555247       0.20659128580011710        3.4235314061948858        8.9246987188385631     
 -1.63469571309536842E-002 -2.62902147985760483E-002 -5.15208420624184149E-002 -9.46182471768126920E-002  0.20532008518450751        3.3184174499298309        8.6915361986899118     
 -1.15031581731322649E-002 -1.91486782175894280E-002 -3.91620242402769339E-002 -7.49016749899646672E-002  0.20264071204694978        3.2112636772974530        8.4586175914297215     
 -7.83061144559047372E-003 -1.35612830748054608E-002 -2.90314480238024406E-002 -5.76646693448506220E-002  0.19851327442307026        3.1019654064560798        8.2258584584008823     
 -5.12899516706041923E-003 -9.28442385143739973E-003 -2.09395523942710465E-002 -4.28793859940581196E-002  0.19298009909855585        2.9903842379094292        7.9930639171931936     
 -3.19641580648153930E-003 -6.11008047978593878E-003 -1.46395664987549173E-002 -3.04518790855724496E-002  0.18604086351324500        2.8763921010192632        7.7599149279733171     
 -1.87282726917685797E-003 -3.82657404307872821E-003 -9.86710470174130896E-003 -2.02810253207484602E-002  0.17769292591104444        2.7598437658548556        7.5258589375444078     
 -1.00741579573297192E-003 -2.24517505680086769E-003 -6.33203251433961389E-003 -1.23538038063439864E-002  0.16802851026027937        2.6406091561955893        7.2905771605321057     
 -4.72357768778580310E-004 -1.20208374262785358E-003 -3.83571031657867732E-003 -6.47476494306155510E-003  0.15730477405305529        2.5185720355405219        7.0532444745388938     
 -1.63324582870784716E-004 -5.49802389319509525E-004 -2.14896470532008940E-003 -2.39992444604418759E-003  0.14574847703103677        2.3936160977035370        6.8128773391488773     
  1.59138136849828586E-006 -1.68566803591786929E-004 -1.06621979782455748E-003  1.64525333852842887E-004  0.13332364725086232        2.2656903499019698        6.5680279400729171     
  8.26226150765951210E-005  3.76789830631154502E-005 -4.11203754770942428E-004  1.59225508934662374E-003  0.12005439271320696        2.1347817391283770        6.3168113045001082     
  1.18729084766572648E-004  1.40833456688708753E-004 -4.46552893976613646E-005  2.11643858907293496E-003  0.10625617781791383        2.0009149613032027        6.0565953162742483     
  1.33632353690922481E-004  1.88924038765523136E-004  1.47120741413764815E-004  2.09988485626437472E-003  9.22653761513512055E-002   1.8641669513314085        5.7839704432374308     
  1.39537593578727175E-004  2.11009689701810026E-004  2.41630876102713572E-004  1.80775816530998534E-003  7.82368359558630738E-002   1.7247084073628614        5.4944682155167044     
  1.42027512131560928E-004  2.22077287223775385E-004  2.91200113444743214E-004  1.44813844536665313E-003  6.46610771711683269E-002   1.5827801298133188        5.1822053556764285     
  1.43258826393918224E-004  2.28619263894163657E-004  3.22026577017732094E-004  1.13205567713671029E-003  5.22175594411046079E-002   1.4385287015201385        4.8394787672600321     
  1.43987334314003878E-004  2.32994183754433042E-004  3.45852416914123675E-004  9.20839845756572209E-004  4.13215859309620862E-002   1.2916831807555538        4.4560375950064843     
  1.44444054994025963E-004  2.36059874375770976E-004  3.65599139503589650E-004  8.17806161332321549E-004  3.21816883567367235E-002   1.1412558436965152        4.0186436839856849     
  1.44727442487978806E-004  2.38171639831635665E-004  3.81995371886933836E-004  8.03586541385142568E-004  2.49687933204527299E-002  0.98442559597835000        3.5099869873473750     
  1.44898294219853038E-004  2.39607356899752344E-004  3.95142887705956668E-004  8.44989972423228946E-004  1.95743957156400451E-002  0.81776349544424687        2.9081209978530422     
  1.44978037668495066E-004  2.40465132946324857E-004  4.04356192126935376E-004  8.97369653649025389E-004  1.54082817347819829E-002  0.63992217506578974        2.1848893811185923     
