   3.3310842031070180     
   3.3262306884131423     
   3.3141186120835031     
   3.2962981317918816     
   3.2743246034682385     
   3.2480107637537108     
   3.2174343144568294     
   3.1829224183063518     
   3.1448088588246272     
   3.1033861556325890     
   3.0588350323905313     
   3.0114212703381065     
   2.9610966096658982     
   2.9082393860135611     
   2.8527846002174266     
   2.7949905825961068     
   2.7350076514473729     
   2.6729769361445110     
   2.6090704870525108     
   2.5433905499088039     
   2.4761014634107728     
   2.4072404751267751     
   2.3369354804050579     
   2.2652115051441304     
   2.1921066604275707     
   2.1176591115687589     
   2.0418286052148149     
   1.9646001545927112     
   1.8861141775375605     
   1.8061477012986800     
   1.7245100936383531     
   1.6410191271481120     
   1.5553657097585003     
   1.4671612779793421     
   1.3759061448708663     
   1.2809075037873672     
   1.1813675730064963     
   1.0761698170045619     
  0.96393473835634558     
  0.84278637535626300     
  0.71014708881094357     
  0.56235543474563954     
  0.39422914905780715     
  0.19771722130337421     
 -3.95953300830078694E-002
 -7.53309821330504833E-003
  2.28303926897342364E-002
  5.14931835119754183E-002
  7.85084787680317558E-002
  0.10388611900277510     
  0.12760454430173707     
  0.14961758041472104     
  0.16988163268487294     
  0.18835312590894851     
  0.20494098351044021     
  0.21950041038621720     
  0.23197205904054943     
  0.24233835716281943     
  0.25066104527467170     
  0.25694286574613306     
  0.26118999478799754     
  0.26335809875350857     
  0.26346021091110305     
  0.26156947509478995     
  0.25778532479287530     
  0.25221098446111584     
  0.24494630754010796     
  0.23617410785247991     
  0.22609348565471615     
  0.21485244701171366     
  0.20263467856886100     
  0.18962771554296098     
  0.17606382840454127     
  0.16208318443778449     
  0.14787343153629101     
  0.13360639423598139     
  0.11932498662285572     
  0.10493409146843093     
  9.01804856673541072E-002
  7.46701817645262361E-002
  5.79762164986049530E-002
