  0.60652753321594821       0.61588558951427086       0.62980984347397484       0.65850421174908280       0.75182121955219250        1.0651074373351099        2.1078910579839079     
  0.62298582776765421       0.63222419236647087       0.64637520235480783       0.67627319791408147       0.77278533696769169        1.1032049646665665        2.2258032504641148     
  0.63958628771272186       0.64845110429338115       0.66259648567372409       0.69345909044442855       0.79334479854085804        1.1408962440261761        2.3478282532533936     
  0.65623485120368796       0.66456250613539447       0.67857871418545268       0.71031293937437368       0.81284978319439605        1.1787013543240061        2.4751126796046887     
  0.67281885600276314       0.68053146267916764       0.69431373571129706       0.72677770999500202       0.83172160408472851        1.2167441973786906        2.6082478014981434     
  0.68918674969848659       0.69630328757888449       0.70980213035850537       0.74276690137677892       0.85083151340469609        1.2549846865011576        2.7463709697777952     
  0.70530833789812608       0.71184884133282944       0.72504308992173261       0.75830441237635982       0.86974093273959685        1.2934362585880461        2.8899326160199412     
  0.72114619002294378       0.72713135726554845       0.74001993116390741       0.77346323091229818       0.88845828010501215        1.3324086596888565        3.0397169291996811     
  0.73662696194210953       0.74210689977293487       0.75471874242363113       0.78827010474456460       0.90697835378577396        1.3709778712161516        3.1954408163089121     
  0.75172435336776944       0.75672671158323035       0.76908982112688717       0.80273166824447273       0.92528869482796294        1.4105143553754418        3.3578613379594597     
  0.76639736635906663       0.77095472207590487       0.78309953990461767       0.81686142846018861       0.94337507891312689        1.4497158391951492        3.5277402628442727     
  0.78060903065996612       0.78477303909610840       0.79676660665604015       0.83064310095528171       0.96121635222206381        1.4897410805295566        3.7035409778892214     
  0.79432463464707137       0.79814153579403813       0.80982711880150171       0.84409082546911962       0.97879987594612283        1.5294957812789698        3.8866851206452036     
  0.80749919799960845       0.81105048207773245       0.82252484470096254       0.85719380054560068       0.99611448704293948        1.5701262868303152        4.0769303040893625     
  0.82013559811864312       0.82348145999874878       0.83474397247541343       0.86993642558189332        1.0131557040813373        1.6119477944420177        4.2759964142996472     
  0.83217671890840017       0.83542179137103556       0.84631324975147681       0.88231424865378516        1.0298959304017490        1.6572865502283580        4.4824043775686784     
  0.84363128367742857       0.84685911355005838       0.85744026050784550       0.89431450179613636        1.0463521276687302        1.6903356857059109        4.6987805002503844     
  0.85448605863297999       0.85775435396990396       0.86812770734923916       0.90592637267791010        1.0624453245655483        1.7359728533082806        4.9225457794019603     
  0.86473828272624209       0.86799749953606042       0.87824710572506348       0.91713289272298504        1.0782248846134050        1.7718100943456250        5.1592191796916378     
  0.87437636416195330       0.87781506949976129       0.88786473274374322       0.92792147517435786        1.0936494104132286        1.8150674065829075        5.3998695886837877     
  0.88339326753116354       0.88693340206771309       0.89698436992532971       0.93828582903491131        1.1087072248719545        1.8544195917459882        5.6504135792431747     
  0.89178740619534458       0.89528006915577218       0.90558543715549655       0.94821750089666590        1.1233814483715752        1.8975755194845207        5.9133791684852453     
  0.89958176287868452       0.90301718686211552       0.91367070716342802       0.95769212316671881        1.1376575232459387        1.9373541911259518        6.1868856590776344     
  0.90668421861532944       0.91032588891923061       0.92123677322100150       0.96670467104419178        1.1515210056236063        1.9803962558654387        6.4711088715748524     
  0.91309623488328562       0.91687674425240562       0.92828312782568567       0.97525452076668639        1.1649665074514137        2.0205242605489815        6.7671005563798197     
  0.91895041785328024       0.92274242422346309       0.93480145411111959       0.98333364113794430        1.1779772411596907        2.0636009603421024        7.0750397361158743     
  0.92412266937037479       0.92800666962929435       0.94077709732005499       0.99092376022157869        1.1905487459417234        2.1040683063512531        7.3932004645304179     
  0.92856910270341786       0.93267080870889585       0.94620769910130365       0.99801626198656279        1.2026440767985891        2.1471327696940055        7.7241523795313318     
  0.93230407378663260       0.93674856881674140       0.95109714083819674        1.0045982872659398        1.2143152849182359        2.1881175102735995        8.0668565379868404     
  0.93538121454617418       0.94025587572263791       0.95544671668919923        1.0106659109732614        1.2254567813894075        2.2312399677159598        8.4234982654339898     
  0.93792836622786580       0.94318147731098612       0.95924364140373941        1.0161987948792222        1.2361271213824998        2.2719470487569740        8.7896596050651645     
  0.93984501641183227       0.94550817873262161       0.96247658630241495        1.0211787064104498        1.2463062700173018        2.3149164702041514        9.1715892743900351     
  0.94108924509495140       0.94722846409571837       0.96512802549726917        1.0255778659904433        1.2558175687910536        2.3554478505156005        9.5655991713841519     
  0.94169552777332344       0.94832638421799942       0.96717798328462357        1.0293670560024446        1.2647702893355151        2.3995192051698955        9.9695006043977603     
  0.94161374618580884       0.94878755210226340       0.96859634871545797        1.0325137371596924        1.2731429662540639        2.4373856536679521        10.388167056649662     
  0.94082378449019044       0.94857244914983596       0.96934879458628664        1.0349800383803640        1.2809588820084075        2.4808266502353762        10.817284879050801     
  0.93929333478107524       0.94766021044435667       0.96938313283598176        1.0367017891052004        1.2880817575127492        2.5179507876695486        11.256946797223613     
  0.93695634381121184       0.94599452031077580       0.96862266922466755        1.0376171685044404        1.2946111342134057        2.5601608606900199        11.708335848378937     
  0.93381821911966423       0.94347029124218462       0.96693816848361669        1.0376368627429429        1.3002258095548620        2.5962086856692554        12.169632301938973     
  0.92991311663114018       0.93990196185671981       0.96429732053387829        1.0366724784419548        1.3049657066581641        2.6374161986672497        12.638809662285489     
  0.92481451580356433       0.93523646114100190       0.96049820610664549        1.0345841612079580        1.3088569814951150        2.6719422967606139        13.116610887319853     
  0.91827996675252810       0.92922470947021607       0.95526423566022733        1.0312320605874867        1.3118030240137175        2.7137467523998913        13.604106583406773     
  0.90987858485033346       0.92140835209435079       0.94833343005099169        1.0264313958086386        1.3136531161412379        2.7485039427508249        14.099422438553056     
  0.89878010240609796       0.91116595017206348       0.93945272490237686        1.0199740965497122        1.3143932828778822        2.7945547314646069        14.600348342138998     
  0.65303219113173205       0.66551088415671555       0.69341387996747317       0.77477830516808543        1.0998153587169859        2.7189468956707805        15.097050543093701     
  0.63903293495842073       0.65275805288282729       0.68284102914802447       0.76787130754272315        1.1003015055920968        2.7583874951997585        15.587922496056281     
  0.62548047933944684       0.64029237245718773       0.67224316289610553       0.76057782060453361        1.1000809433801326        2.7965787493317826        16.080044845562885     
  0.61241481037681056       0.62816377566236359       0.66167991495749556       0.75295956610090142        1.0991410496733300        2.8332731733349243        16.574783625119718     
  0.59993652505931416       0.61639813546865907       0.65120192023287737       0.74506399848924165        1.0975057281188492        2.8684481734690985        17.071476571410614     
  0.58833271349521288       0.60509235915707538       0.64088288886562961       0.73696180071514328        1.0952289192442177        2.9021414041660272        17.569784219909582     
  0.57777837777727059       0.59438525787614083       0.63078399922645645       0.72869593343398154        1.0923347842162916        2.9343446091942074        18.068350360721983     
  0.56827048716337636       0.58436571352876077       0.62090053429179803       0.72023829636771530        1.0887422913913469        2.9647628036654692        18.563987982579899     
  0.55962045359386381       0.57505811509123972       0.61122609342012513       0.71154952143621075        1.0843468296049947        2.9930050893479128        19.057321684534703     
  0.55171721087088965       0.56644174813576631       0.60179251622764363       0.70262676746357733        1.0790916631820753        3.0188218399297422        19.543935173330027     
  0.54452240474191704       0.55847444311113814       0.59264298220602185       0.69347247876514417        1.0729358316246691        3.0419498767708695        20.021339357114520     
  0.53804661399827680       0.55111923947334840       0.58380008314034126       0.68406413680822931        1.0658112365332657        3.0620011140200476        20.487127862198843     
  0.53230703594188788       0.54435623368409047       0.57529395876286937       0.67436248330838988        1.0575922410158241        3.0783927595708325        20.936074333776048     
  0.52731555312877210       0.53821064555116327       0.56716185533328289       0.66432230635905076        1.0480748501992077        3.0905701870148983        21.363097427332530     
  0.52307467694418774       0.53268151319001578       0.55944351882822896       0.65390136277721345        1.0372328768357291        3.0979258113794557        21.763101628318349     
  0.51957647915328942       0.52779165384586746       0.55214447393170285       0.64307615762578108        1.0248643591285140        3.0997314272604011        22.128470501728437     
  0.51677236568054630       0.52357679623113673       0.54529485069558292       0.63185588757209721        1.0108006971310135        3.0952591268827976        22.453041527463199     
  0.51456954745927663       0.52003091634206133       0.53893888441705706       0.62027033773111051       0.99490021430193676        3.0838453107349126        22.728388040783059     
  0.51288170652131815       0.51713058634084286       0.53317076850366940       0.60839607028521347       0.97700943198774626        3.0646679405479551        22.943610313267854     
  0.51161619127564040       0.51482894003711210       0.52802872939754297       0.59641320274298926       0.95704466913467756        3.0371159150499856        23.096126572058001     
  0.51069405696693559       0.51305209650808437       0.52358213004427101       0.58455600295544619       0.93496579183759221        3.0005700829815125        23.176620310242935     
  0.51004760035532670       0.51172155650332130       0.51985191170803857       0.57303411216485323       0.91074769265567868        2.9545288995871077        23.178338333246614     
  0.50961811661127410       0.51075798613681000       0.51683585498720541       0.56214895081566096       0.88437671767899306        2.8984349359861201        23.089850513636204     
  0.50935082489106831       0.51008952328828583       0.51447821913717617       0.55209591974342442       0.85591848985303876        2.8318943695691301        22.906894894038022     
  0.50919742545564606       0.50965008115396748       0.51270687515658020       0.54300201856463826       0.82548373560717547        2.7545010635045384        22.622734997572266     
  0.50911673764584042       0.50937963647134898       0.51143014681562837       0.53502342527619606       0.79323648376751554        2.6659059078802154        22.230017748150882     
  0.50907830942430665       0.50922528517199117       0.51055176758045095       0.52829557296666341       0.75959077378720485        2.5664187814522785        21.725525151087918     
  0.50906151163626923       0.50914355064506978       0.50997707859990404       0.52284199193196290       0.72516488652679212        2.4561935658681753        21.106014388199299     
  0.50905451924809686       0.50910275047243980       0.50962093763722083       0.51863645065265684       0.69081823395099806        2.3357738524024936        20.373573117749434     
  0.50905143998369573       0.50908246262117041       0.50940987273570770       0.51554912139126996       0.65757801146543871        2.2060474170130862        19.529038907733995     
  0.50904980507342301       0.50907150627457043       0.50928697784115373       0.51338952404609917       0.62651815593297533        2.0682884315789649        18.579059804816310     
  0.50904874009288614       0.50906463916596401       0.50921306226391372       0.51194196903646527       0.59867290983000354        1.9239487968006179        17.534198420221365     
  0.50904797650573330       0.50905979520642264       0.50916507447911519       0.51100070094033190       0.57493519704942375        1.7754956460482787        16.415412614048357     
  0.50904742476295839       0.50905623163865288       0.50913128056744072       0.51039038792215241       0.55580095129920193        1.6258125004255419        15.245649717835956     
  0.50904703869573364       0.50905363456011543       0.50910644185831433       0.50998350650485591       0.54122831841440933        1.4776140035622236        14.048708662121092     
  0.50904678207324228       0.50905181682658085       0.50908827215321439       0.50970115550644657       0.53078820077186972        1.3346341272655313        12.860252268419487     
  0.50913964443482640       0.50914362952572212       0.50916842297431519       0.50959259543132718       0.52377739511645194        1.2010488292228492        11.718671756906517     
