  1.12772343466597608E-004  1.06556665421144673E-003  4.16872281049670938E-003  6.56041786018698135E-003  4.16872281049671198E-003  1.06556665421144348E-003  1.12772343466596253E-004
  1.12672325423931259E-004  1.06462160077184457E-003  4.16502556094860543E-003  6.55459941097081243E-003  4.16502556094857507E-003  1.06462160077184609E-003  1.12672325423930717E-004
  1.12568306659558556E-004  1.06363874519466986E-003  4.16118042141853592E-003  6.54854822378604130E-003  4.16118042141855760E-003  1.06363874519466986E-003  1.12568306659557960E-004
  1.12460287173479878E-004  1.06261808747990980E-003  4.15718739190656678E-003  6.54226429863259424E-003  4.15718739190657112E-003  1.06261808747990503E-003  1.12460287173478659E-004
  1.12351696155727908E-004  1.06159202945977716E-003  4.15317323525433209E-003  6.53594712519790962E-003  4.15317323525433990E-003  1.06159202945977954E-003  1.12351696155727095E-004
  1.12244248201321249E-004  1.06057677205038297E-003  4.14920133288264412E-003  6.52969644832573221E-003  4.14920133288263892E-003  1.06057677205038557E-003  1.12244248201320517E-004
  1.12137371778587151E-004  1.05956691494636201E-003  4.14525055765120869E-003  6.52347901973474378E-003  4.14525055765122778E-003  1.05956691494636396E-003  1.12137371778586121E-004
  1.12031066887525262E-004  1.05856245814770844E-003  4.14132090956008305E-003  6.51729483942503369E-003  4.14132090956006137E-003  1.05856245814770432E-003  1.12031066887524259E-004
  1.11923047401445662E-004  1.05754180043294080E-003  4.13732788004809744E-003  6.51101091427160918E-003  4.13732788004810958E-003  1.05754180043294535E-003  1.11923047401445215E-004
  1.11811027193659749E-004  1.05648334058059843E-003  4.13318696055421913E-003  6.50449425114953562E-003  4.13318696055419224E-003  1.05648334058060039E-003  1.11811027193659451E-004
  1.11693863200823445E-004  1.05537627797993032E-003  4.12885589679783376E-003  6.49767835349631274E-003  4.12885589679782856E-003  1.05537627797992924E-003  1.11693863200822103E-004
  1.11569269296245177E-004  1.05419901140947213E-003  4.12425018021790081E-003  6.49043022818705535E-003  4.12425018021789040E-003  1.05419901140946671E-003  1.11569269296243916E-004
  1.11438388543271002E-004  1.05296234147994128E-003  4.11941206509493316E-003  6.48281637178419693E-003  4.11941206509491061E-003  1.05296234147993846E-003  1.11438388543269931E-004
  1.11299506346883631E-004  1.05165006727524495E-003  4.11427817000809427E-003  6.47473703944408899E-003  4.11427817000808906E-003  1.05165006727524235E-003  1.11299506346882466E-004
  1.11152622707082549E-004  1.05026218879538833E-003  4.10884849495745177E-003  6.46619223116666562E-003  4.10884849495744917E-003  1.05026218879538400E-003  1.11152622707081953E-004
  1.10997737623869084E-004  1.04879870604035518E-003  4.10312303994292416E-003  6.45718194695194848E-003  4.10312303994293717E-003  1.04879870604035496E-003  1.10997737623868067E-004
  1.10833708033896853E-004  1.04724881839942502E-003  4.09705955068400286E-003  6.44763969023748763E-003  4.09705955068400546E-003  1.04724881839942155E-003  1.10833708033896094E-004
  1.10659390873822145E-004  1.04560172526184120E-003  4.09061577290012034E-003  6.43749896446075762E-003  4.09061577290011080E-003  1.04560172526183665E-003  1.10659390873821075E-004
  1.10473643080299865E-004  1.04384662601688283E-003  4.08374945231077674E-003  6.42669327305937007E-003  4.08374945231077934E-003  1.04384662601687698E-003  1.10473643080299011E-004
  1.10274178526640460E-004  1.04196191944306042E-003  4.07637608035481356E-003  6.41508962290830275E-003  4.07637608035480142E-003  1.04196191944306107E-003  1.10274178526639647E-004
  1.10060425681171817E-004  1.03994220523501201E-003  4.06847452989197392E-003  6.40265476572635366E-003  4.06847452989198260E-003  1.03994220523501266E-003  1.10060425681170949E-004
  1.09830669948876523E-004  1.03777128247663046E-003  4.05998141950143082E-003  6.38928895666985869E-003  4.05998141950142995E-003  1.03777128247663089E-003  1.09830669948875737E-004
  1.09583196734737711E-004  1.03543295025180495E-003  4.05083336776236244E-003  6.37489245089508695E-003  4.05083336776235637E-003  1.03543295025180604E-003  1.09583196734736735E-004
  1.09317434507082695E-004  1.03292180825517027E-003  4.04100924753450757E-003  6.35943200012072975E-003  4.04100924753447721E-003  1.03292180825516984E-003  1.09317434507081828E-004
  1.09033383265911153E-004  1.03023785648672468E-003  4.03050905881783845E-003  6.34290760434686341E-003  4.03050905881783758E-003  1.03023785648672186E-003  1.09033383265911220E-004
  1.08729899947879438E-004  1.02737029433572756E-003  4.01929054733184393E-003  6.32525276701103797E-003  4.01929054733184739E-003  1.02737029433572083E-003  1.08729899947879221E-004
  1.08404126894625518E-004  1.02429212027533526E-003  4.00724807737510604E-003  6.30630124670701880E-003  4.00724807737509736E-003  1.02429212027532854E-003  1.08404126894624380E-004
  1.08053777979458799E-004  1.02098173308406829E-003  3.99429714038653308E-003  6.28592005030991635E-003  3.99429714038653308E-003  1.02098173308406851E-003  1.08053777979457498E-004
  1.07677710139034985E-004  1.01742833215119274E-003  3.98039548208561390E-003  6.26404268125721128E-003  3.98039548208561043E-003  1.01742833215119296E-003  1.07677710139034077E-004
  1.07275923373354671E-004  1.01363191747671209E-003  3.96554310247230341E-003  6.24066913954892354E-003  3.96554310247230861E-003  1.01363191747670884E-003  1.07275923373353682E-004
  1.06844416960710407E-004  1.00955468692303014E-003  3.94959211156470109E-003  6.21556668721642228E-003  3.94959211156470716E-003  1.00955468692303122E-003  1.06844416960710122E-004
  1.06380904774413398E-004  1.00517503926868300E-003  3.93245800080169964E-003  6.18860233113473299E-003  3.93245800080169183E-003  1.00517503926867845E-003  1.06380904774412680E-004
  1.05880814561084175E-004  1.00044977207070754E-003  3.91397175306108791E-003  6.15951008505404279E-003  3.91397175306109572E-003  1.00044977207070797E-003  1.05880814561083362E-004
  1.05340717130688428E-004  9.95346483496900754E-004  3.89400660550124093E-003  6.12809045928685518E-003  3.89400660550124527E-003  9.95346483496900971E-004  1.05340717130687777E-004
  1.04756040229847731E-004  9.89821971104300159E-004  3.87239354099994928E-003  6.09407746758332258E-003  3.87239354099994885E-003  9.89821971104300809E-004  1.04756040229846836E-004
  1.04122211605182626E-004  9.83833032449957581E-004  3.84896354243500832E-003  6.05720512369359223E-003  3.84896354243499748E-003  9.83833032449951727E-004  1.04122211605181718E-004
  1.03433515939969049E-004  9.77325664480178371E-004  3.82350533840366234E-003  6.01714094480527723E-003  3.82350533840365497E-003  9.77325664480171866E-004  1.03433515939968317E-004
  1.02684237917483561E-004  9.70245864141269180E-004  3.79580765750315912E-003  5.97355244810604275E-003  3.79580765750316693E-003  9.70245864141273408E-004  1.02684237917483357E-004
  1.01868662221003072E-004  9.62539628379552271E-004  3.76565922833076985E-003  5.92610715078354874E-003  3.76565922833077332E-003  9.62539628379551187E-004  1.01868662221002218E-004
  1.00983359660491743E-004  9.54174555362801336E-004  3.73293328804483703E-003  5.87460556315035683E-003  3.73293328804484136E-003  9.54174555362800251E-004  1.00983359660491471E-004
  1.00023186450900198E-004  9.45102042342695287E-004  3.69743969238287788E-003  5.81874845067538188E-003  3.69743969238288351E-003  9.45102042342691926E-004  1.00023186450898518E-004
  9.89818557438304990E-005  9.35262685960174043E-004  3.65894604280188719E-003  5.75817008226500119E-003  3.65894604280188373E-003  9.35262685960172092E-004  9.89818557438293606E-005
  9.78542237542323617E-005  9.24607883466920530E-004  3.61726219503936486E-003  5.69257122338813221E-003  3.61726219503935098E-003  9.24607883466919338E-004  9.78542237542308167E-005
  9.66254306586230519E-005  9.12997226923327595E-004  3.57183884344815933E-003  5.62108741873266256E-003  3.57183884344816367E-003  9.12997226923330414E-004  9.66254306586220219E-005
  9.52823312285386428E-005  9.00306509305921245E-004  3.52219006380198553E-003  5.54295395783013962E-003  3.52219006380196731E-003  9.00306509305918100E-004  9.52823312285378703E-005
  9.38152094255485130E-005  8.86443925423414654E-004  3.46795669471613001E-003  5.45760561989962114E-003  3.46795669471611223E-003  8.86443925423413027E-004  9.38152094255478489E-005
  9.22126346162056051E-005  8.71301469168427414E-004  3.40871619338509744E-003  5.36437743931635590E-003  3.40871619338508789E-003  8.71301469168424595E-004  9.22126346162051579E-005
  9.04757498638537807E-005  8.54889941151700146E-004  3.34451081408944926E-003  5.26333591264285545E-003  3.34451081408943755E-003  8.54889941151698520E-004  9.04757498638534825E-005
  8.86148427385971706E-005  8.37306546869876433E-004  3.27572084535414539E-003  5.15507950894135685E-003  3.27572084535413454E-003  8.37306546869875348E-004  8.86148427385964388E-005
  8.66464876589331562E-005  8.18707895178659179E-004  3.20295897424713056E-003  5.04057242836762186E-003  3.20295897424712145E-003  8.18707895178657444E-004  8.66464876589323024E-005
  8.45809721949651773E-005  7.99191191574693486E-004  3.12660548929338464E-003  4.92041313998394306E-003  3.12660548929336252E-003  7.99191191574690450E-004  8.45809721949644454E-005
  8.24085803082628699E-005  7.78664630866704888E-004  3.04630122910820025E-003  4.79403642300929231E-003  3.04630122910820112E-003  7.78664630866701744E-004  8.24085803082621923E-005
  8.01173098337064127E-005  7.57014806641940498E-004  2.96160252374582603E-003  4.66074406353774243E-003  2.96160252374582473E-003  7.57014806641937354E-004  8.01173098337057215E-005
  7.77054461762786107E-005  7.34225517984289167E-004  2.87244599178543541E-003  4.52043631672556165E-003  2.87244599178543801E-003  7.34225517984290034E-004  7.77054461762777433E-005
  7.51747039309964691E-005  7.10312965809867681E-004  2.77889501464784932E-003  4.37321292741651730E-003  2.77889501464784845E-003  7.10312965809866271E-004  7.51747039309956424E-005
  7.25205108444809373E-005  6.85233947675719193E-004  2.68078057521087005E-003  4.21880790936064991E-003  2.68078057521086831E-003  6.85233947675716374E-004  7.25205108444803545E-005
  6.97337224099740495E-005  6.58902058695935754E-004  2.57776463923010436E-003  4.05668929005824699E-003  2.57776463923009352E-003  6.58902058695933152E-004  6.97337224099734803E-005
  6.68051941207181926E-005  6.31230893984611151E-004  2.46950917246113819E-003  3.88632509700955441E-003  2.46950917246112865E-003  6.31230893984611042E-004  6.68051941207176776E-005
  6.37292106599891399E-005  6.02166450488056805E-004  2.35580290350122451E-003  3.70738284740219871E-003  2.35580290350122495E-003  6.02166450488054745E-004  6.37292106599885436E-005
  6.05029143694248188E-005  5.71681726679427234E-004  2.23654019664899176E-003  3.51969629983000078E-003  2.23654019664899870E-003  5.71681726679427776E-004  6.05029143694245275E-005
  5.71285913757154322E-005  5.39798323780198586E-004  2.11180556046554769E-003  3.32339844741790869E-003  2.11180556046554986E-003  5.39798323780198478E-004  5.71285913757149511E-005
  5.36131000589291359E-005  5.06581045454798976E-004  1.98185252063419210E-003  3.11888826954074541E-003  1.98185252063418429E-003  5.06581045454797458E-004  5.36131000589286073E-005
  4.99713002425472344E-005  4.72170299642824063E-004  1.84723038280205920E-003  2.90703022151062073E-003  1.84723038280205573E-003  4.72170299642824930E-004  4.99713002425471260E-005
  4.62266247251379278E-005  4.36787498864411265E-004  1.70880535972043083E-003  2.68918748285817012E-003  1.70880535972042888E-003  4.36787498864412078E-004  4.62266247251376161E-005
  4.24099362170091029E-005  4.00724259609490786E-004  1.56771831696415529E-003  2.46715546077011603E-003  1.56771831696414943E-003  4.00724259609488889E-004  4.24099362170088048E-005
  3.85566696818482460E-005  3.64315400810945452E-004  1.42527913723028464E-003  2.24299554868299771E-003  1.42527913723028204E-003  3.64315400810945561E-004  3.85566696818481037E-005
  3.47039746783599974E-005  3.27911942317772923E-004  1.28286108463668757E-003  2.01886888487712648E-003  1.28286108463668042E-003  3.27911942317770050E-004  3.47039746783595773E-005
  3.08930014869546944E-005  2.91902706116540969E-004  1.14198531328316079E-003  1.79716934560140485E-003  1.14198531328315667E-003  2.91902706116539993E-004  3.08930014869546537E-005
  2.71666149830616275E-005  2.56692715109939893E-004  1.00423635869033041E-003  1.58039055194848723E-003  1.00423635869032737E-003  2.56692715109938484E-004  2.71666149830613835E-005
  2.35705377004700218E-005  2.22713993727494423E-004  8.71304392080195071E-004  1.37119236641717788E-003  8.71304392080193661E-004  2.22713993727495318E-004  2.35705377004698490E-005
  2.01516352363150647E-005  1.90409367009474243E-004  7.44921838955302858E-004  1.17230114806874601E-003  7.44921838955299172E-004  1.90409367009474162E-004  2.01516352363150037E-005
  1.69533439976974048E-005  1.60189258163931050E-004  6.26694361976546299E-004  9.86243766277071022E-004  6.26694361976546516E-004  1.60189258163930670E-004  1.69533439976973777E-005
  1.40150996700110078E-005  1.32426288261332470E-004  5.18079733822907561E-004  8.15314352447369609E-004  5.18079733822907778E-004  1.32426288261332307E-004  1.40150996700109434E-005
  1.13677649635641331E-005  1.07412073791611772E-004  4.20218820069229138E-004  6.61308313766339833E-004  4.20218820069229355E-004  1.07412073791611718E-004  1.13677649635640518E-005
  9.03305808190705608E-006  8.53518263587942213E-005  3.33914452045961198E-004  5.25489084920913695E-004  3.33914452045960711E-004  8.53518263587944788E-005  9.03305808190699848E-006
  7.02069506347019048E-006  6.63373511541558820E-005  2.59525791137779236E-004  4.08421886692092429E-004  2.59525791137777556E-004  6.63373511541559226E-005  7.02069506347014135E-006
  5.33296203494304894E-006  5.03902493991718707E-005  1.97137345905780507E-004  3.10239712204813268E-004  1.97137345905780371E-004  5.03902493991719724E-005  5.33296203494299558E-006
  3.95728529953334481E-006  3.73917143757225529E-005  1.46284319263918848E-004  2.30211099271902488E-004  1.46284319263918495E-004  3.73917143757225123E-005  3.95728529953330754E-006
  2.86680286863939388E-006  2.70879317314593437E-005  1.05973735619268797E-004  1.66773378675312567E-004  1.05973735619268648E-004  2.70879317314592218E-005  2.86680286863937906E-006
  2.02893743693577196E-006  1.91710840603430436E-005  7.50013479761569044E-005  1.18031398384640823E-004  7.50013479761569315E-005  1.91710840603430300E-005  2.02893743693576814E-006
  1.40253872401138559E-006  1.32523493757976435E-005  5.18460022347856306E-005  8.15912821509603905E-005  5.18460022347856441E-005  1.32523493757976554E-005  1.40253872401137204E-006
