  0.98172031588355568       0.97193115706236954       0.94051907658295897       0.90285859629985210       0.93565492799290617       0.99948045523956153        1.0000000000000000     
  0.98357461011013447       0.97414663717996963       0.94429276122269368       0.90570301274054366       0.93598588020850515       0.99952300710117736       0.99999999999999833     
  0.98524966954992710       0.97619959826810454       0.94574643639560896       0.90945164069271101       0.93625671281359757       0.99972772224206463       0.99999999999999878     
  0.98674500818510813       0.97808835520927617       0.94914869539413571       0.91221581575821731       0.93645402921468024       0.99974788694140904       0.99999999999999978     
  0.98808343128168408       0.97981481011393501       0.95219928069554427       0.91462073159139001       0.93658564360951679       0.99961118954990746       0.99999999999999800     
  0.98926987007776135       0.98130273371944210       0.95480967739295797       0.91485391390083293       0.93723030835148258       0.99964371636897531       0.99999999999999944     
  0.99031078334859801       0.98068601036252201       0.95706199878688814       0.91645695257733284       0.93736953269033418       0.99966753093506244        1.0000000000000000     
  0.99115803614922737       0.98131647103931241       0.95882435501144581       0.91760235971501958       0.93739023200054061       0.99969375001079630       0.99999999999999911     
  0.99195942999018061       0.98049469786377130       0.95963682690013818       0.91818675831343288       0.93733820160849168       0.99971242231377444        1.0000000000000004     
  0.99238062959492368       0.98141190707762405       0.96010800232943072       0.91820272382330981       0.93817653670469714       0.99973170115467502       0.99999999999999889     
  0.99223514114454847       0.98156078527323343       0.95897340945145115       0.91766824558970950       0.94300931635858420       0.99974582746647356        1.0000000000000009     
  0.99165316984677099       0.97955311599105122       0.95590539124797569       0.91444358098940925       0.94329264853185679       0.99975650061815236        1.0000000000000002     
  0.99006531980574375       0.97888923253845039       0.95371809006884267       0.91295929789059604       0.94297700384632965       0.99976414592259322        1.0000000000000004     
  0.98859866130497398       0.97688571010361291       0.95126875118307552       0.91091506101489328       0.94259316298116325       0.99977295213184192       0.99999999999999956     
  0.98727625585833745       0.97568007210121788       0.94770739067183851       0.90591555719350680       0.94201614639861453       0.99977673576876636        1.0000000000000011     
  0.98322779309508523       0.97389733055984506       0.94320188809760386       0.90252199009196754       0.94132762046445706       0.99983769121828581       0.99999999999999856     
  0.98152330905898622       0.97148465583489230       0.93724866044433053       0.89851123997883520       0.94045972296070968       0.99984488423967932       0.99999999999999600     
  0.97887024160968572       0.96648247457439507       0.93388607429847137       0.89426009928608519       0.94195115686054232       0.99986694500347895       0.99999999999999967     
  0.97675792011857887       0.96145274544017778       0.92710219062242727       0.88897733700899817       0.94092458370442988       0.99986621266222608       0.99999999999999789     
  0.97423408119006805       0.95486613901416506       0.92228562897209820       0.88039105244515403       0.93970212130821162       0.99986655027863069        1.0000000000000020     
  0.96817400900130957       0.95167595333545030       0.91732184534022287       0.87343414907646066       0.93828606873682385       0.99986576374611191       0.99999999999999956     
  0.96112689867664181       0.94605400028381270       0.91164192714997561       0.85765690483460344       0.93667748813435547       0.99988160413855032        1.0000000000000016     
  0.95704551299588236       0.94231500216878428       0.90590202945318243       0.84974689885145549       0.93407453188370015       0.99996668902230323       0.99999999999999967     
  0.95391745704608233       0.93808673607268622       0.89825289216635806       0.82428640297650801       0.93313599689419391       0.99996723645223073       0.99999999999999833     
  0.95021117629279450       0.93320815913345878       0.88516759242876286       0.81564975119847105       0.93109456312519101       0.99996824707224030       0.99999999999999778     
  0.94631924422962077       0.92365887073437603       0.87867913542235732       0.80734295380818344       0.92892686564619309       0.99997598057228321       0.99999999999999878     
  0.94267610084547748       0.91818646723008523       0.87110312675905699       0.79924897721450117       0.92664707731519635       0.99997664279917875       0.99999999999999967     
  0.93492018081447181       0.89401305656767260       0.84203489654444219       0.79068077745598142       0.92418045517684333       0.99997731928527533       0.99999999999999833     
  0.91047968096033394       0.88140206989973946       0.82502028398866722       0.78387400130047735       0.92181448565976520       0.99997802028474247       0.99999999999999845     
  0.90542460061642749       0.87618783794217980       0.81910147868327421       0.77311460751663541       0.91948434189462214       0.99997890660381827        1.0000000000000004     
  0.90012418805031802       0.86972745965506182       0.81333430322638123       0.76724080493504843       0.91724715849548666       0.99997967999480653       0.99999999999999978     
  0.89270652095274450       0.86566524646007503       0.80928662488180170       0.75496013368004722       0.91516475016629495       0.99998220410188976        1.0000000000000000     
  0.88146351367395070       0.84951039484977053       0.80234454129051713       0.74432769987438308       0.91330868319750946       0.99998305843861124        1.0000000000000000     
  0.86657191815140155       0.83296218554336443       0.79271928629949540       0.74128887984614678       0.90234683233866753       0.99998861574559872        1.0000000000000000     
  0.83362619546679906       0.79893437783200494       0.77995533938898409       0.71121052113698602       0.89567397846150076       0.99998956298513542       0.99999999999999900     
  0.83129166700121626       0.79800597598262923       0.73363770270093309       0.69894581110060472       0.88621217118710227       0.99999025138701836       0.99999999999999867     
  0.82529014378895671       0.79022296162171202       0.73416688885687598       0.69291779500874451       0.88358710447422961       0.99999093601296141        1.0000000000000009     
  0.82119276115164586       0.78720171437809328       0.72036030761122893       0.66881469749911893       0.87551803533084549       0.99999161334100184       0.99999999999999845     
  0.77034950915055445       0.74134423492668633       0.72365165417291111       0.65961633764123462       0.87576431277734879       0.99999227990722284        1.0000000000000011     
  0.76701173030643111       0.73273431971021952       0.67882144767597030       0.63096493998884873       0.87157253078986419       0.99999353819814207       0.99999999999999911     
  0.74236277689622843       0.73481226603093908       0.67056647061525776       0.60059721610723593       0.85545612202330901       0.99999570443084096       0.99999999999999922     
  0.71777757978171886       0.68595978893236342       0.63515210318997872       0.56344457055253583       0.82495343083338646       0.99999615474540027       0.99999999999999811     
  0.67305858353790982       0.65004781845650073       0.61891785185134307       0.50930075572501021       0.82203001956051724       0.99999658441725869        1.0000000000000002     
  0.64149359879127732       0.60561834397534609       0.53664519086864648       0.42814533978732122       0.76655008892580412       0.99999699160667666       0.99999999999999989     
  0.53600451071265665       0.48844341295725408       0.46279227234184361       0.29850423269039805       0.72485231770559644       0.99999737491544416       0.99999999999999789     
  0.57253987026898701       0.52338286997292705       0.48938160394469399       0.31223920464471738       0.73226791810917669       0.99999772471527304        1.0000000000000016     
  0.60324560835562291       0.55526812259260283       0.51550311229437673       0.32730635959114662       0.74030562913569686       0.99999878909005491       0.99999999999999833     
  0.63205423708186592       0.58460908766451181       0.54118302667126117       0.34372646027745940       0.74896171306664316       0.99999898807570087       0.99999999999999900     
  0.66082746029650685       0.61267972881161725       0.56658109499580744       0.36151733621437604       0.75823093844134049       0.99999916608349748       0.99999999999999767     
  0.69001359853982869       0.64045060874874726       0.59190468149499120       0.38045761500596054       0.76809912167278716       0.99999932342321218        1.0000000000000000     
  0.71955258615328122       0.66838793315991796       0.61737427956495095       0.40090032744310805       0.77855204878755624       0.99999946055405875        1.0000000000000011     
  0.74929063721228650       0.69663939165116773       0.64316038996291613       0.42268006600628616       0.78957168278605516       0.99999975923553097        1.0000000000000011     
  0.77895454993489766       0.72518508927611514       0.66935883979205868       0.44578533300361345       0.80112784104883328       0.99999981915580272        1.0000000000000016     
  0.80813802093270071       0.75389699843766900       0.69600246353622885       0.47023108001822844       0.81317885023722059       0.99999986768180271       0.99999999999999967     
  0.83629389912064889       0.78250933011745749       0.72297138436521990       0.49599209010435491       0.82566385388488428       0.99999990605234634       0.99999999999999933     
  0.86282177066363297       0.81065764235517102       0.74967526762001746       0.52307275398081610       0.83850974641104636       0.99999993555093869       0.99999999999999867     
  0.88715918378566894       0.83788213066961836       0.77297451333992273       0.55147873949703263       0.85162676980541174       0.99999997823554632        1.0000000000000020     
  0.90886446225662854       0.86367075867870313       0.79975240391655500       0.58120269729536700       0.86490588748030706       0.99999998664069423        1.0000000000000013     
  0.92770766625663914       0.88752477101731109       0.82112182083560525       0.61222294501109797       0.87822083325360922       0.99999999225196312       0.99999999999999833     
  0.94363840809000710       0.90903020937869827       0.84611196396728638       0.64443934262238289       0.89142388954862695       0.99999999580018673       0.99999999999999889     
  0.95680993983084472       0.92791538183408950       0.85947182788158449       0.67769307012429991       0.90495904077183320       0.99999999790131411       0.99999999999999822     
  0.96759806796079117       0.94404262971647990       0.87845518890766094       0.71172886598191099       0.94082104281084855       0.99999999905118186       0.99999999999999922     
  0.97629317195402687       0.95749033920005466       0.90085856516746299       0.74617297705123364       0.95483880471924309       0.99999999984531496       0.99999999999999933     
  0.98311471520958182       0.96851988285780177       0.91961055216861076       0.78053126537123141       0.96209485676200968       0.99999999995046840        1.0000000000000007     
  0.98841019435040345       0.97734568116538212       0.93750959333094164       0.81416934976066324       0.96863453943351518       0.99999999998615408       0.99999999999999922     
  0.99238953412289865       0.98420550364511328       0.95309396534157309       0.84637737830004822       0.97441476139028571       0.99999999999670053        1.0000000000000004     
  0.99524862658548252       0.98943799002734356       0.96597286306187147       0.87640450610000242       0.97942148298732401       0.99999999999933975       0.99999999999999800     
  0.99721787060621070       0.99325736852737290       0.97611388798931842       0.90354246470657429       0.98367091330730594       0.99999999999989420        1.0000000000000007     
  0.99848696471960485       0.99593900163676818       0.98389747112988291       0.92715765674251471       0.98720688542941104       0.99999999999998390       0.99999999999999956     
  0.99923948880201052       0.99771329798368247       0.98959915724988112       0.94699165225064696       0.99009929580855827       0.99999999999999667       0.99999999999999800     
  0.99965204920301232       0.99879954023108231       0.99363804486829299       0.96289620037056189       0.99243412202323367       0.99999999999999811        1.0000000000000033     
  0.99985439356527273       0.99941645588184591       0.99630549378920941       0.97511846498518651       0.99430600380385348       0.99999999999999611        1.0000000000000031     
  0.99994418981633171       0.99973292883582243       0.99797048943701050       0.98398304292973671       0.99580881121622478       0.99999999999999678        1.0000000000000016     
  0.99997936464247994       0.99988141505811856       0.99892530587476547       0.99005911541239378       0.99701958795794998       0.99999999999999978       0.99999999999999989     
  0.99999196323885897       0.99994518586318082       0.99943647919787160       0.99413707738185408       0.99799781739045412        1.0000000000000000        1.0000000000000004     
  0.99999633419493039       0.99997201375503197       0.99969317780912126       0.99651386394503039       0.99879153238226936        1.0000000000000016       0.99999999999999944     
  0.99999808839561233       0.99998420130626942       0.99982178956219436       0.99781534160970309       0.99906887888658247       0.99999999999999956       0.99999999999999878     
  0.99999896743254424       0.99999079429796023       0.99989102544352637       0.99865148932618342       0.99949135036531966        1.0000000000000007        1.0000000000000018     
  0.99999947107458553       0.99999485313022096       0.99993379629335366       0.99931522767196879       0.99983183941209208        1.0000000000000013       0.99999999999999989     
  0.99999977335269652       0.99999754522249096       0.99996436482293405       0.99969932572004849       0.99997405260369610        1.0000000000000016       0.99999999999999600     
  0.99999995432577360       0.99999940229075701       0.99998906569056834       0.99973215029021922       0.99999814739904702        1.0000000000000009       0.99999999999999956     
