  0.58053072458864574       0.58601799767086382       0.59236695152394248       0.60033958315594538       0.61503427847527059       0.65458691478470221       0.73504336993579167     
  0.57633168742814522       0.58199587573803702       0.58893172159325802       0.59837435685027573       0.61603261072597415       0.66065609400834124       0.74740417045588958     
  0.57260856489636669       0.57820085785759723       0.58551080273761846       0.59623709230419275       0.61652278932025995       0.66594794697482551       0.75903373879527536     
  0.56933464859263772       0.57472361063215427       0.58226532564609634       0.59409958701139454       0.61675366830857792       0.67101060782797406       0.77032756721498796     
  0.56646371309815102       0.57157717316685897       0.57923641266380965       0.59204395052619585       0.61679934992097019       0.67600257721281221       0.78137677514059933     
  0.56392141275449892       0.56874987315967052       0.57644494733965690       0.58997545623794412       0.61683217876822094       0.68097788189552366       0.79222281456390753     
  0.56168759623287479       0.56622771315868370       0.57390711894607582       0.58795663275261989       0.61693603535937103       0.68596876925876482       0.80288424264619485     
  0.55973845571289471       0.56399297830496087       0.57162288381781867       0.58604619696835225       0.61714769353088383       0.69099791735324367       0.81336753952138130     
  0.55804179086641725       0.56202277848244975       0.56958753713720867       0.58427327477274116       0.61748528817475001       0.69607986147021539       0.82366907560119018     
  0.55657585994660785       0.56029124947909004       0.56778358310430843       0.58265246023303274       0.61795864134912715       0.70122494148678938       0.83377910575637026     
  0.55531547372135293       0.55877697194883813       0.56619549620325005       0.58120407111669004       0.61857385711209478       0.70644157374884897       0.84368453443639091     
  0.55423738307738524       0.55746771802167705       0.56482102652170785       0.57992842022887459       0.61933093568137532       0.71173477481079872       0.85336812457701716     
  0.55332142127038342       0.55634307840579122       0.56354969401222210       0.57884205407717837       0.62023351410662453       0.71711124294877993       0.86281300670593031     
  0.55254060721071196       0.55539389839233466       0.56249112303399296       0.57794480867119202       0.62128970898571201       0.72257332273358288       0.87199904327663080     
  0.55189362555995880       0.55460914721049881       0.56157485197481394       0.57723434360100834       0.62251049382323576       0.72812322395100260       0.88090461378080342     
  0.55135565161633504       0.55398093632005019       0.56069915229476985       0.57671285046569543       0.62389645088930978       0.73376386693490991       0.88951397081914785     
  0.55092656070024959       0.55349963293404159       0.55999755423075781       0.57637791889941559       0.62545061920246647       0.73949490276326135       0.89780852893294505     
  0.55059925449266622       0.55315124487481504       0.55948805006173719       0.57622941333640965       0.62717507798006655       0.74531506470990694       0.90577121728348964     
  0.55037066618747710       0.55289458331941710       0.55905516474817185       0.57626085864987664       0.62907171203456791       0.75122261146433977       0.91338677308632121     
  0.55023591461911148       0.55280786618918176       0.55876782980157724       0.57647139466742714       0.63114141345242414       0.75721349512717562       0.92064280674772969     
  0.55019325216394932       0.55278224636313089       0.55863137346145109       0.57686283237412084       0.63338624570231428       0.76328492869712516       0.92753004617619839     
  0.55024009126192930       0.55277469321960659       0.55863443950628788       0.57743582797366411       0.63580698945828962       0.76943233999162863       0.93404143835483799     
  0.55038804800840668       0.55286324767042749       0.55878623817098072       0.57818206221153556       0.63840435204080992       0.77565054772402919       0.94017291850939033     
  0.55060416587749417       0.55315194362146891       0.55908487561736575       0.57910501604937148       0.64118008564233508       0.78193518913322591       0.94592344458834510     
  0.55088721623136583       0.55345155819183567       0.55953348199111352       0.58020911032869438       0.64413624185049578       0.78828141146026987       0.95129582722875272     
  0.55128039255821404       0.55380269660194759       0.56012975163028911       0.58149546451658785       0.64727402782736743       0.79468286079657380       0.95629439529840832     
  0.55175490298492835       0.55425659209492772       0.56086964282788354       0.58296390253354313       0.65059224146080086       0.80113097752385343       0.96092531475383702     
  0.55228398814323065       0.55482075188907409       0.56175871447952785       0.58461364036985441       0.65409013115929293       0.80761731126640635       0.96519739243137070     
  0.55286118876453871       0.55550940289156858       0.56280425455744809       0.58644262425784188       0.65776693825273269       0.81413501761095075       0.96912304668913818     
  0.55351881654843704       0.55633814391883618       0.56401194954753642       0.58845459192163319       0.66162468336911340       0.82067533384650748       0.97271363866971883     
  0.55433393603339176       0.55730344181261293       0.56538080640281596       0.59064823157823643       0.66565961864957324       0.82722695382330891       0.97598283122343565     
  0.55525518814972474       0.55839815714352659       0.56691144683266437       0.59302322631145121       0.66986910091933649       0.83378005671423472       0.97894641730912468     
  0.55626890551544506       0.55962843438033594       0.56860208254240552       0.59557431181901355       0.67424740589522691       0.84032249735404696       0.98162030723813920     
  0.55741720151735930       0.56099362867426650       0.57045063144365116       0.59829625974605194       0.67878902732358348       0.84684304700401503       0.98402171919137149     
  0.55867020879654816       0.56250035434173384       0.57245227308228075       0.60118200145309408       0.68348595349242580       0.85332934727675813       0.98616818689698149     
  0.56003018840118657       0.56413838063058674       0.57460632713157944       0.60422189169903817       0.68832833532375060       0.85976910355463587       0.98807760581303117     
  0.56149724766383846       0.56592339593039187       0.57690123892052381       0.60740095597548960       0.69330249984431902       0.86614892266245314       0.98976787546104228     
  0.56305595140116060       0.56784264657029837       0.57931525570913878       0.61070264186026757       0.69839244321074545       0.87245567620988684       0.99125662635795053     
  0.56473871844696866       0.56986074193223180       0.58179383026726972       0.61410600823395511       0.70357822444914409       0.87867617083625549       0.99256127975861574     
  0.56660331035692268       0.57190924115842001       0.58438627195219561       0.61758531066327094       0.70884738919851964       0.88479814306230076       0.99369897457773804     
  0.56845381535275663       0.57400952074601808       0.58701034583826539       0.62110226457595197       0.71417620797300840       0.89080297256153085       0.99468592160680980     
  0.57022460080891835       0.57609526190519766       0.58957652866686239       0.62463532182481263       0.71952542063100622       0.89666824381628896       0.99553749861454055     
  0.57179509384042448       0.57802212520856711       0.59202189179521691       0.62814339389043561       0.72487427135091209       0.90236716226358094       0.99626802384921920     
  0.57285430513456559       0.57955828043384650       0.59428905778656227       0.63159501576822219       0.73020593756524577       0.90786224056420095       0.99689049197152912     
   1.0000000000000000        1.0000000000000000        1.0000000000000000        1.0000000000000000        1.0000000000000000        1.0000000000000000        1.0000000000000000     
   1.0000000000000000        1.0000000000000000        1.0000000000000000        1.0000000000000000        1.0000000000000000        1.0000000000000000        1.0000000000000000     
   1.0000000000000000        1.0000000000000000        1.0000000000000000        1.0000000000000000        1.0000000000000000        1.0000000000000000        1.0000000000000000     
   1.0000000000000000        1.0000000000000000        1.0000000000000000        1.0000000000000000        1.0000000000000000        1.0000000000000000        1.0000000000000000     
   1.0000000000000000        1.0000000000000000        1.0000000000000000        1.0000000000000000        1.0000000000000000        1.0000000000000000        1.0000000000000000     
   1.0000000000000000        1.0000000000000000        1.0000000000000000        1.0000000000000000        1.0000000000000000        1.0000000000000000        1.0000000000000000     
   1.0000000000000000        1.0000000000000000        1.0000000000000000        1.0000000000000000        1.0000000000000000        1.0000000000000000        1.0000000000000000     
   1.0000000000000000        1.0000000000000000        1.0000000000000000        1.0000000000000000        1.0000000000000000        1.0000000000000000        1.0000000000000000     
   1.0000000000000000        1.0000000000000000        1.0000000000000000        1.0000000000000000        1.0000000000000000        1.0000000000000000        1.0000000000000000     
   1.0000000000000000        1.0000000000000000        1.0000000000000000        1.0000000000000000        1.0000000000000000        1.0000000000000000        1.0000000000000000     
   1.0000000000000000        1.0000000000000000        1.0000000000000000        1.0000000000000000        1.0000000000000000        1.0000000000000000        1.0000000000000000     
   1.0000000000000000        1.0000000000000000        1.0000000000000000        1.0000000000000000        1.0000000000000000        1.0000000000000000        1.0000000000000000     
   1.0000000000000000        1.0000000000000000        1.0000000000000000        1.0000000000000000        1.0000000000000000        1.0000000000000000        1.0000000000000000     
   1.0000000000000000        1.0000000000000000        1.0000000000000000        1.0000000000000000        1.0000000000000000        1.0000000000000000        1.0000000000000000     
   1.0000000000000000        1.0000000000000000        1.0000000000000000        1.0000000000000000        1.0000000000000000        1.0000000000000000        1.0000000000000000     
   1.0000000000000000        1.0000000000000000        1.0000000000000000        1.0000000000000000        1.0000000000000000        1.0000000000000000        1.0000000000000000     
   1.0000000000000000        1.0000000000000000        1.0000000000000000        1.0000000000000000        1.0000000000000000        1.0000000000000000        1.0000000000000000     
   1.0000000000000000        1.0000000000000000        1.0000000000000000        1.0000000000000000        1.0000000000000000        1.0000000000000000        1.0000000000000000     
   1.0000000000000000        1.0000000000000000        1.0000000000000000        1.0000000000000000        1.0000000000000000        1.0000000000000000        1.0000000000000000     
   1.0000000000000000        1.0000000000000000        1.0000000000000000        1.0000000000000000        1.0000000000000000        1.0000000000000000        1.0000000000000000     
   1.0000000000000000        1.0000000000000000        1.0000000000000000        1.0000000000000000        1.0000000000000000        1.0000000000000000        1.0000000000000000     
   1.0000000000000000        1.0000000000000000        1.0000000000000000        1.0000000000000000        1.0000000000000000        1.0000000000000000        1.0000000000000000     
   1.0000000000000000        1.0000000000000000        1.0000000000000000        1.0000000000000000        1.0000000000000000        1.0000000000000000        1.0000000000000000     
   1.0000000000000000        1.0000000000000000        1.0000000000000000        1.0000000000000000        1.0000000000000000        1.0000000000000000        1.0000000000000000     
   1.0000000000000000        1.0000000000000000        1.0000000000000000        1.0000000000000000        1.0000000000000000        1.0000000000000000        1.0000000000000000     
   1.0000000000000000        1.0000000000000000        1.0000000000000000        1.0000000000000000        1.0000000000000000        1.0000000000000000        1.0000000000000000     
   1.0000000000000000        1.0000000000000000        1.0000000000000000        1.0000000000000000        1.0000000000000000        1.0000000000000000        1.0000000000000000     
   1.0000000000000000        1.0000000000000000        1.0000000000000000        1.0000000000000000        1.0000000000000000        1.0000000000000000        1.0000000000000000     
   1.0000000000000000        1.0000000000000000        1.0000000000000000        1.0000000000000000        1.0000000000000000        1.0000000000000000        1.0000000000000000     
   1.0000000000000000        1.0000000000000000        1.0000000000000000        1.0000000000000000        1.0000000000000000        1.0000000000000000        1.0000000000000000     
   1.0000000000000000        1.0000000000000000        1.0000000000000000        1.0000000000000000        1.0000000000000000        1.0000000000000000        1.0000000000000000     
   1.0000000000000000        1.0000000000000000        1.0000000000000000        1.0000000000000000        1.0000000000000000        1.0000000000000000        1.0000000000000000     
   1.0000000000000000        1.0000000000000000        1.0000000000000000        1.0000000000000000        1.0000000000000000        1.0000000000000000        1.0000000000000000     
   1.0000000000000000        1.0000000000000000        1.0000000000000000        1.0000000000000000        1.0000000000000000        1.0000000000000000        1.0000000000000000     
   1.0000000000000000        1.0000000000000000        1.0000000000000000        1.0000000000000000        1.0000000000000000        1.0000000000000000        1.0000000000000000     
   1.0000000000000000        1.0000000000000000        1.0000000000000000        1.0000000000000000        1.0000000000000000        1.0000000000000000        1.0000000000000000     
   1.0000000000000000        1.0000000000000000        1.0000000000000000        1.0000000000000000        1.0000000000000000        1.0000000000000000        1.0000000000000000     
