   1.8892204599056921     
   1.9097193099196912     
   1.9152126943555245     
   1.9087272300107296     
   1.8923487092973694     
   1.8682769019150305     
   1.8395920701207440     
   1.8083567972724157     
   1.7758037167937586     
   1.7421265016718619     
   1.7073667679454771     
   1.6715403240358511     
   1.6347127587424370     
   1.5969728997137256     
   1.5584518577099420     
   1.5193175044833116     
   1.4797469062887973     
   1.4399319063914104     
   1.4000408909323021     
   1.3602311837346861     
   1.3206814748063724     
   1.2815250606046895     
   1.2428650321575041     
   1.2047688287207794     
   1.1672811068160178     
   1.1304232502667164     
   1.0941868184841501     
   1.0585368060424689     
   1.0234062911235369     
  0.98869484688063147     
  0.95427806375575330     
  0.91997316211235514     
  0.88554843814682005     
  0.85070358638644716     
  0.81508311877162254     
  0.77836478220638428     
  0.74006229173707816     
  0.69956489310781700     
  0.65598106702464631     
  0.60829162258167668     
  0.55521948843620894     
  0.49532325646253805     
  0.42632643961634964     
  0.34661567795173459     
  0.25484385769154394     
  0.30488086596672914     
  0.34627135733999354     
  0.37958383572660098     
  0.40546694241711584     
  0.42462537963056851     
  0.43771716332703142     
  0.44536794329313312     
  0.44815782093686046     
  0.44636678902339272     
  0.44029206143721311     
  0.43027467430543354     
  0.41659277711512521     
  0.39952477858713936     
  0.37937749375618252     
  0.35654768264194625     
  0.33178018201951071     
  0.30599981262706027     
  0.28046169198287857     
  0.25644055637900803     
  0.23524473924751468     
  0.21813612548002920     
  0.20574037630001396     
  0.19765331974702366     
  0.19267281337987618     
  0.18858731155373787     
  0.18259709529726631     
  0.17146845361990390     
  0.15301339382126070     
  0.12798420994089371     
   9.9995259923682370E-002
   7.3637145397255285E-002
   5.2527032424835883E-002
   3.8079627856894387E-002
   2.9602465317522548E-002
   2.5315514705106717E-002
   2.3322124312269005E-002
