   1.1277234346659468E-004   1.0655666542114250E-003   4.1687228104966313E-003   6.5604178601868252E-003   4.1687228104966331E-003   1.0655666542114218E-003   1.1277234346659408E-004
   1.1267232542392826E-004   1.0646216007718285E-003   4.1650255609484883E-003   6.5545994109706728E-003   4.1650255609485144E-003   1.0646216007718270E-003   1.1267232542392816E-004
   1.1256830665955650E-004   1.0636387451946484E-003   4.1611804214184561E-003   6.5485482237858834E-003   4.1611804214184700E-003   1.0636387451946477E-003   1.1256830665955553E-004
   1.1246028717347714E-004   1.0626180874798890E-003   4.1571873919064957E-003   6.5422642986324633E-003   4.1571873919065113E-003   1.0626180874798864E-003   1.1246028717347663E-004
   1.1235169615572682E-004   1.0615920294597555E-003   4.1531732352542454E-003   6.5359471251978255E-003   4.1531732352542393E-003   1.0615920294597570E-003   1.1235169615572521E-004
   1.1224424820131924E-004   1.0605767720503676E-003   4.1492013328825617E-003   6.5296964483255891E-003   4.1492013328825652E-003   1.0605767720503658E-003   1.1224424820131827E-004
   1.1213737177858497E-004   1.0595669149463431E-003   4.1452505576511367E-003   6.5234790197346137E-003   4.1452505576511436E-003   1.0595669149463384E-003   1.1213737177858424E-004
   1.1203106688752343E-004   1.0585624581476857E-003   4.1413209095599989E-003   6.5172948394249192E-003   4.1413209095599972E-003   1.0585624581476887E-003   1.1203106688752236E-004
   1.1192304740144391E-004   1.0575418004329239E-003   4.1373278800480341E-003   6.5110109142714661E-003   4.1373278800480150E-003   1.0575418004329191E-003   1.1192304740144271E-004
   1.1181102719365846E-004   1.0564833405805809E-003   4.1331869605541133E-003   6.5044942511493934E-003   4.1331869605541367E-003   1.0564833405805809E-003   1.1181102719365716E-004
   1.1169386320082144E-004   1.0553762779799110E-003   4.1288558967977592E-003   6.4976783534961991E-003   4.1288558967977878E-003   1.0553762779799063E-003   1.1169386320082035E-004
   1.1156926929624308E-004   1.0541990114094439E-003   4.1242501802178280E-003   6.4904302281869304E-003   4.1242501802178141E-003   1.0541990114094489E-003   1.1156926929624211E-004
   1.1143838854326889E-004   1.0529623414799153E-003   4.1194120650948794E-003   6.4828163717841050E-003   4.1194120650948612E-003   1.0529623414799183E-003   1.1143838854326802E-004
   1.1129950634688158E-004   1.0516500672752235E-003   4.1142781700080448E-003   6.4747370394439736E-003   4.1142781700080422E-003   1.0516500672752237E-003   1.1129950634688088E-004
   1.1115262270708050E-004   1.0502621887953634E-003   4.1088484949573720E-003   6.4661922311665416E-003   4.1088484949573789E-003   1.0502621887953667E-003   1.1115262270707985E-004
   1.1099773762386725E-004   1.0487987060403363E-003   4.1031230399428513E-003   6.4571819469518349E-003   4.1031230399428548E-003   1.0487987060403370E-003   1.1099773762386578E-004
   1.1083370803389500E-004   1.0472488183993997E-003   4.0970595506839439E-003   6.4476396902373558E-003   4.0970595506839309E-003   1.0472488183994001E-003   1.1083370803389418E-004
   1.1065939087382053E-004   1.0456017252618197E-003   4.0906157729000787E-003   6.4374989644606518E-003   4.0906157729000657E-003   1.0456017252618195E-003   1.1065939087381931E-004
   1.1047364308029806E-004   1.0438466260168596E-003   4.0837494523107212E-003   6.4266932730592209E-003   4.0837494523107004E-003   1.0438466260168620E-003   1.1047364308029690E-004
   1.1027417852663859E-004   1.0419619194430457E-003   4.0763760803547520E-003   6.4150896229081605E-003   4.0763760803547234E-003   1.0419619194430426E-003   1.1027417852663713E-004
   1.1006042568116955E-004   1.0399422052349951E-003   4.0684745298919210E-003   6.4026547657262877E-003   4.0684745298918802E-003   1.0399422052349949E-003   1.1006042568116915E-004
   1.0983066994887450E-004   1.0377712824766179E-003   4.0599814195013822E-003   6.3892889566697251E-003   4.0599814195013779E-003   1.0377712824766125E-003   1.0983066994887353E-004
   1.0958319673473600E-004   1.0354329502517909E-003   4.0508333677623017E-003   6.3748924508949534E-003   4.0508333677622878E-003   1.0354329502517867E-003   1.0958319673473467E-004
   1.0931743450708099E-004   1.0329218082551547E-003   4.0410092475344330E-003   6.3594320001206248E-003   4.0410092475344321E-003   1.0329218082551514E-003   1.0931743450708012E-004
   1.0903338326590936E-004   1.0302378564867000E-003   4.0305090588177552E-003   6.3429076043467758E-003   4.0305090588177630E-003   1.0302378564867045E-003   1.0903338326590888E-004
   1.0872989994787796E-004   1.0273702943357085E-003   4.0192905473317693E-003   6.3252527670109460E-003   4.0192905473317485E-003   1.0273702943357076E-003   1.0872989994787689E-004
   1.0840412689462321E-004   1.0242921202753140E-003   4.0072480773750202E-003   6.3063012467069199E-003   4.0072480773750262E-003   1.0242921202753090E-003   1.0840412689462270E-004
   1.0805377797945712E-004   1.0209817330840488E-003   3.9942971403864793E-003   6.2859200503097836E-003   3.9942971403864628E-003   1.0209817330840496E-003   1.0805377797945584E-004
   1.0767771013903353E-004   1.0174283321511780E-003   3.9803954820855332E-003   6.2640426812570994E-003   3.9803954820855376E-003   1.0174283321511784E-003   1.0767771013903280E-004
   1.0727592337335304E-004   1.0136319174766872E-003   3.9655431024722297E-003   6.2406691395488134E-003   3.9655431024722245E-003   1.0136319174766887E-003   1.0727592337335197E-004
   1.0684441696070846E-004   1.0095546869230139E-003   3.9495921115646360E-003   6.2155666872162965E-003   3.9495921115646308E-003   1.0095546869230121E-003   1.0684441696070757E-004
   1.0638090477441137E-004   1.0051750392686654E-003   3.9324580008016441E-003   6.1886023311346463E-003   3.9324580008016398E-003   1.0051750392686635E-003   1.0638090477441067E-004
   1.0588081456108243E-004   1.0004497720706915E-003   3.9139717530610402E-003   6.1595100850539153E-003   3.9139717530610350E-003   1.0004497720706919E-003   1.0588081456108155E-004
   1.0534071713068677E-004   9.9534648349688211E-004   3.8940066055011919E-003   6.1280904592867372E-003   3.8940066055011863E-003   9.9534648349688297E-004   1.0534071713068592E-004
   1.0475604022984608E-004   9.8982197110428455E-004   3.8723935409998730E-003   6.0940774675832272E-003   3.8723935409998782E-003   9.8982197110428108E-004   1.0475604022984502E-004
   1.0412221160518017E-004   9.8383303244994002E-004   3.8489635424349528E-003   6.0572051236934769E-003   3.8489635424349389E-003   9.8383303244993568E-004   1.0412221160517966E-004
   1.0343351593996700E-004   9.7732566448016081E-004   3.8235053384035960E-003   6.0171409448051636E-003   3.8235053384035847E-003   9.7732566448016449E-004   1.0343351593996639E-004
   1.0268423791748227E-004   9.7024586414125769E-004   3.7958076575031066E-003   5.9735524481059456E-003   3.7958076575031084E-003   9.7024586414126061E-004   1.0268423791748132E-004
   1.0186866222100077E-004   9.6253962837953796E-004   3.7656592283307148E-003   5.9261071507834212E-003   3.7656592283307200E-003   9.6253962837953763E-004   1.0186866222099991E-004
   1.0098335966049055E-004   9.5417455536278193E-004   3.7329332880447750E-003   5.8746055631502554E-003   3.7329332880447898E-003   9.5417455536278290E-004   1.0098335966048917E-004
   1.0002318645089842E-004   9.4510204234267881E-004   3.6974396923828198E-003   5.8187484506752691E-003   3.6974396923828302E-003   9.4510204234267772E-004   1.0002318645089753E-004
   9.8981855743828602E-005   9.3526268596016038E-004   3.6589460428018365E-003   5.7581700822649335E-003   3.6589460428018339E-003   9.3526268596015800E-004   9.8981855743827368E-005
   9.7854223754230220E-005   9.2460788346690882E-004   3.6172621950393111E-003   5.6925712233880663E-003   3.6172621950392920E-003   9.2460788346690112E-004   9.7854223754229733E-005
   9.6625430658621290E-005   9.1299722692331675E-004   3.5718388434481251E-003   5.6210874187325646E-003   3.5718388434481116E-003   9.1299722692331524E-004   9.6625430658620640E-005
   9.5282331228537057E-005   9.0030650930590563E-004   3.5221900638019244E-003   5.5429539578300512E-003   3.5221900638019252E-003   9.0030650930590650E-004   9.5282331228536393E-005
   9.3815209425547104E-005   8.8644392542340153E-004   3.4679566947160602E-003   5.4576056198995387E-003   3.4679566947160658E-003   8.8644392542340078E-004   9.3815209425546250E-005
   9.2212634616203898E-005   8.7130146916841527E-004   3.4087161933850415E-003   5.3643774393162752E-003   3.4087161933850363E-003   8.7130146916841126E-004   9.2212634616202786E-005
   9.0475749863852642E-005   8.5488994115169104E-004   3.3445108140893959E-003   5.2633359126427791E-003   3.3445108140894011E-003   8.5488994115168638E-004   9.0475749863851938E-005
   8.8614842738595233E-005   8.3730654686986028E-004   3.2757208453540743E-003   5.1550795089412545E-003   3.2757208453540790E-003   8.3730654686985995E-004   8.8614842738594677E-005
   8.6646487658931964E-005   8.1870789517864714E-004   3.2029589742470790E-003   5.0405724283675516E-003   3.2029589742470755E-003   8.1870789517864541E-004   8.6646487658931028E-005
   8.4580972194964039E-005   7.9919119157467874E-004   3.1266054892933061E-003   4.9204131399838589E-003   3.1266054892933248E-003   7.9919119157467982E-004   8.4580972194963212E-005
   8.2408580308261650E-005   7.7866463086669231E-004   3.0463012291081465E-003   4.7940364230092125E-003   3.0463012291081521E-003   7.7866463086668873E-004   8.2408580308260959E-005
   8.0117309833705071E-005   7.5701480664192738E-004   2.9616025237457931E-003   4.6607440635376444E-003   2.9616025237457788E-003   7.5701480664192456E-004   8.0117309833704719E-005
   7.7705446176277472E-005   7.3422551798428385E-004   2.8724459917853847E-003   4.5204363167255139E-003   2.8724459917853873E-003   7.3422551798427789E-004   7.7705446176276808E-005
   7.5174703930995263E-005   7.1031296580985944E-004   2.7788950146478168E-003   4.3732129274164514E-003   2.7788950146478038E-003   7.1031296580985684E-004   7.5174703930994599E-005
   7.2520510844479555E-005   6.8523394767570737E-004   2.6807805752108319E-003   4.2188079093605927E-003   2.6807805752108297E-003   6.8523394767570575E-004   7.2520510844479081E-005
   6.9733722409973128E-005   6.5890205869592654E-004   2.5777646392300710E-003   4.0566892900581837E-003   2.5777646392300697E-003   6.5890205869592318E-004   6.9733722409972749E-005
   6.6805194120716986E-005   6.3123089398460280E-004   2.4695091724610961E-003   3.8863250970094928E-003   2.4695091724611000E-003   6.3123089398460259E-004   6.6805194120716783E-005
   6.3729210659988164E-005   6.0216645048804922E-004   2.3558029035011907E-003   3.7073828474021319E-003   2.3558029035011920E-003   6.0216645048804716E-004   6.3729210659987785E-005
   6.0502914369423843E-005   5.7168172667941943E-004   2.2365401966489692E-003   3.5196962998299401E-003   2.2365401966489709E-003   5.7168172667941834E-004   6.0502914369423789E-005
   5.7128591375714856E-005   5.3979832378019219E-004   2.1118055604655273E-003   3.3233984474178475E-003   2.1118055604655217E-003   5.3979832378019100E-004   5.7128591375714172E-005
   5.3613100058928228E-005   5.0658104545479139E-004   1.9818525206341570E-003   3.1188882695406912E-003   1.9818525206341600E-003   5.0658104545478987E-004   5.3613100058927808E-005
   4.9971300242546503E-005   4.7217029964282016E-004   1.8472303828020345E-003   2.9070302215105739E-003   1.8472303828020345E-003   4.7217029964281772E-004   4.9971300242546231E-005
   4.6226624725137575E-005   4.3678749886440617E-004   1.7088053597204035E-003   2.6891874828581341E-003   1.7088053597204087E-003   4.3678749886440384E-004   4.6226624725136945E-005
   4.2409936217008547E-005   4.0072425960948499E-004   1.5677183169641319E-003   2.4671554607700753E-003   1.5677183169641304E-003   4.0072425960948379E-004   4.2409936217008290E-005
   3.8556669681847806E-005   3.6431540081093981E-004   1.4252791372302582E-003   2.2429955486829678E-003   1.4252791372302591E-003   3.6431540081094095E-004   3.8556669681847582E-005
   3.4703974678359496E-005   3.2791194231776528E-004   1.2828610846366650E-003   2.0188688848770896E-003   1.2828610846366642E-003   3.2791194231776577E-004   3.4703974678359089E-005
   3.0893001486954403E-005   2.9190270611653620E-004   1.1419853132831426E-003   1.7971693456013797E-003   1.1419853132831428E-003   2.9190270611653663E-004   3.0893001486954234E-005
   2.7166614983061221E-005   2.5669271510993583E-004   1.0042363586903150E-003   1.5803905519484675E-003   1.0042363586903154E-003   2.5669271510993420E-004   2.7166614983060987E-005
   2.3570537700469666E-005   2.2271399372749266E-004   8.7130439208018195E-004   1.3711923664171566E-003   8.7130439208018228E-004   2.2271399372749136E-004   2.3570537700469524E-005
   2.0151635236314909E-005   1.9040936700947107E-004   7.4492183895528974E-004   1.1723011480687313E-003   7.4492183895528800E-004   1.9040936700947186E-004   2.0151635236314678E-005
   1.6953343997697307E-005   1.6018925816392828E-004   6.2669436197654001E-004   9.8624376627705628E-004   6.2669436197653763E-004   1.6018925816392847E-004   1.6953343997697168E-005
   1.4015099670010906E-005   1.3242628826133082E-004   5.1807973382290019E-004   8.1531435244735660E-004   5.1807973382289889E-004   1.3242628826133079E-004   1.4015099670010786E-005
   1.1367764963564055E-005   1.0741207379161020E-004   4.2021882006922350E-004   6.6130831376632964E-004   4.2021882006922258E-004   1.0741207379161010E-004   1.1367764963563923E-005
   9.0330580819069307E-006   8.5351826358793435E-005   3.3391445204595556E-004   5.2548908492090719E-004   3.3391445204595545E-004   8.5351826358793517E-005   9.0330580819068596E-006
   7.0206950634700905E-006   6.6337351154154744E-005   2.5952579113777419E-004   4.0842188669208614E-004   2.5952579113777474E-004   6.6337351154154933E-005   7.0206950634700355E-006
   5.3329620349429744E-006   5.0390249399171302E-005   1.9713734590577796E-004   3.1023971220480861E-004   1.9713734590577769E-004   5.0390249399171274E-005   5.3329620349429244E-006
   3.9572852995332872E-006   3.7391714375721950E-005   1.4628431926391668E-004   2.3021109927189980E-004   1.4628431926391646E-004   3.7391714375721943E-005   3.9572852995332618E-006
   2.8668028686393562E-006   2.7087931731458910E-005   1.0597373561926724E-004   1.6677337867530967E-004   1.0597373561926710E-004   2.7087931731458978E-005   2.8668028686393439E-006
   2.0289374369357546E-006   1.9171084060342813E-005   7.5001347976155969E-005   1.1803139838463925E-004   7.5001347976155915E-005   1.9171084060342688E-005   2.0289374369357393E-006
   1.4025387240113598E-006   1.3252349375797472E-005   5.1846002234784967E-005   8.1591282150958927E-005   5.1846002234785000E-005   1.3252349375797455E-005   1.4025387240113526E-006
