  0.98825504579340251       0.97836012918552551       0.96891102954066255       0.94040653363940385       0.79497753656690617       0.90476787526228619       0.99996361141315204     
  0.99118202886255680       0.98272379567639434       0.97272932025024539       0.94440976997675230       0.79511907730426234       0.90096708466144371       0.99995978427072119     
  0.99333831543864981       0.98688267591243739       0.97605372653750433       0.94808910947381841       0.79255615601738916       0.89691302315757715       0.99995579115360511     
  0.99497954812868417       0.98933416143420039       0.97893616991506405       0.95144762240411784       0.77883202283169073       0.90033362332659395       0.99995159314216120     
  0.99615636244007333       0.99159678208924040       0.98160511651330218       0.95442855550168071       0.76634352651364590       0.89674307228640338       0.99994714334922064     
  0.99703108180654487       0.99305234527531849       0.98378212148748867       0.95632462873227020       0.74248057636762066       0.89188195754218902       0.99994238061152396     
  0.99775347346597065       0.99422273078934709       0.98566461052125631       0.95813140046290302       0.72200509759046771       0.88920668865997465       0.99994611610579864     
  0.99821893839657538       0.99516741623216964       0.98728715230185304       0.95925102845610255       0.69169565645908937       0.88740032494879606       0.99994136347330442     
  0.99857102899634331       0.99593373156546072       0.98861628037399696       0.96002462688420165       0.67273660002948998       0.88128141392753301       0.99993619562192049     
  0.99883940189612863       0.99655804021362826       0.98970882957869932       0.95826636140862120       0.65386299459555863       0.87520122541786893       0.99993052621648926     
  0.99904840532181804       0.99706890928202663       0.99017201064932381       0.95842721137281262       0.63481552983129208       0.86894571160869394       0.99992425939700924     
  0.99921132023344350       0.99745074757478913       0.98991988804640718       0.95624340670765107       0.61563222997116707       0.86012784429976719       0.99992977513318970     
  0.99933943127433189       0.99777247665287117       0.98954419069137123       0.95471998434729544       0.59618731610644626       0.84973448525252970       0.99992349029566685     
  0.99944126094380503       0.99801126195327805       0.98933983354728194       0.95288076587380510       0.57630230418939576       0.84043273064507817       0.99991650387369524     
  0.99951738340399432       0.99815524001167377       0.98889738054022625       0.95155795260779785       0.55737684431288748       0.83243195845867646       0.99990870920941011     
  0.99956820913805045       0.99813050040778306       0.98830170458968980       0.94867381266745610       0.53658091863635138       0.81776781646259689       0.99989998875562880     
  0.99958685855149898       0.99741534167969559       0.98668419487913617       0.94643729939644961       0.51545393326114575       0.80144131856576084       0.99990852075101555     
  0.99955696655193071       0.99708675629281240       0.98584109815141807       0.94436329558809873       0.49466922291713017       0.79783515107820036       0.99989990225822856     
  0.99948402910485246       0.99527995850165418       0.98494846422143534       0.94105491622167836       0.47436936707877153       0.78833548629780681       0.99989025680444277     
  0.99869894737799214       0.99372951744547744       0.98165224679993202       0.93774296890356068       0.45399978161353471       0.78771501754823392       0.99987943678364544     
  0.99839551016455852       0.99274430989059004       0.98066419266287452       0.92690775444531925       0.43444683141965074       0.77229268140594176       0.99989120836357959     
  0.99799370781663210       0.99187513714988640       0.97945250995840893       0.92268991545839807       0.41591194352848093       0.75409787202275591       0.99988062775225384     
  0.99751968806272828       0.99098668899736331       0.97756853472708227       0.91853094142414682       0.39853183395866437       0.73879932006617810       0.99986864994212477     
  0.99447953872629558       0.99006911207405923       0.97616937672247928       0.90212381396414520       0.38316466170041880       0.71909953456783049       0.99985492484520888     
  0.99373330873260801       0.98853589212787196       0.97329958563137819       0.89599083498641652       0.36836213885443519       0.69933158730220180       0.99987080199990364     
  0.99284728913695852       0.98760064858857111       0.97031705833945525       0.88894637221045081       0.35541753593492992       0.67930133810747273       0.99985677916389293     
  0.99209488830130599       0.98642831508338369       0.96909247350170069       0.88319752194523393       0.34293670344212634       0.67349795937306245       0.99983999384945221     
  0.99071134554916318       0.98236917894490816       0.96769342451732643       0.87750494991725736       0.33161898690977726       0.66522928479795806       0.99981968773177587     
  0.98995800975071868       0.98144619280372025       0.96548573164473839       0.87224778038655959       0.34023644096635042       0.64697916312972559       0.99984065632832031     
  0.98826721261426687       0.98028539092056066       0.96312826810162955       0.86698098944344049       0.33234622601351221       0.64741076957290222       0.99981906495396311     
  0.98698064636214078       0.97878295691439354       0.96108725005591333       0.86233502943573892       0.32779338490681165       0.65813828232373606       0.99979343857944214     
  0.98288960163032724       0.97583527243567092       0.95961763520506771       0.85777561397559765       0.33225353164187771       0.65841994490495537       0.99981926963312395     
  0.98114790813297681       0.97320099927724313       0.95723366753528660       0.85375777945610787       0.32671240139082081       0.65296417297728193       0.99979391360253422     
  0.97964944072492965       0.97225596634979106       0.95157864892065580       0.84981830584601825       0.32817600278789166       0.64229917851181972       0.99976571835067107     
  0.97707242157784502       0.97004707791211486       0.94830671279455214       0.84157289539550617       0.35599142672993417       0.63185389506844047       0.99973539376903164     
  0.97605439058649779       0.96749364838152430       0.94558667197318791       0.83855061011774013       0.35269115799226020       0.62263529210078072       0.99977411888989898     
  0.97265063334333079       0.96373569213031141       0.94271200136158118       0.83578709759547498       0.35041785777028639       0.61532976817371277       0.99974879642830050     
  0.96828370244091999       0.96211520284668950       0.93459693245559061       0.82874080647586146       0.36746762524181403       0.61528658701959615       0.99972385030977240     
  0.96386527710061176       0.95689064296282067       0.93072434682377725       0.82566761404317335       0.36738850106270660       0.61121847364081960       0.99977173527664864     
  0.96134477235952476       0.95467045742630807       0.92621247576957499       0.81525102138561301       0.36605506853943259       0.60925616631562451       0.99975452527226882     
  0.95954886888643187       0.95189163890828576       0.91127386561891388       0.81305236607660214       0.37520118706222055       0.60952432455125971       0.99973976013293853     
  0.95212766427078199       0.93594163758051885       0.90637130640122376       0.81362679963585582       0.38522677615691325       0.62855943424813021       0.99979468127001014     
  0.94358787504681074       0.92589605704905176       0.90751254671281711       0.80928352962175421       0.43717420640233334       0.63397139501661137       0.99978858619024069     
  0.94795017409824422       0.92933553324232510       0.89807550852276319       0.82815032328934146       0.45020044192219938       0.64193457675543408       0.99978635045609610     
  0.92994648586728834       0.91326006159771678       0.91713538989609522       0.82431252699179236       0.48638212900167677       0.62846709348404350       0.99984268517436403     
  0.95593374741353920       0.93964490661346090       0.93680761101635368       0.85004175829578754       0.50838470216460907       0.72581181245263393       0.99984644190651439     
  0.96902187496150716       0.95772708193195133       0.95279737428985056       0.87452996449681875       0.53227000311554273       0.73100365729957173       0.99985302386776698     
  0.97834240663578198       0.96999828258676435       0.96514717743253742       0.89672917142096720       0.55788996211762665       0.73767474665634547       0.99990155194081509     
  0.98619463287725706       0.97920790438590521       0.97464880956305211       0.91643112378986835       0.58511225375828968       0.74583988829640779       0.99991064478508374     
  0.99161922708869843       0.98626094694802668       0.98203836578389181       0.93356447742769477       0.61381832200700714       0.75549699816984595       0.99992117743069886     
  0.99532496385300218       0.99144431586956994       0.98773716745190665       0.94814743405907342       0.64389236907571246       0.76662937962372857       0.99995449200939812     
  0.99765683359066237       0.99503713859201903       0.99199921082060627       0.96031073713694559       0.67518537585984484       0.77919929073833982       0.99996319763714536     
  0.99895133472797681       0.99736403919714156       0.99473852590208200       0.97026809608278475       0.70746598676646122       0.79311513034142833       0.99998196573841347     
  0.99955586174544697       0.99872355259216850       0.99689848572221706       0.97826760105148558       0.74039728498618695       0.86721083136452259       0.99998722989086608     
  0.99982421266384858       0.99942718340021619       0.99762944768222561       0.98455813580444174       0.77353582073434646       0.87904320079981524       0.99999163608283126     
  0.99993906819194167       0.99976252849153113       0.99856169274450968       0.98937522329550720       0.86041871645148182       0.89117174111318420       0.99999718959732997     
  0.99998267331953106       0.99990768784040174       0.99926384160815018       0.99294150377924417       0.89434105670771025       0.90335288117502144       0.99999858483799875     
  0.99999570185490994       0.99996565123316117       0.99961528401992228       0.99547162591430538       0.91612249965793291       0.91531722508622904       0.99999936819729196     
  0.99999860995235612       0.99998603222594917       0.99981827377478316       0.99717682937341912       0.93530371371417664       0.92678615044068946       0.99999987901447274     
  0.99999922748568582       0.99999258839905469       0.99990556250196505       0.99826204700295318       0.95159819315756622       0.93749317584194214       0.99999996205382014     
  0.99999947449342230       0.99999508897174627       0.99994191867748017       0.99891496445088268       0.96488910124767036       0.94721276215842409       0.99999999055833733     
  0.99999964445693801       0.99999653493241014       0.99995999403793689       0.99929315914403793       0.97525214600043053       0.96673108389555218       0.99999999931111649     
  0.99999977233057169       0.99999759904615104       0.99997005708929865       0.99951726814914321       0.98294636181307538       0.97161857604140545       0.99999999992867572     
  0.99999986582477529       0.99999841451102767       0.99997843949083265       0.99966149060010645       0.98838039367928410       0.97595594763560134       0.99999999999559308     
  0.99999992964380580       0.99999902809332042       0.99998529091172861       0.99976364795898154       0.99205055651797902       0.97989387335572120       0.99999999999996658     
  0.99999996856945739       0.99999946523640981       0.99999044779421664       0.99983955570488459       0.99446301707566787       0.98358958670637331       0.99999999999999845     
  0.99999998869792273       0.99999974776499068       0.99999425065014769       0.99989531722061087       0.99608532625188839       0.98718269951978344        1.0000000000000016     
  0.99999999692210573       0.99999990354648349       0.99999690939883801       0.99993487921154500       0.99726689962746395       0.99075811902510935        1.0000000000000000     
  0.99999999940900774       0.99999997194102297       0.99999859132877389       0.99996199398339036       0.99818570032406562       0.99391685605298996       0.99999999999999989     
  0.99999999992566690       0.99999999421509811       0.99999948975613173       0.99997990538245252       0.99888413395729791       0.99639431743051343        1.0000000000000000     
  0.99999999999432354       0.99999999921648486       0.99999986336291102       0.99999089656313145       0.99936879980327709       0.99806138552413681       0.99999999999999944     
  0.99999999999975620       0.99999999993596178       0.99999997506646254       0.99999670754489933       0.99966938274156847       0.99903750332015084        1.0000000000000036     
  0.99999999999999512       0.99999999999712552       0.99999999716271626       0.99999910673421311       0.99983848403652875       0.99957040281922327        1.0000000000000024     
   1.0000000000000000       0.99999999999993661       0.99999999981967269       0.99999982495468798       0.99992572370834609       0.99983108004542609       0.99999999999999956     
  0.99999999999999922       0.99999999999999922       0.99999999999449396       0.99999997508515204       0.99997282811222277       0.99996592246604932       0.99999999999999833     
   1.0000000000000002        1.0000000000000002       0.99999999999993672       0.99999999819089136       0.99999415061115282       0.99999676438253116       0.99999999999999922     
  0.99999999999999933       0.99999999999999989       0.99999999999999989       0.99999999992926103       0.99999809459091638       0.99999955670182783       0.99999999999999989     
  0.99999999999999956        1.0000000000000004       0.99999999999999867       0.99999999999970013       0.99999990174822384       0.99999999684635721        1.0000000000000004     
  0.99999999999999944       0.99999999999999933       0.99999999999999978       0.99999999999999800       0.99999999997791067       0.99999999999863998       0.99999999999999867     
  0.99999999999999911       0.99999999999999933        1.0000000000000004       0.99999999999999989       0.99999999999999944        1.0000000000000004       0.99999999999999745     
   1.0000000000000000        1.0000000000000000       0.99999999999999978        1.0000000000000002        1.0000000000000004       0.99999999999999978        1.0000000000000002     
