  0.58450205288115575       0.59381094768178977       0.60343599390502223       0.59929929046025121       0.55879453200234119       0.51231372296525490       0.51612344974333180     
  0.57761130034079278       0.58619100502796284       0.59605592426179499       0.59636196750590087       0.56574863513256579       0.53302714086211156       0.55260609160069984     
  0.57205483983292160       0.57982991054999244       0.58950570505569810       0.59292707950736945       0.57156714243677653       0.55239325148341756       0.58861639926580900     
  0.56756831728044244       0.57447694057323895       0.58376723531343733       0.58950662394260300       0.57681984826131627       0.57079847778087178       0.62380685525154012     
  0.56395681144261423       0.56998065223146355       0.57877676502869801       0.58628767146112137       0.58174577752120438       0.58800219691785882       0.65761950255999146     
  0.56107509023133384       0.56623757661975460       0.57446765892015272       0.58335220740422156       0.58643757588356549       0.60385876536109218       0.69020200295584055     
  0.55881166111193037       0.56316550890332218       0.57077488802453491       0.58073313883723354       0.59089559872324993       0.61851075492050078       0.72178339468432529     
  0.55708867108269433       0.56069030859099045       0.56764100382835425       0.57844486572804998       0.59508680863431362       0.63190374638304614       0.75229051721217177     
  0.55582334261708144       0.55873745989118739       0.56500251029579751       0.57647559514871738       0.59900274725038694       0.64446752248616390       0.78141188946976925     
  0.55492183217390578       0.55723461326504609       0.56278153942586340       0.57481353860003481       0.60259763907172037       0.65649662829072930       0.80882462696883728     
  0.55430034470061018       0.55610645751097498       0.56095099616793020       0.57344343287729072       0.60579248246237083       0.66817581466089915       0.83425033885630118     
  0.55388307889809174       0.55527679276693787       0.55948729555747279       0.57233684818956077       0.60862702714746242       0.67959920401553608       0.85748171198819623     
  0.55360830666066141       0.55467733940776232       0.55833681740878538       0.57147165875547146       0.61114834383776173       0.69082693375356408       0.87841031446870510     
  0.55342794000762530       0.55424924275350484       0.55744232667478821       0.57082192341997062       0.61335409804745700       0.70188599991729772       0.89701026521966543     
  0.55331437123487248       0.55395344516362255       0.55675966313739744       0.57034870414900407       0.61530676389373096       0.71279646991561940       0.91333996923618332     
  0.55324541251920811       0.55375707669861329       0.55624832315514572       0.57002824356641046       0.61706620652039101       0.72357163134951863       0.92752095171540261     
  0.55321191588849161       0.55363177915945405       0.55586295554512499       0.56985600618655485       0.61868929559860675       0.73421144735932375       0.93971661233277326     
  0.55320418008890848       0.55355878894041821       0.55558334645908281       0.56980956416334239       0.62023137585972843       0.74471359724528363       0.95011583690299151     
  0.55321543602436563       0.55352763333734523       0.55541129374312215       0.56984325070544661       0.62174795861645893       0.75507387980735707       0.95891772157228472     
  0.55323854850098830       0.55352212537099932       0.55533176228036851       0.56994105130203065       0.62326258323274508       0.76528245708942355       0.96631841873132085     
  0.55327251321336834       0.55353519079430469       0.55533077035210598       0.57014514399766469       0.62480487411269969       0.77533098695577396       0.97250527379048501     
  0.55330978170256706       0.55357219777015443       0.55538864793668941       0.57044682884059317       0.62640466496886271       0.78521400039053213       0.97765072907149519     
  0.55334436780636542       0.55362011701135050       0.55548708114522749       0.57083714151323639       0.62808273260720415       0.79492285739330415       0.98190931117510827     
  0.55338002378854134       0.55367523732101165       0.55562166525759860       0.57131294691112755       0.62985946395048886       0.80445301333729480       0.98541821255957596     
  0.55341737314338069       0.55373698521875958       0.55579954822361732       0.57187790828408758       0.63175508354283072       0.81380202598628226       0.98829715654097250     
  0.55346053982943544       0.55380528087196501       0.55602182258055399       0.57252988291292517       0.63377890559648775       0.82296378213408417       0.99064901837708319     
  0.55349581837324180       0.55387108076504554       0.55627897873148169       0.57325912941454749       0.63593556958847675       0.83192724487657788       0.99256152458197899     
  0.55352155413237047       0.55393291713707371       0.55655855324696846       0.57406210506661237       0.63822562455789833       0.84068449367751241       0.99410974518273021     
  0.55353212163120757       0.55398814604298485       0.55686108580076843       0.57494207274957010       0.64064682499405889       0.84923103575656189       0.99535753112131220     
  0.55352070121496899       0.55403397823861167       0.55717671944243274       0.57590284994892382       0.64321056543549882       0.85756667697754385       0.99635878499731789     
  0.55347833419112569       0.55405955210619096       0.55749011237498247       0.57693824756508794       0.64592126084130708       0.86567963749261545       0.99715812668079251     
  0.55340113043810601       0.55404146884869465       0.55779103588516965       0.57804052592467270       0.64877291662874359       0.87356391946183010       0.99779315202114538     
  0.55326648114947552       0.55399276831386346       0.55805631285492574       0.57919142094622622       0.65175800627461877       0.88120812462422848       0.99829495274087221     
  0.55305427629477266       0.55389999292304481       0.55826320274205699       0.58037314254511985       0.65487318085870261       0.88860460339848002       0.99868941305034498     
  0.55273712462802971       0.55373321842701118       0.55837473301798246       0.58156379788033485       0.65809460767642203       0.89574419397488980       0.99899780203757416     
  0.55228715364058134       0.55345195886554022       0.55833971260616622       0.58274107203109804       0.66139840478919720       0.90261737400312259       0.99923757968340510     
  0.55167366247424743       0.55295475803961858       0.55810943650789102       0.58387481300184119       0.66479009515689058       0.90921012630234821       0.99942295236854573     
  0.55085654790750493       0.55203534711340330       0.55768779899422916       0.58492420192767380       0.66819907689409885       0.91550593818945625       0.99956545329087043     
  0.54974598928474872       0.55048988960277234       0.55687242904646772       0.58584707644033240       0.67163155602379732       0.92147864407043223       0.99967437672047554     
  0.54773169859614934       0.54813189380580907       0.55556290230636463       0.58659022112001336       0.67504678021032638       0.92710204150212194       0.99975719005795882     
  0.54374630215830988       0.54495511681152564       0.55346595837508938       0.58708241144097417       0.67836981176655220       0.93234328307051262       0.99981979972932788     
  0.53822617166387721       0.54061624176291967       0.55116171953908100       0.58726781369559844       0.68182116403325155       0.93717342242649815       0.99986686368328315     
  0.53108430424106823       0.53506635019455173       0.54754734760724766       0.58697385342332908       0.68503344449481318       0.94157182452570831       0.99990204097699886     
  0.52229266459323487       0.52818228810165579       0.54288541340404972       0.58623997740824652       0.68787693083801849       0.94550011730455108       0.99992814899505167     
   1.0000000000000000        1.0000000000000000        1.0000000000000000        1.0000000000000000        1.0000000000000000        1.0000000000000000        1.0000000000000000     
   1.0000000000000000        1.0000000000000000        1.0000000000000000        1.0000000000000000        1.0000000000000000        1.0000000000000000        1.0000000000000000     
   1.0000000000000000        1.0000000000000000        1.0000000000000000        1.0000000000000000        1.0000000000000000        1.0000000000000000        1.0000000000000000     
   1.0000000000000000        1.0000000000000000        1.0000000000000000        1.0000000000000000        1.0000000000000000        1.0000000000000000        1.0000000000000000     
   1.0000000000000000        1.0000000000000000        1.0000000000000000        1.0000000000000000        1.0000000000000000        1.0000000000000000        1.0000000000000000     
   1.0000000000000000        1.0000000000000000        1.0000000000000000        1.0000000000000000        1.0000000000000000        1.0000000000000000        1.0000000000000000     
   1.0000000000000000        1.0000000000000000        1.0000000000000000        1.0000000000000000        1.0000000000000000        1.0000000000000000        1.0000000000000000     
   1.0000000000000000        1.0000000000000000        1.0000000000000000        1.0000000000000000        1.0000000000000000        1.0000000000000000        1.0000000000000000     
   1.0000000000000000        1.0000000000000000        1.0000000000000000        1.0000000000000000        1.0000000000000000        1.0000000000000000        1.0000000000000000     
   1.0000000000000000        1.0000000000000000        1.0000000000000000        1.0000000000000000        1.0000000000000000        1.0000000000000000        1.0000000000000000     
   1.0000000000000000        1.0000000000000000        1.0000000000000000        1.0000000000000000        1.0000000000000000        1.0000000000000000        1.0000000000000000     
   1.0000000000000000        1.0000000000000000        1.0000000000000000        1.0000000000000000        1.0000000000000000        1.0000000000000000        1.0000000000000000     
   1.0000000000000000        1.0000000000000000        1.0000000000000000        1.0000000000000000        1.0000000000000000        1.0000000000000000        1.0000000000000000     
   1.0000000000000000        1.0000000000000000        1.0000000000000000        1.0000000000000000        1.0000000000000000        1.0000000000000000        1.0000000000000000     
   1.0000000000000000        1.0000000000000000        1.0000000000000000        1.0000000000000000        1.0000000000000000        1.0000000000000000        1.0000000000000000     
   1.0000000000000000        1.0000000000000000        1.0000000000000000        1.0000000000000000        1.0000000000000000        1.0000000000000000        1.0000000000000000     
   1.0000000000000000        1.0000000000000000        1.0000000000000000        1.0000000000000000        1.0000000000000000        1.0000000000000000        1.0000000000000000     
   1.0000000000000000        1.0000000000000000        1.0000000000000000        1.0000000000000000        1.0000000000000000        1.0000000000000000        1.0000000000000000     
   1.0000000000000000        1.0000000000000000        1.0000000000000000        1.0000000000000000        1.0000000000000000        1.0000000000000000        1.0000000000000000     
   1.0000000000000000        1.0000000000000000        1.0000000000000000        1.0000000000000000        1.0000000000000000        1.0000000000000000        1.0000000000000000     
   1.0000000000000000        1.0000000000000000        1.0000000000000000        1.0000000000000000        1.0000000000000000        1.0000000000000000        1.0000000000000000     
   1.0000000000000000        1.0000000000000000        1.0000000000000000        1.0000000000000000        1.0000000000000000        1.0000000000000000        1.0000000000000000     
   1.0000000000000000        1.0000000000000000        1.0000000000000000        1.0000000000000000        1.0000000000000000        1.0000000000000000        1.0000000000000000     
   1.0000000000000000        1.0000000000000000        1.0000000000000000        1.0000000000000000        1.0000000000000000        1.0000000000000000        1.0000000000000000     
   1.0000000000000000        1.0000000000000000        1.0000000000000000        1.0000000000000000        1.0000000000000000        1.0000000000000000        1.0000000000000000     
   1.0000000000000000        1.0000000000000000        1.0000000000000000        1.0000000000000000        1.0000000000000000        1.0000000000000000        1.0000000000000000     
   1.0000000000000000        1.0000000000000000        1.0000000000000000        1.0000000000000000        1.0000000000000000        1.0000000000000000        1.0000000000000000     
   1.0000000000000000        1.0000000000000000        1.0000000000000000        1.0000000000000000        1.0000000000000000        1.0000000000000000        1.0000000000000000     
   1.0000000000000000        1.0000000000000000        1.0000000000000000        1.0000000000000000        1.0000000000000000        1.0000000000000000        1.0000000000000000     
   1.0000000000000000        1.0000000000000000        1.0000000000000000        1.0000000000000000        1.0000000000000000        1.0000000000000000        1.0000000000000000     
   1.0000000000000000        1.0000000000000000        1.0000000000000000        1.0000000000000000        1.0000000000000000        1.0000000000000000        1.0000000000000000     
   1.0000000000000000        1.0000000000000000        1.0000000000000000        1.0000000000000000        1.0000000000000000        1.0000000000000000        1.0000000000000000     
   1.0000000000000000        1.0000000000000000        1.0000000000000000        1.0000000000000000        1.0000000000000000        1.0000000000000000        1.0000000000000000     
   1.0000000000000000        1.0000000000000000        1.0000000000000000        1.0000000000000000        1.0000000000000000        1.0000000000000000        1.0000000000000000     
   1.0000000000000000        1.0000000000000000        1.0000000000000000        1.0000000000000000        1.0000000000000000        1.0000000000000000        1.0000000000000000     
   1.0000000000000000        1.0000000000000000        1.0000000000000000        1.0000000000000000        1.0000000000000000        1.0000000000000000        1.0000000000000000     
   1.0000000000000000        1.0000000000000000        1.0000000000000000        1.0000000000000000        1.0000000000000000        1.0000000000000000        1.0000000000000000     
