   1.6470780515475754        1.6069088072663085        1.5586120954784004        1.6565816774537234        1.9662471348012833        4.0670874715552312        18.149685983871933     
   1.6576587432971079        1.6242153253050406        1.5848123652617201        1.6907919621446370        1.9832972383697893        4.0341225877867348        18.249341772814887     
   1.6640147932535894        1.6366525723244596        1.6060389172059717        1.7201813515966611        1.9829055069650807        3.9043628139529889        18.059475648226407     
   1.6670432409510796        1.6451285052003508        1.6229890801893518        1.7453925175518110        1.9681454478063241        3.6987035211402173        17.672502569529239     
   1.6674280571143139        1.6503597512129331        1.6362492955130437        1.7667346281405465        1.9396300639413624        3.4287379439515422        17.171512400183975     
   1.6656910290761555        1.6529147537465725        1.6463009235366100        1.7843660879814498        1.8978795490700571        3.1066477921504143        16.649207613538579     
   1.6622028864694218        1.6532122131274130        1.6535179366671726        1.7984016079148166        1.8432211062343460        2.7553141200438009        16.185519081337020     
   1.6572335197988048        1.6515636103654401        1.6581800396665278        1.8089404176071291        1.7765882244335114        2.4076168903589230        15.799753185230097     
   1.6509746298160624        1.6481979261882762        1.6605000300337802        1.8161031704822854        1.7000596559425714        2.0850426556378370        15.450223216349965     
   1.6435562911173980        1.6432795585208599        1.6606471214329870        1.8200164448145881        1.6159450275176592        1.7988466256628799        15.121481130760102     
   1.6350615822716166        1.6369258743062718        1.6587539757757908        1.8207930256164420        1.5266100015380355        1.5491740970394148        14.799472556171114     
   1.6255338323418551        1.6292189998510387        1.6549339828917500        1.8184865492363937        1.4339653123484897        1.3310687672945871        14.478885269544014     
   1.6149884673129404        1.6202126024160857        1.6492861004102288        1.8131778559258611        1.3394323440876335        1.1391589605818238        14.158336070148570     
   1.6034290404959137        1.6099407331937019        1.6418983102507889        1.8049289128341122        1.2441077298133061       0.96896564856049716        13.837923813523814     
   1.5908411845321828        1.5984172936237959        1.6328544704279619        1.7938057797697970        1.1489299638835420       0.81696535673682946        13.518285865362536     
   1.5771931856005759        1.5856400636082137        1.6222334073578442        1.7798604870905002        1.0546268231022076       0.68040194473733395        13.200228964738255     
   1.5624398117206224        1.5715971252615086        1.6100840137295824        1.7631574203085960       0.96195260918258518       0.55709381998692709        12.884551797563512     
   1.5465253423674536        1.5562726667313491        1.5964397616044199        1.7438092450623659       0.87180056319132126       0.44537928601155952        12.571971707236786     
   1.5293892818094785        1.5396367610085475        1.5813131218105814        1.7219570867743130       0.78501204813167125       0.34393823163772802        12.263095596070794     
   1.5109616586010328        1.5216471446551436        1.5646938178571763        1.6977545579135309       0.70246942091065401       0.25175813424584831        11.958418814583714     
   1.4911590759163325        1.5022446653907606        1.5465501627988500        1.6713520503865216       0.62500072169957455       0.16806550579033108        11.658327738135576     
   1.4698863419023349        1.4813539843297916        1.5268330071826091        1.6428948599942927       0.55330088643709463        9.2239076450619517E-002   11.363122682483070     
   1.4470358219719366        1.4588789790007353        1.5054708161350303        1.6125474261678099       0.48801828892270099        2.3808237154121437E-002   11.073036659847887     
   1.4224962098334928        1.4347089924220875        1.4823787693984782        1.5804473906469345       0.42970395469204964       -3.7619053788698766E-002   10.788242166070994     
   1.3961347265853234        1.4087320632486475        1.4574367086774871        1.5467962540826579       0.37882144929927264       -9.2365618593561613E-002   10.508871743813339     
   1.3678061560902213        1.3808147907581276        1.4304941299173906        1.5117435527543590       0.33575441746457735      -0.14070433416662567        10.235032876599234     
   1.3373502211853523        1.3507957361968916        1.4014026938506663        1.4753662299137209       0.30075429772603718      -0.18288168157701307        9.9668073420559349     
   1.3045884108814156        1.3184987112990145        1.3700054238489856        1.4377424792772240       0.27397948346376438      -0.21910717526206741        9.7042562085220130     
   1.2693130356923528        1.2837373193529544        1.3361053331324306        1.3989111749517711       0.25549622589483884      -0.24957637146603462        9.4474219474413612     
   1.2312761691747602        1.2463002712368878        1.2994850599958576        1.3588692500777655       0.24531156384477421      -0.27447080173736343        9.1963430742293681     
   1.1901990425567053        1.2059476250159962        1.2599091129395450        1.3175992227672706       0.24352871119860869      -0.29396773265431902        8.9510666996334649     
   1.1457766229740360        1.1624057706613387        1.2170744777159570        1.2750137590249375       0.25020529062334046      -0.30824319501461339        8.7116293338542050     
   1.0976515446224711        1.1153562784199802        1.1706343871265190        1.2309756404433816       0.26525513259168093      -0.31748884475500877        8.4780728799786989     
   1.0454282151272190        1.0644145528917692        1.1201959580003886        1.1852874457176903       0.28833514704093988      -0.32190267957735441        8.2504305232958277     
  0.98864686373459632        1.0091207384568808        1.0652936137369076        1.1376716758999910       0.31905224772657709      -0.32169807365116515        8.0287398270873727     
  0.92677578698028196       0.94891719464162494        1.0053708576969611        1.0877326040890147       0.35624175018298904      -0.31711179960833996        7.8130399480934187     
  0.85919719056732258       0.88313343351157025       0.93979672283046689        1.0348478407155119       0.39893716265150836      -0.30837671302544772        7.6033784601795675     
  0.78519265835221730       0.81092240410562255       0.86772277064908321       0.97813712368679429       0.44645195236335433      -0.29574375873995146        7.3998021891403223     
  0.70386271557783964       0.73126440526963632       0.78840315354262347       0.91660154312889175       0.49796710667732047      -0.27943430081257803        7.2023619682280673     
  0.61415260198535826       0.64281382745744386       0.70078689303274622       0.84892121433152790       0.55367655456368781      -0.25968710053808008        7.0111195874158669     
  0.51470596956169334       0.54364196885315608       0.60315823188590589       0.77339830397201359       0.61373258853442147      -0.23664280175381366        6.8261662599862136     
  0.40320181480799355       0.43187904993456155       0.49376563750719710       0.68935875373335986       0.67720624778227523      -0.21069311965429174        6.6476261163388557     
  0.27660535373277301       0.30475222331681828       0.37072637154105986       0.59484098544110409       0.74343948201516930      -0.18229136825266976        6.4756434406755874     
  0.13128538792015210       0.15952212847948932       0.23108683185826867       0.48672272509914566       0.81121626956019210      -0.15192456210142360        6.3104057687430286     
  -3.6088072321913890E-002  -7.1573470196192764E-003   7.0592831298813094E-002  0.36031959319636075       0.88329690999109878      -0.11969184652793846        6.1521499897877483     
  -1.5462326743889150E-002   1.0311445611146110E-002   8.5821515540003029E-002  0.38313573520640981        1.0181134643023926       -7.6804145902913554E-002   6.0012585635528399     
  -5.0981421984539112E-003   1.8317409224496109E-002   9.0814613937871894E-002  0.39477084735274742        1.1427463488006839       -3.0083586377656568E-002   5.8551859093585268     
   9.4419596115410411E-004   2.0931805196885214E-002   8.8503815634481453E-002  0.39506675704725264        1.2559127515709541        2.0565766989950260E-002   5.7137181205951029     
   4.2426843939487426E-003   2.0709286751714791E-002   8.1452228056372811E-002  0.38467777453683250        1.3568046213042069        7.5275833692837552E-002   5.5766381754536818     
   5.3016438702298916E-003   1.8819832344704961E-002   7.1815612265940992E-002  0.36497473158344912        1.4423446799042672       0.13424690921863722        5.4437847041831899     
   5.0233064452906090E-003   1.5926083592773824E-002   6.1117442313775562E-002  0.33771496477379598        1.5098904601429268       0.19777349038657621        5.3151096314656145     
   4.0621588205137704E-003   1.2555918922965377E-002   5.0298113315414346E-002  0.30487306341579828        1.5581044844944301       0.26648328049409808        5.1906737452876364     
   2.9368380731160989E-003   9.2570922367113204E-003   3.9921513972889552E-002  0.26846928783402046        1.5857925188506303       0.34115142448220276        5.0705216329844509     
   1.9603635150038782E-003   6.4222489967117411E-003   3.0425470255852686E-002  0.23046334752262732        1.5920490319890470       0.42239387644075416        4.9546980657824466     
   1.2444996196668467E-003   4.2262947746692881E-003   2.2190687111455103E-002  0.19267283284219072        1.5768753122145820       0.51106399760097532        4.8433445217843429     
   7.5951538903765669E-004   2.6655042234973985E-003   1.5461588974227936E-002  0.15666691594295873        1.5408593456784365       0.60827399112410285        4.7367269117507158     
   4.5241169554941689E-004   1.6192162813005759E-003   1.0291144454386685E-002  0.12363877815423766        1.4819114907112985       0.71543857902658303        4.6350990635416132     
   2.7684150284276211E-004   9.5832717890334226E-004   6.5476562975282830E-003   9.4469937270301285E-002   1.3991537110246361       0.83424759310357599        4.5385948707487866     
   1.8949942833535087E-004   5.7169596606215095E-004   3.9964494826719371E-003   6.9627906620268548E-002   1.2942517773814775       0.96670087728636045        4.4472673381657923     
   1.5281494565910010E-004   3.6827303583493437E-004   2.3595095753978024E-003   4.9149468489800015E-002   1.1701377444576981        1.1152771225366214        4.3611252603550295     
   1.4009560953455742E-004   2.7518908885246370E-004   1.3783754491811103E-003   3.3104757052503903E-002   1.0310637161101037        1.2809705976215413        4.2801288663616095     
   1.3660279254188587E-004   2.3944764805952618E-004   8.3720929996574929E-004   2.1171831126066448E-002  0.88249607135357533        1.4653532417363893        4.2041878034117044     
   1.3593178770742603E-004   2.2844479240515379E-004   5.6906352692882682E-004   1.2854275466314360E-002  0.73067583442964734        1.6692417409549960        4.1331255384528429     
   1.3590015725459205E-004   2.2605234182632245E-004   4.5273368694233936E-004   7.5649264029306763E-003  0.58223428756613116        1.8903373152218630        4.0666965719499153     
   1.3594282414715496E-004   2.2586289809019101E-004   4.0914256175344702E-004   4.3904607576528611E-003  0.44395953448576259        2.1226751255902836        4.0045996122264009     
   1.3596212989718749E-004   2.2594263402851570E-004   3.9437971417041274E-004   2.6268321380508424E-003  0.32218038955213113        2.3570105691663317        3.9465007593818480     
   1.3595968953098106E-004   2.2590890259191330E-004   3.8864773670585913E-004   1.7112192891913648E-003  0.22150027565124566        2.5793490373093513        3.8920359631833290     
   1.3594844659527909E-004   2.2577302217081040E-004   3.8498037711832332E-004   1.2536125846655754E-003  0.14334488535353399        2.7704739906748439        3.8407869349625692     
   1.3593728302467212E-004   2.2560861354496125E-004   3.8174321652874012E-004   1.0176455384488545E-003   8.7164422484120693E-002   2.8983248097022321        3.7922746373999119     
   1.3592960518958382E-004   2.2547043229005520E-004   3.7887601101519526E-004   8.7992092170927625E-004   5.0042739134711973E-002   2.9307103582575555        3.7457938779682656     
   1.3592537599078396E-004   2.2537873725808665E-004   3.7660749453431155E-004   7.8746815716626865E-004   2.7993248065355011E-002   2.8394105549064887        3.7005135732809489     
   1.3592339791620897E-004   2.2532836305724156E-004   3.7505492786827775E-004   7.2175443057622562E-004   1.5776672718609198E-002   2.6033654062730776        3.6552226540002386     
   1.3592256630790030E-004   2.2530509575113030E-004   3.7414702957999012E-004   6.7645205418288476E-004   9.3125277753794075E-003   2.2268514992672639        3.6084079840431662     
   1.3592217743529724E-004   2.2529606536315344E-004   3.7369478791675651E-004   6.4773003826217501E-004   5.8073471783525992E-003   1.7584019259869370        3.5586105469502329     
   1.3592186322909761E-004   2.2529302774964413E-004   3.7350582974481739E-004   6.3156536895637170E-004   3.7501846261215363E-003   1.2717268838270688        3.5050391467457147     
   1.3592144009693760E-004   2.2529176864121659E-004   3.7344193820499624E-004   6.2366238199540176E-004   2.4795837953303975E-003  0.83609924684856207        3.4493244220974666     
   1.3592076464263161E-004   2.2529056400377357E-004   3.7342440634413810E-004   6.2038510363097510E-004   1.7208670646351892E-003  0.49763847694350372        3.3991560115903736     
   1.3591960503146750E-004   2.2528863353102736E-004   3.7341850082893917E-004   6.1927972155230795E-004   1.3159121473276577E-003  0.27061653228373883        3.3762291879552753     
   1.3591742660549040E-004   2.2528502299659078E-004   3.7341221003670628E-004   6.1898912834300519E-004   1.1304541789989250E-003  0.13919553008838520        3.4140887241714468     
   1.3591262252498444E-004   2.2527706274538099E-004   3.7339900290488278E-004   6.1891706701601424E-004   1.0585117108553221E-003   7.1005346454107790E-002   3.5445952840093131     
   1.3589715193714107E-004   2.2525142978232170E-004   3.7335655424903575E-004   6.1884061120739790E-004   1.0344453545626483E-003   3.5710198200534685E-002   3.4551212591995886     
