   1.9612562785781515     
   1.9844663519996606     
   1.9922296086328382     
   1.9876577902601817     
   1.9724659684254169     
   1.9483530383531837     
   1.9174957486139690     
   1.8824026454000571     
   1.8447430997320400     
   1.8057692407888646     
   1.7660524571680332     
   1.7257667288253615     
   1.6849727522134772     
   1.6437064593986030     
   1.6020273046741618     
   1.5599846681180920     
   1.5176665455695253     
   1.4752403978474282     
   1.4328863689561275     
   1.3908112015470462     
   1.3492150367507953     
   1.3082674621117232     
   1.2681361854687601     
   1.2289555314260407     
   1.1908582291342671     
   1.1539321249266776     
   1.1182056781991083     
   1.0836843746538811     
   1.0503267412505273     
   1.0180551700127092     
  0.98680377652974993     
  0.95645054532033680     
  0.92680514335983954     
  0.89757634900402428     
  0.86840686379950982     
  0.83867810819485700     
  0.80770797907804737     
  0.77471874025757259     
  0.73887033024449500     
  0.69934951216425878     
  0.65499694804999031     
  0.60475472175122158     
  0.54704502984959547     
  0.47945159860053210     
  0.39959945569300703     
  0.44740159147983982     
  0.48563596508904017     
  0.51493557926250955     
  0.53614804236728097     
  0.54965878763645304     
  0.55593031997136044     
  0.55569350880906443     
  0.54964957067794096     
  0.53849524148110528     
  0.52307904111939618     
  0.50426870088304243     
  0.48210705000594817     
  0.45678225682651480     
  0.42893453290960804     
  0.39936634589276043     
  0.36912569907243453     
  0.33945184100046827     
  0.31167075949973222     
  0.28698747355365983     
  0.26630490417426705     
  0.25030059570337654     
  0.23900131621342932     
  0.23141208065740432     
  0.22532673976778739     
  0.21800122354989479     
  0.20670409968987097     
  0.18885404237389092     
  0.16371699045981394     
  0.13360419560370707     
  0.10269588964497621     
   7.5119250669832979E-002
   5.3704913210003861E-002
   3.9436904445839222E-002
   3.1523429100245137E-002
   2.8147848221727247E-002
   2.5377530498587555E-002
