  0.65248860771603179       0.67177373067448332       0.69929708814970226       0.72814994717045245       0.76512080264934224       0.94790149587979222        1.6044665931702300     
  0.66594309118991479       0.68317577916565264       0.70932486011626783       0.74101430614804731       0.78784553906052157       0.99487835999380025        1.7470544129915075     
  0.68098386758816909       0.69619441969530294       0.72047720479108879       0.75344688119088732       0.81000036762692196        1.0421927969283451        1.8988838339170540     
  0.69714977789388810       0.71034448246167903       0.73258070946857756       0.76599132968518235       0.83213873744348288        1.0900860626866715        2.0599908817818715     
  0.71408793924614666       0.72531929395938488       0.74545791854558896       0.77880589896919128       0.85448685032486427        1.1383021411049419        2.2304937239497500     
  0.73151783934911097       0.74089738327700105       0.75895047671781013       0.79193831563157202       0.87700722671568743        1.1860238119318693        2.4117054424357049     
  0.74922166043469862       0.75690446150191848       0.77291091953297109       0.80537445003729347       0.89948457857581310        1.2328968730608514        2.6047018344479009     
  0.76705802628186381       0.77318705981455460       0.78721118573678295       0.81906697244823601       0.92164265070432760        1.2790889442201723        2.8103927075318382     
  0.78487312173896751       0.78959957816299930       0.80171671778077225       0.83294284364008320       0.94339255392470878        1.3251767552021885        3.0296674879231866     
  0.80249991341984650       0.80600766318661188       0.81626813644141438       0.84691778418801900       0.96459129496324558        1.3715225705538319        3.2632737990158600     
  0.81980058594596217       0.82227644249706311       0.83080278384700468       0.86093166451920411       0.98510978105057367        1.4183216322522649        3.5119938649821032     
  0.83664982775184460       0.83826928057149752       0.84524090360877502       0.87488892478922131        1.0048238048331732        1.4656566055604949        3.7765848657468561     
  0.85294262636849494       0.85387104103339440       0.85947570500251802       0.88871594104072549        1.0236761328637889        1.5136091138118697        4.0579402471482693     
  0.86858891182923359       0.86897436905103054       0.87337830884748524       0.90230352166485750        1.0416287968850186        1.5621992009656851        4.3568881124519052     
  0.88353295237118201       0.88349448782219464       0.88686579222760697       0.91554886237147870        1.0587260911587422        1.6114546654240272        4.6743446610468569     
  0.89773423782676232       0.89735872819241203       0.89985591736057124       0.92839455208950661        1.0749717525290587        1.6613934337156453        5.0112720401007698     
  0.91115636293770996       0.91051125019217405       0.91225191720628496       0.94074452849137213        1.0903348149984788        1.7120132826390440        5.3685961769252746     
  0.92377327993882663       0.92290601093171876       0.92402942318389947       0.95254784097684830        1.1048621411844715        1.7633049201766342        5.7472679774901856     
  0.93555946963805725       0.93451356446190581       0.93517505380378718       0.96376325092727266        1.1185355252256939        1.8152539339645104        6.1482568837482212     
  0.94648693322474187       0.94529843632220023       0.94565850435259002       0.97433617666018635        1.1313750711325667        1.8678236018299066        6.5724791765697290     
  0.95654225714647045       0.95522504292474220       0.95542785992365620       0.98426415203234918        1.1434636837376535        1.9210014264298960        7.0209780195759981     
  0.96569821988357307       0.96428805668797446       0.96442502199670299       0.99351053060951200        1.1548397758017162        1.9747577536497865        7.4947061128630663     
  0.97393256624174895       0.97245460004500706       0.97259624636296993        1.0020696459743441        1.1655265130989239        2.0290573297752128        7.9946242697113279     
  0.98123259778806560       0.97970409894941435       0.97994694674603600        1.0098802659511321        1.1755492905645906        2.0838842783445197        8.5217784213200911     
  0.98758826007331124       0.98602416378537705       0.98648673429142164        1.0169609078942654        1.1849234163273787        2.1392339908552538        9.0772750097312311     
  0.99298007653112719       0.99141763096203617       0.99220463087917610        1.0233075838237431        1.1936640259168467        2.1950602737319076        9.6621458311874449     
  0.99737678995712153       0.99584385042191059       0.99705006226182624        1.0288420515760792        1.2017758030021790        2.2513154900020518        10.277226063562630     
   1.0007755991640990       0.99927627187598100        1.0009887306633165        1.0335538274683334        1.2092563464146808        2.3079449426893595        10.923393963212410     
   1.0031512824134112        1.0017015900014374        1.0040073693647449        1.0374461488889011        1.2161127670668768        2.3649159790837042        11.601602663951336     
   1.0044920080111979        1.0031114517712558        1.0060825430522340        1.0405103442920487        1.2223609592023135        2.4222208984416898        12.312928487496215     
   1.0047500498751318        1.0034663680993532        1.0071807176540266        1.0427278780401501        1.2279566147024383        2.4797622538567050        13.057982478331573     
   1.0038972161898467        1.0027147135555003        1.0072854078955673        1.0440894185402900        1.2328845235902643        2.5374772509996855        13.837507604063706     
   1.0018522463471671        1.0008884856520170        1.0063100679746895        1.0445378794545934        1.2371755054573152        2.5952450825137290        14.651865622329948     
  0.99856131151786309       0.99794038127396323        1.0041643713444430        1.0440268962733035        1.2407601671590216        2.6529654072514539        15.501427974266987     
  0.99391151333397199       0.99380031295611271        1.0007907975684753        1.0424927130638066        1.2436129466007901        2.7105016905005956        16.386263286446571     
  0.98784457180878116       0.98836033880795771       0.99605666240376423        1.0398865188270201        1.2456210309442373        2.7677065209177329        17.306247544240069     
  0.98026690920459647       0.98135610367710580       0.98984193937998355        1.0361099259154305        1.2466013082575780        2.8243893032680862        18.260840313937926     
  0.97112729716129931       0.97227219916081442       0.98163333351354765        1.0309930992404330        1.2464908411131170        2.8803423250920988        19.249211776508886     
  0.96014160762180445       0.96066839861012654       0.97150561745324959        1.0243846439867246        1.2451467173959965        2.9353388130075699        20.270191585398418     
  0.94574518236277627       0.94628060054980001       0.95944240726553898        1.0161544610262423        1.2423549840238297        2.9891998112308169        21.322747116397267     
  0.92594190047628988       0.92841181665975503       0.94463861429149310        1.0055055754290823        1.2382633911931522        3.0416814642074597        22.405167409475322     
  0.90174600239518010       0.90718562819929704       0.92641468781142577       0.99231798886518940        1.2323469620557672        3.0924851939784119        23.515054907524412     
  0.87322760619942397       0.88178848335529958       0.90466571144675201       0.97635606504875083        1.2242278891554599        3.1413307092462754        24.649774456686753     
  0.83951958884639288       0.85157206251251882       0.87883876889177004       0.95691072587738235        1.2140955680562244        3.1876086811865934        25.803541251430847     
  0.81249563579760287       0.82753840470679330       0.85907168273688406       0.93874373858537208        1.2034198433472094        3.2308169898146204        26.969903325992750     
  0.77360716580953715       0.79213976054900603       0.82885133081171591       0.91626408788990876        1.1904302440068137        3.2699567186571099        28.141215390906453     
  0.73738502385792803       0.75910684959628161       0.80049945655590582       0.89473817381419751        1.1770406488429477        3.3044987619136679        29.308893557929505     
  0.70431254095219253       0.72814392234214342       0.77367538830269822       0.87402350239030480        1.1630165620805455        3.3341285482981995        30.467092217968347     
  0.67509342221903856       0.69958081344294742       0.74818533616689864       0.85402530814368560        1.1497066254298380        3.3588565704641038        31.612457499656742     
  0.65144556637905771       0.67398503757023964       0.72405274499290762       0.83469637046032319        1.1368297260195999        3.3789609607091182        32.744211599685507     
  0.63277214859298070       0.65257956649015136       0.70139006130993220       0.81593430227173203        1.1239055898587667        3.3945153464027915        33.859691051421365     
  0.61711960432724233       0.63506452798434287       0.68030298049355165       0.79747829981528562        1.1108008041296928        3.4047938846848282        34.947948178056578     
  0.60408196154580562       0.62019746473260484       0.66099481603550048       0.77908057838149358        1.0972774107554306        3.4089029623819171        35.995264361693302     
  0.59407928746521377       0.60756935307026194       0.64375213945047305       0.76064288897286492        1.0829355612039067        3.4063005470686325        36.990237225936191     
  0.58755341756788060       0.59739928312948987       0.62866683094482834       0.74215100688841684        1.0681059706482998        3.3965675464004823        37.922251233736972     
  0.58388862995241142       0.59005436164165626       0.61565153481183921       0.72355929192405455        1.0540396734412449        3.3789513502667714        38.776038205685808     
  0.58195586609566463       0.58540621962757211       0.60468544583581285       0.70481194821577509        1.0393790938863305        3.3524055349446717        39.531564147388437     
  0.58106104372679301       0.58277150164115965       0.59591930097327506       0.68596825580526866        1.0230609705610549        3.3157648497000518        40.165738337661971     
  0.58075291859093348       0.58144069166713819       0.58946920168152905       0.66721041405618986        1.0046317884342872        3.2678774633083862        40.653547093063878     
  0.58067640207905014       0.58089013699394043       0.58520582170674318       0.64884619516525421       0.98367624638632134        3.2078174703394176        40.969043725215727     
  0.58066145893163146       0.58071598565349369       0.58271082343145975       0.63140045731247951       0.95983882981580682        3.1344954745728053        41.086087724623944     
  0.58065914152502074       0.58067240238352880       0.58144599405087039       0.61580476611229440       0.93283402048318997        3.0471124900850062        40.978478410329437     
  0.58065882528196167       0.58066332971723678       0.58091532673232527       0.60296500095348760       0.90245971974838579        2.9455676583203845        40.623310185006432     
  0.58065877403955757       0.58066159165904052       0.58073549618814635       0.59324094501873659       0.86869215031861391        2.8302068683634540        40.003112830110368     
  0.58065876031011265       0.58066119495675717       0.58068471503654162       0.58689074440274625       0.83173725912862573        2.7013820028093050        39.106627190020831     
  0.58065875409874534       0.58066105526440026       0.58067161662635580       0.58335374672816753       0.79201357657810134        2.5601012663705336        37.927659807900319     
  0.58065875082168927       0.58066098440245484       0.58066781406708590       0.58167739295669363       0.75025738258921615        2.4079141682974319        36.464314340113688     
  0.58065874916565929       0.58066094543130276       0.58066624732241612       0.58101829394830684       0.70788174373937396        2.2505170919826383        34.722577545943416     
  0.58065874840545639       0.58066092524545121       0.58066539568918818       0.58079679973725373       0.66736374640354745        2.0882652133508994        32.715989471893650     
  0.58065874809866969       0.58066091583953805       0.58066491550451205       0.58072517469796292       0.63252526575967849        1.9222878008964903        30.469208019298193     
  0.58065874799131589       0.58066091200722469       0.58066466728301114       0.58069764509040767       0.60696046619459332        1.7545557425110054        28.019402177863224     
  0.58065874795914552       0.58066091067353476       0.58066455504512904       0.58068397230312052       0.59185994733258396        1.5870190839100389        25.413156402990808     
  0.58065874795090289       0.58066091028359823       0.58066451199380043       0.58067655327177381       0.58485905533851001        1.4208319252332950        22.707832446564375     
  0.58065874794914696       0.58066091018828703       0.58066449839373324       0.58067281163836915       0.58223749436518146        1.2567807427093260        19.966210431933266     
  0.58065874794885286       0.58066091016904198       0.58066449491576355       0.58067119617404372       0.58132630849994560        1.0973297832128306        17.255581145069272     
  0.58065874794881389       0.58066091016598242       0.58066449420878918       0.58067062827351579       0.58096129915677519       0.94684437454624104        14.641490173190935     
  0.58065874794881034       0.58066091016561483       0.58066449409724563       0.58067047209135814       0.58079408318704173       0.81298777132392430        12.194812896630921     
  0.58065874794880934       0.58066091016558308       0.58066449408362053       0.58067043979378730       0.58072030466653590       0.70682168624727881        9.9733387447268846     
  0.58065874794880978       0.58066091016558086       0.58066449408242005       0.58067043502477766       0.58069181512594914       0.63755609551937575        8.0138031556903524     
  0.58065874794881034       0.58066091016558130       0.58066449408234655       0.58067043453219702       0.58068281637617103       0.60297208961872129        6.3488310230784855     
  0.58075177120600774       0.58075393342283488       0.58075751733965497       0.58076345775390625       0.58077369803581347       0.58928491979850706        5.0312675001700944     
