   1.1277234346659495E-004   1.0655666542114192E-003   4.1687228104966331E-003   6.5604178601868252E-003   4.1687228104966279E-003   1.0655666542114185E-003   1.1277234346659377E-004
   1.1267232542392841E-004   1.0646216007718261E-003   4.1650255609484944E-003   6.5545994109706676E-003   4.1650255609484935E-003   1.0646216007718225E-003   1.1267232542392783E-004
   1.1256830665955624E-004   1.0636387451946464E-003   4.1611804214184596E-003   6.5485482237858574E-003   4.1611804214184535E-003   1.0636387451946469E-003   1.1256830665955513E-004
   1.1246028717347699E-004   1.0626180874798836E-003   4.1571873919064826E-003   6.5422642986324520E-003   4.1571873919064879E-003   1.0626180874798840E-003   1.1246028717347619E-004
   1.1235169615572540E-004   1.0615920294597589E-003   4.1531732352542471E-003   6.5359471251977882E-003   4.1531732352542376E-003   1.0615920294597527E-003   1.1235169615572463E-004
   1.1224424820131880E-004   1.0605767720503663E-003   4.1492013328825470E-003   6.5296964483255761E-003   4.1492013328825426E-003   1.0605767720503628E-003   1.1224424820131809E-004
   1.1213737177858403E-004   1.0595669149463375E-003   4.1452505576511228E-003   6.5234790197346206E-003   4.1452505576511315E-003   1.0595669149463362E-003   1.1213737177858359E-004
   1.1203106688752242E-004   1.0585624581476848E-003   4.1413209095600137E-003   6.5172948394248949E-003   4.1413209095599859E-003   1.0585624581476839E-003   1.1203106688752174E-004
   1.1192304740144385E-004   1.0575418004329141E-003   4.1373278800480211E-003   6.5110109142714626E-003   4.1373278800480055E-003   1.0575418004329254E-003   1.1192304740144260E-004
   1.1181102719365804E-004   1.0564833405805737E-003   4.1331869605541246E-003   6.5044942511493916E-003   4.1331869605541150E-003   1.0564833405805754E-003   1.1181102719365717E-004
   1.1169386320082049E-004   1.0553762779799117E-003   4.1288558967977626E-003   6.4976783534961982E-003   4.1288558967977470E-003   1.0553762779799093E-003   1.1169386320082010E-004
   1.1156926929624237E-004   1.0541990114094457E-003   4.1242501802178089E-003   6.4904302281869252E-003   4.1242501802178011E-003   1.0541990114094366E-003   1.1156926929624153E-004
   1.1143838854326908E-004   1.0529623414799144E-003   4.1194120650948473E-003   6.4828163717840885E-003   4.1194120650948499E-003   1.0529623414799172E-003   1.1143838854326775E-004
   1.1129950634688130E-004   1.0516500672752256E-003   4.1142781700080353E-003   6.4747370394439502E-003   4.1142781700080240E-003   1.0516500672752248E-003   1.1129950634688007E-004
   1.1115262270708035E-004   1.0502621887953630E-003   4.1088484949573468E-003   6.4661922311665121E-003   4.1088484949573434E-003   1.0502621887953667E-003   1.1115262270707912E-004
   1.1099773762386629E-004   1.0487987060403357E-003   4.1031230399428461E-003   6.4571819469517941E-003   4.1031230399428470E-003   1.0487987060403335E-003   1.1099773762386583E-004
   1.1083370803389429E-004   1.0472488183994003E-003   4.0970595506839118E-003   6.4476396902373367E-003   4.0970595506839352E-003   1.0472488183993971E-003   1.1083370803389384E-004
   1.1065939087381976E-004   1.0456017252618187E-003   4.0906157729000527E-003   6.4374989644606501E-003   4.0906157729000596E-003   1.0456017252618219E-003   1.1065939087381862E-004
   1.1047364308029695E-004   1.0438466260168629E-003   4.0837494523107047E-003   6.4266932730592174E-003   4.0837494523106926E-003   1.0438466260168629E-003   1.1047364308029676E-004
   1.1027417852663858E-004   1.0419619194430429E-003   4.0763760803547286E-003   6.4150896229081770E-003   4.0763760803547216E-003   1.0419619194430370E-003   1.1027417852663737E-004
   1.1006042568116943E-004   1.0399422052349918E-003   4.0684745298918855E-003   6.4026547657262331E-003   4.0684745298918924E-003   1.0399422052349908E-003   1.1006042568116856E-004
   1.0983066994887418E-004   1.0377712824766175E-003   4.0599814195013614E-003   6.3892889566697312E-003   4.0599814195013467E-003   1.0377712824766140E-003   1.0983066994887327E-004
   1.0958319673473552E-004   1.0354329502517885E-003   4.0508333677623000E-003   6.3748924508949334E-003   4.0508333677622696E-003   1.0354329502517841E-003   1.0958319673473430E-004
   1.0931743450708049E-004   1.0329218082551475E-003   4.0410092475344321E-003   6.3594320001205988E-003   4.0410092475344269E-003   1.0329218082551488E-003   1.0931743450707961E-004
   1.0903338326590958E-004   1.0302378564867017E-003   4.0305090588177517E-003   6.3429076043467550E-003   4.0305090588177656E-003   1.0302378564866991E-003   1.0903338326590858E-004
   1.0872989994787772E-004   1.0273702943357057E-003   4.0192905473317537E-003   6.3252527670109157E-003   4.0192905473317476E-003   1.0273702943357061E-003   1.0872989994787681E-004
   1.0840412689462340E-004   1.0242921202753175E-003   4.0072480773750271E-003   6.3063012467069000E-003   4.0072480773750072E-003   1.0242921202753123E-003   1.0840412689462241E-004
   1.0805377797945647E-004   1.0209817330840475E-003   3.9942971403864741E-003   6.2859200503097836E-003   3.9942971403864620E-003   1.0209817330840499E-003   1.0805377797945590E-004
   1.0767771013903292E-004   1.0174283321511741E-003   3.9803954820855142E-003   6.2640426812570916E-003   3.9803954820855237E-003   1.0174283321511687E-003   1.0767771013903214E-004
   1.0727592337335206E-004   1.0136319174766852E-003   3.9655431024722149E-003   6.2406691395487830E-003   3.9655431024722175E-003   1.0136319174766876E-003   1.0727592337335166E-004
   1.0684441696070883E-004   1.0095546869230104E-003   3.9495921115646230E-003   6.2155666872162679E-003   3.9495921115646178E-003   1.0095546869230074E-003   1.0684441696070744E-004
   1.0638090477441130E-004   1.0051750392686611E-003   3.9324580008016094E-003   6.1886023311346176E-003   3.9324580008016155E-003   1.0051750392686605E-003   1.0638090477441016E-004
   1.0588081456108221E-004   1.0004497720706846E-003   3.9139717530610055E-003   6.1595100850539162E-003   3.9139717530610142E-003   1.0004497720706882E-003   1.0588081456108129E-004
   1.0534071713068641E-004   9.9534648349687885E-004   3.8940066055011598E-003   6.1280904592867363E-003   3.8940066055011490E-003   9.9534648349687777E-004   1.0534071713068549E-004
   1.0475604022984582E-004   9.8982197110427631E-004   3.8723935409998704E-003   6.0940774675832168E-003   3.8723935409998608E-003   9.8982197110428108E-004   1.0475604022984475E-004
   1.0412221160518042E-004   9.8383303244993611E-004   3.8489635424349198E-003   6.0572051236934881E-003   3.8489635424349290E-003   9.8383303244993416E-004   1.0412221160517960E-004
   1.0343351593996642E-004   9.7732566448015821E-004   3.8235053384035795E-003   6.0171409448051792E-003   3.8235053384035856E-003   9.7732566448016037E-004   1.0343351593996626E-004
   1.0268423791748112E-004   9.7024586414125845E-004   3.7958076575030988E-003   5.9735524481059239E-003   3.7958076575030863E-003   9.7024586414125357E-004   1.0268423791748113E-004
   1.0186866222100077E-004   9.6253962837953492E-004   3.7656592283307000E-003   5.9261071507834455E-003   3.7656592283307018E-003   9.6253962837953492E-004   1.0186866222099991E-004
   1.0098335966048995E-004   9.5417455536277911E-004   3.7329332880447698E-003   5.8746055631502432E-003   3.7329332880447633E-003   9.5417455536278074E-004   1.0098335966048938E-004
   1.0002318645089785E-004   9.4510204234267566E-004   3.6974396923828254E-003   5.8187484506752570E-003   3.6974396923828193E-003   9.4510204234267967E-004   1.0002318645089722E-004
   9.8981855743827761E-005   9.3526268596015594E-004   3.6589460428018221E-003   5.7581700822649145E-003   3.6589460428018117E-003   9.3526268596015800E-004   9.8981855743827531E-005
   9.7854223754229651E-005   9.2460788346690167E-004   3.6172621950392972E-003   5.6925712233880186E-003   3.6172621950392946E-003   9.2460788346690438E-004   9.7854223754229299E-005
   9.6625430658620734E-005   9.1299722692331393E-004   3.5718388434480969E-003   5.6210874187325446E-003   3.5718388434481003E-003   9.1299722692331328E-004   9.6625430658620369E-005
   9.5282331228536325E-005   9.0030650930590336E-004   3.5221900638019053E-003   5.5429539578300390E-003   3.5221900638019170E-003   9.0030650930590238E-004   9.5282331228536136E-005
   9.3815209425547090E-005   8.8644392542339438E-004   3.4679566947160511E-003   5.4576056198995127E-003   3.4679566947160580E-003   8.8644392542339568E-004   9.3815209425545992E-005
   9.2212634616204047E-005   8.7130146916840877E-004   3.4087161933850276E-003   5.3643774393162631E-003   3.4087161933850298E-003   8.7130146916841083E-004   9.2212634616202881E-005
   9.0475749863851938E-005   8.5488994115168323E-004   3.3445108140893851E-003   5.2633359126427670E-003   3.3445108140893864E-003   8.5488994115168139E-004   9.0475749863851572E-005
   8.8614842738595138E-005   8.3730654686985963E-004   3.2757208453540678E-003   5.1550795089412684E-003   3.2757208453540773E-003   8.3730654686985865E-004   8.8614842738594582E-005
   8.6646487658931611E-005   8.1870789517863869E-004   3.2029589742470603E-003   5.0405724283675403E-003   3.2029589742470720E-003   8.1870789517864335E-004   8.6646487658930730E-005
   8.4580972194963470E-005   7.9919119157467636E-004   3.1266054892933061E-003   4.9204131399838485E-003   3.1266054892933105E-003   7.9919119157467711E-004   8.4580972194962846E-005
   8.2408580308261040E-005   7.7866463086668743E-004   3.0463012291081439E-003   4.7940364230091978E-003   3.0463012291081343E-003   7.7866463086668776E-004   8.2408580308260837E-005
   8.0117309833705112E-005   7.5701480664192163E-004   2.9616025237457671E-003   4.6607440635376375E-003   2.9616025237457688E-003   7.5701480664192304E-004   8.0117309833704393E-005
   7.7705446176277025E-005   7.3422551798427366E-004   2.8724459917853877E-003   4.5204363167254957E-003   2.8724459917853760E-003   7.3422551798427616E-004   7.7705446176276469E-005
   7.5174703930995087E-005   7.1031296580985239E-004   2.7788950146478016E-003   4.3732129274164071E-003   2.7788950146478064E-003   7.1031296580985575E-004   7.5174703930994707E-005
   7.2520510844479826E-005   6.8523394767570293E-004   2.6807805752108275E-003   4.2188079093605692E-003   2.6807805752108189E-003   6.8523394767570672E-004   7.2520510844479067E-005
   6.9733722409973101E-005   6.5890205869592014E-004   2.5777646392300597E-003   4.0566892900581924E-003   2.5777646392300528E-003   6.5890205869592144E-004   6.9733722409972234E-005
   6.6805194120717190E-005   6.3123089398459988E-004   2.4695091724610957E-003   3.8863250970094785E-003   2.4695091724610918E-003   6.3123089398460009E-004   6.6805194120716553E-005
   6.3729210659988259E-005   6.0216645048804694E-004   2.3558029035011907E-003   3.7073828474021202E-003   2.3558029035011833E-003   6.0216645048804575E-004   6.3729210659987270E-005
   6.0502914369424168E-005   5.7168172667941845E-004   2.2365401966489592E-003   3.5196962998299305E-003   2.2365401966489588E-003   5.7168172667941618E-004   6.0502914369423504E-005
   5.7128591375714524E-005   5.3979832378018818E-004   2.1118055604655256E-003   3.3233984474178410E-003   2.1118055604655121E-003   5.3979832378018709E-004   5.7128591375713908E-005
   5.3613100058928208E-005   5.0658104545478965E-004   1.9818525206341544E-003   3.1188882695406799E-003   1.9818525206341500E-003   5.0658104545478944E-004   5.3613100058927645E-005
   4.9971300242546394E-005   4.7217029964281566E-004   1.8472303828020254E-003   2.9070302215105622E-003   1.8472303828020223E-003   4.7217029964281566E-004   4.9971300242546021E-005
   4.6226624725137196E-005   4.3678749886440395E-004   1.7088053597203970E-003   2.6891874828581276E-003   1.7088053597204011E-003   4.3678749886440378E-004   4.6226624725136735E-005
   4.2409936217008330E-005   4.0072425960948417E-004   1.5677183169641325E-003   2.4671554607700657E-003   1.5677183169641284E-003   4.0072425960948303E-004   4.2409936217008181E-005
   3.8556669681847745E-005   3.6431540081093884E-004   1.4252791372302634E-003   2.2429955486829578E-003   1.4252791372302562E-003   3.6431540081093878E-004   3.8556669681847460E-005
   3.4703974678359347E-005   3.2791194231776495E-004   1.2828610846366661E-003   2.0188688848770822E-003   1.2828610846366668E-003   3.2791194231776425E-004   3.4703974678359083E-005
   3.0893001486954491E-005   2.9190270611653452E-004   1.1419853132831380E-003   1.7971693456013771E-003   1.1419853132831398E-003   2.9190270611653566E-004   3.0893001486954085E-005
   2.7166614983061045E-005   2.5669271510993469E-004   1.0042363586903100E-003   1.5803905519484627E-003   1.0042363586903148E-003   2.5669271510993404E-004   2.7166614983060879E-005
   2.3570537700469602E-005   2.2271399372749047E-004   8.7130439208017772E-004   1.3711923664171501E-003   8.7130439208017946E-004   2.2271399372749014E-004   2.3570537700469419E-005
   2.0151635236314845E-005   1.9040936700947080E-004   7.4492183895528974E-004   1.1723011480687287E-003   7.4492183895528768E-004   1.9040936700947042E-004   2.0151635236314638E-005
   1.6953343997697205E-005   1.6018925816392780E-004   6.2669436197653838E-004   9.8624376627705151E-004   6.2669436197653611E-004   1.6018925816392782E-004   1.6953343997697080E-005
   1.4015099670010842E-005   1.3242628826133025E-004   5.1807973382289715E-004   8.1531435244735454E-004   5.1807973382289954E-004   1.3242628826133068E-004   1.4015099670010713E-005
   1.1367764963563948E-005   1.0741207379161013E-004   4.2021882006922307E-004   6.6130831376632715E-004   4.2021882006922166E-004   1.0741207379160993E-004   1.1367764963563864E-005
   9.0330580819069341E-006   8.5351826358793218E-005   3.3391445204595567E-004   5.2548908492090730E-004   3.3391445204595545E-004   8.5351826358793083E-005   9.0330580819068291E-006
   7.0206950634700982E-006   6.6337351154154838E-005   2.5952579113777338E-004   4.0842188669208679E-004   2.5952579113777452E-004   6.6337351154154838E-005   7.0206950634700219E-006
   5.3329620349429600E-006   5.0390249399171119E-005   1.9713734590577766E-004   3.1023971220480763E-004   1.9713734590577763E-004   5.0390249399171058E-005   5.3329620349429058E-006
   3.9572852995332974E-006   3.7391714375721808E-005   1.4628431926391603E-004   2.3021109927189921E-004   1.4628431926391597E-004   3.7391714375721882E-005   3.9572852995332423E-006
   2.8668028686393545E-006   2.7087931731458798E-005   1.0597373561926679E-004   1.6677337867530942E-004   1.0597373561926686E-004   2.7087931731458768E-005   2.8668028686393261E-006
   2.0289374369357487E-006   1.9171084060342637E-005   7.5001347976155725E-005   1.1803139838463899E-004   7.5001347976155698E-005   1.9171084060342661E-005   2.0289374369357355E-006
   1.4025387240113566E-006   1.3252349375797411E-005   5.1846002234784960E-005   8.1591282150958967E-005   5.1846002234784885E-005   1.3252349375797471E-005   1.4025387240113492E-006
