  0.98825504579340251       0.97836012918552551       0.96194311656944842       0.92975528456825662       0.84242349675370509       0.88178270579837836       0.99989432132954403     
  0.99108975537255262       0.98256064168439683       0.96713615085516591       0.93450254211209383       0.84235403874398218       0.87633871732023416       0.99988338056089121     
  0.99321445415325205       0.98601575478600267       0.97148488059033522       0.93895885663869283       0.84082119635097974       0.87055912545219349       0.99987091993646671     
  0.99480547495307847       0.98864380845041244       0.97516269624705509       0.94285734453086834       0.83765152684713684       0.86432006556511165       0.99985666797575790     
  0.99599897335469101       0.99072031914806546       0.97828199936997151       0.94611708882341983       0.81572588657415579       0.85747984837069224       0.99986543587396526     
  0.99689021375518649       0.99237002548055464       0.98093378093543948       0.94861891120845421       0.80757391637033116       0.85036608791153756       0.99985039903374417     
  0.99756432358230540       0.99368189313903488       0.98316267848188776       0.94982451021777048       0.78366281063878562       0.84134315997699982       0.99983318248832276     
  0.99807334813674176       0.99460476584895952       0.98501023726992143       0.95056327004170382       0.75755036113923446       0.83081676423710593       0.99981347351495820     
  0.99845977564799904       0.99550938867113536       0.98647757262403024       0.95147462826302276       0.73896042701253506       0.81766344658020607       0.99979094735910434     
  0.99875509455378597       0.99620392046123696       0.98757208259548168       0.95121030554767050       0.71948646124748949       0.80767150918736041       0.99976527177046082     
  0.99898271203886158       0.99676827980823834       0.98784740934877213       0.95026508106617291       0.70210673415298186       0.79070116624709286       0.99978221648858245     
  0.99913695848742590       0.99721650272842621       0.98811080776357096       0.95004312532734603       0.68458710186962379       0.77138777998286567       0.99975560942909159     
  0.99927744964763909       0.99742169102883116       0.98660051575584040       0.94930318981021000       0.66718333720586243       0.75887602746837712       0.99972550688878425     
  0.99938934163339621       0.99756491193669439       0.98616610753027167       0.94807693775638868       0.64977307197863066       0.73700704590396349       0.99969158421265980     
  0.99946096857216837       0.99758791439060257       0.98525668971756464       0.94482758862879201       0.63243258459364926       0.70959273014058954       0.99965350950932153     
  0.99951985335016624       0.99688612066076621       0.98402447720034658       0.93856916250586719       0.61513462167632693       0.69345961497996667       0.99968127437648080     
  0.99954718291056521       0.99560106153540795       0.98267060642442872       0.93556675083390617       0.59813795527206404       0.66349146773512258       0.99964242047700991     
  0.99914020070979426       0.99498117840605660       0.98016013205232022       0.93126750459778385       0.58081085476802818       0.63199468151490634       0.99959894389852144     
  0.99893925904032022       0.99428383568966250       0.97830486538444617       0.92652880013288408       0.56343832040247754       0.62597488642154897       0.99955021945905431     
  0.99796322314025587       0.99347983414358776       0.97609037278574962       0.91988582399168728       0.54610713916913889       0.60351226433156202       0.99949528273174326     
  0.99736753312376192       0.99208034616444996       0.97352223010495753       0.91445200544672456       0.52904240228636534       0.59795751192883517       0.99953695437328038     
  0.99583433555072709       0.99124162733844479       0.97230547537238221       0.90871311244690722       0.52172568491274018       0.57399490776513784       0.99947831264349429     
  0.99509325200057297       0.99029814615164924       0.97099145522583752       0.90249587493322780       0.50588114141803564       0.55561926748012980       0.99941034559132824     
  0.99436445407854845       0.98642365773765850       0.96971806965151153       0.89633204568919334       0.49700226760907801       0.52887218404901637       0.99933171697279111     
  0.99359144772511043       0.98495085148285677       0.96760592436364701       0.89042499254776419       0.48216711695726194       0.50857424023352193       0.99938326288472190     
  0.99215556871752741       0.98393648595993943       0.96635371955444338       0.87441045581960197       0.47152039695167658       0.49849826379553092       0.99929856435363351     
  0.99144275286591266       0.98303906401596353       0.96478532599861921       0.86836786316840753       0.46708957027292591       0.47309606943581067       0.99920433174548917     
  0.98739296223844997       0.98035004643053991       0.96287876066206901       0.86222861515437743       0.45534330460721301       0.48406437409190373       0.99910241955195667     
  0.98584076995776282       0.97709469758999823       0.95777903227267680       0.85645088756596610       0.44461317330922245       0.47735264433854341       0.99917147978656384     
  0.98449566121473975       0.97613036237356776       0.95618494605746374       0.85104691902840535       0.47237325511698974       0.47371333143615457       0.99907285224728548     
  0.98275209451848633       0.97391233648277231       0.95349022074341006       0.84260774839058705       0.46407074917859081       0.47187580525273426       0.99897253899536631     
  0.97953322687854760       0.97200294718915803       0.95057176936773280       0.83744574380604175       0.45756740035955834       0.46035175033956377       0.99887298054002860     
  0.97871507112813261       0.96902776366205268       0.94856611662687584       0.83276715550416769       0.45089343176539326       0.44557578453212315       0.99896887079052010     
  0.97655656176568639       0.96796253296019008       0.94616041908425208       0.82850783209887047       0.45550689623998136       0.43113822764937232       0.99888224190887753     
  0.97390671717395250       0.96553228133276947       0.94370296040176793       0.82954029317844113       0.45589602545283542       0.41834011389999826       0.99880038961248696     
  0.97145344211946882       0.96063606642427279       0.94025190481767329       0.82651137763259042       0.45279539062422347       0.40716359837524546       0.99891558287579030     
  0.96811041635381845       0.95851318493210313       0.92747274582874861       0.82321492224394210       0.45108957552799339       0.40022773304662385       0.99884996696584905     
  0.96469723460400236       0.95700450870698850       0.92394344880700996       0.82032107390558984       0.45278698846805421       0.40333930836830517       0.99879141438608920     
  0.96187817084014482       0.95272962434219111       0.92012564715248613       0.81736086451061685       0.47806903345165175       0.40377847529973299       0.99892523141395073     
  0.95853417573949706       0.94839526473720070       0.91592666772336417       0.81517826985897035       0.52218058778627630       0.40027850859581149       0.99888446534856634     
  0.95651107408872904       0.94277285063057903       0.91109878554102197       0.81208074711265510       0.51147525787898429       0.41814378881348940       0.99885207050165503     
  0.95212460234970941       0.93447208177810259       0.90410470221813721       0.80957917318766170       0.51619720685048887       0.45559716013376839       0.99882854441808722     
  0.94270252644239427       0.92462127284827333       0.89796035281588793       0.80894053213245942       0.54386092733100710       0.48551311411714121       0.99898845727264007     
  0.94687202481568800       0.92933553324232510       0.89688278165504498       0.82626550998734205       0.56182873719734172       0.50855828368811740       0.99898345508668518     
  0.92994648586728834       0.91326006159771678       0.91713538989609522       0.82431252699179236       0.58730252035933794       0.52035044202460667       0.99898921684065234     
  0.95593374741353920       0.93964490661346090       0.93680761101635368       0.85004175829578754       0.60942365156764966       0.52308701142814029       0.99916070181062611     
  0.96902187496150716       0.95772708193195133       0.95279737428985056       0.87452996449681875       0.63255363292727884       0.52785460746315938       0.99918198320836971     
  0.97834240663578198       0.96999828258676435       0.96514717743253742       0.89672917142096720       0.65674466671310106       0.53475886962723296       0.99921176096850484     
  0.98619463287725706       0.97920790438590521       0.97464880956305211       0.91643112378986835       0.68197873365279038       0.54390314513861160       0.99938297992298530     
  0.99161922708869843       0.98626094694802668       0.98203836578389181       0.93356447742769477       0.70816190054534423       0.55539615590157432       0.99942401806817693     
  0.99532496385300218       0.99144431586956994       0.98712821363495928       0.94814743405907342       0.73512864026802205       0.56934650571852663       0.99947154100847002     
  0.99765683359066237       0.99503713859201903       0.99154586817955259       0.96031073713694559       0.76263728265083264       0.63845132455371301       0.99962525575545991     
  0.99895133472797681       0.99736403919714156       0.99364576022531381       0.97026809608278475       0.79035606690137328       0.70927705126808471       0.99967508004892536     
  0.99955586174544697       0.99872355259216850       0.99557233496579944       0.97826760105148558       0.81787163728189127       0.72812139416246768       0.99972702716566864     
  0.99982421266384858       0.99942718340021619       0.99738878787405483       0.98455813580444174       0.84471273925807444       0.74868531509393954       0.99983821377014093     
  0.99993906819194167       0.99976252849153113       0.99854389844244751       0.98937522329550720       0.87037425001639102       0.77072861073272503       0.99987867113146545     
  0.99998267331953106       0.99990768784040174       0.99919214728424344       0.99294150377924417       0.90832132990315595       0.79391875906131615       0.99994318582781427     
  0.99999570185490994       0.99996565123316117       0.99961428165728905       0.99547162591430538       0.94860368154020958       0.81781422793289194       0.99996542330944271     
  0.99999860995235612       0.99998603222594917       0.99981267510195659       0.99717682937341912       0.96094040492401067       0.89304349308906839       0.99998113484732409     
  0.99999922748568582       0.99999258839905469       0.99990065751587021       0.99826204700295318       0.97103827028117418       0.90931637697970746       0.99999505068031735     
  0.99999947449342230       0.99999508897174627       0.99993843385542225       0.99891496445088268       0.97899421161348266       0.92437903222628504       0.99999813247328850     
  0.99999964445693801       0.99999653493241014       0.99995732406419136       0.99929315914403793       0.98501472849587124       0.93786815855681371       0.99999943951082149     
  0.99999977233057169       0.99999759904615104       0.99996920137739864       0.99951726814914321       0.98939195840202887       0.94953227911825577       0.99999994713359663     
  0.99999986582477529       0.99999841451102767       0.99997835621392428       0.99966149060010645       0.99247080159046008       0.95928008938109055       0.99999999290792652     
  0.99999992964380580       0.99999902809332042       0.99998525457473497       0.99976364795898154       0.99460366076096229       0.96720906132400564       0.99999999937065209     
  0.99999996856945739       0.99999946523640981       0.99999044407217530       0.99983955570488459       0.99610220078246059       0.97771966142465216       0.99999999996486078     
  0.99999998869792273       0.99999974776499068       0.99999425065014769       0.99989531722061087       0.99721629346413221       0.98341131062223786       0.99999999999980749     
  0.99999999692210573       0.99999990354648349       0.99999690939883801       0.99993487921154500       0.99809481555582225       0.98744599844034220       0.99999999999999978     
  0.99999999940900774       0.99999997194102297       0.99999859132877389       0.99996199398339036       0.99878352090101175       0.99125982908298338       0.99999999999999989     
  0.99999999992566690       0.99999999421509811       0.99999948975613173       0.99997989400249510       0.99927993678045879       0.99451798233681743        1.0000000000000000     
  0.99999999999432354       0.99999999921648486       0.99999986336291102       0.99999088820686044       0.99960260435099302       0.99693863104571601       0.99999999999999944     
  0.99999999999975620       0.99999999993596178       0.99999997506646254       0.99999654891239897       0.99979302204829168       0.99846034421514374        1.0000000000000036     
  0.99999999999999512       0.99999999999712552       0.99999999716271626       0.99999907180268988       0.99989581413772388       0.99928911607815774        1.0000000000000024     
   1.0000000000000000       0.99999999999993661       0.99999999981967269       0.99999982495468798       0.99995539565948921       0.99970758447747188       0.99999999999999956     
  0.99999999999999922       0.99999999999999922       0.99999999999449396       0.99999996840247196       0.99998175467874162       0.99985871725907938       0.99999999999999833     
   1.0000000000000002        1.0000000000000002       0.99999999999993672       0.99999999744548107       0.99999514882426110       0.99998776110688170       0.99999999999999922     
  0.99999999999999933       0.99999999999999989       0.99999999999999989       0.99999999992460009       0.99999947101437303       0.99999895095514835       0.99999999999999989     
  0.99999999999999956        1.0000000000000004       0.99999999999999867       0.99999999999970013       0.99999998948903224       0.99999980122282717        1.0000000000000004     
  0.99999999999999944       0.99999999999999933       0.99999999999999978       0.99999999999999800       0.99999999999974543       0.99999999976396803       0.99999999999999867     
  0.99999999999999911       0.99999999999999933        1.0000000000000004       0.99999999999999989       0.99999999999994504       0.99999999999997369       0.99999999999999745     
   1.0000000000000000        1.0000000000000000       0.99999999999999978        1.0000000000000002        1.0000000000000004       0.99999999999999978        1.0000000000000002     
