  0.58513817698832593       0.59479144511221893       0.60458749838006987       0.60002636156303346       0.55815411141315785       0.51405002560101931       0.51872242877279817     
  0.57819631725785847       0.58708886127350846       0.59716494710600765       0.59708710702745327       0.56519973936051937       0.53476529989298716       0.55551747292973963     
  0.57258525324393439       0.58064771141445237       0.59055331058136085       0.59363529974071216       0.57110824940126703       0.55422105785443510       0.59187491275651616     
  0.56804245950164445       0.57521482611526464       0.58474263764394696       0.59018026684923719       0.57644880651406238       0.57283114891623443       0.62746086541430857     
  0.56437298791093127       0.57063734663208499       0.57967330383036919       0.58691093243318293       0.58147906558482998       0.59062645153262161       0.66163464330454158     
  0.56143107392523817       0.56681145372403730       0.57528030655244322       0.58391480400393669       0.58630412658401065       0.60724804371676466       0.69455805108414437     
  0.55910589340753780       0.56365462686481715       0.57149918887041185       0.58122763003035482       0.59093871423850863       0.62245288425141476       0.72620618351927335     
  0.55732030430474300       0.56109249468088040       0.56827344863276708       0.57886104327112509       0.59535764218563192       0.63625973600240182       0.75644976458191260     
  0.55599283810386657       0.55905192740017728       0.56554133567519094       0.57680777737632172       0.59956554068155909       0.64909796164973965       0.78518740668178044     
  0.55503383243858428       0.55746375598084019       0.56322440356147740       0.57505470820494642       0.60354394838372938       0.66127182949217178       0.81215368067481164     
  0.55436395096649227       0.55625793549119518       0.56131231537371418       0.57359093246862125       0.60727329136767472       0.67297185736049381       0.83710931962955692     
  0.55391121099143847       0.55536271810082016       0.55977263237349462       0.57239137069349200       0.61073112338877888       0.68430820791553260       0.85987622437232369     
  0.55361255178053292       0.55471444927026081       0.55855303056180183       0.57144172963220563       0.61391838386194109       0.69536603595337454       0.88036712290209718     
  0.55341664883383179       0.55425406148726153       0.55759599367678503       0.57071139651216973       0.61683920735820696       0.70619446149478249       0.89857058458928274     
  0.55329145178078898       0.55393470838343195       0.55685818412544286       0.57017460702623057       0.61953394880944102       0.71683165388679593       0.91455316190353253     
  0.55321672610784234       0.55371956108271758       0.55629881825865235       0.56981545873512041       0.62203366952007111       0.72730532867797326       0.92843921666892537     
  0.55317789139594853       0.55358149462980055       0.55587111114402910       0.56960639252807521       0.62434946792617463       0.73762698165598906       0.94039106066340605     
  0.55316560287958338       0.55349919035994488       0.55556213584707381       0.56952799100801332       0.62652044655785022       0.74780376259577830       0.95059363831012411     
  0.55317315116621812       0.55346240248617673       0.55537023357964677       0.56956562542694833       0.62856236915349906       0.75783763597883902       0.95924059304018927     
  0.55319358136659724       0.55345789315243410       0.55528015591633884       0.56970837386574380       0.63050200037775705       0.76772361209833895       0.96652203477561038     
  0.55322407429902665       0.55347188652218016       0.55527198939951583       0.56995875216795999       0.63239019718198841       0.77746358222908163       0.97262008757117324     
  0.55326069536062128       0.55351005711301582       0.55532299661334306       0.57030590014009841       0.63425861503462067       0.78704982476180207       0.97770115286439097     
  0.55329949381336629       0.55356101527329571       0.55541156483013221       0.57074612764711219       0.63613388678586225       0.79647578144230347       0.98191460944923370     
  0.55333954942553998       0.55362026357309568       0.55554039296374558       0.57126693252003535       0.63804168185015819       0.80573840798699647       0.98539333341586866     
  0.55338081100065395       0.55368641878777025       0.55571750499878270       0.57188057966156325       0.64000171569611375       0.81483614363129331       0.98825349009842767     
  0.55342065802507101       0.55375900077167284       0.55593992483574994       0.57258693581491527       0.64203333375647198       0.82375868544976161       0.99059449894434348     
  0.55345282948285146       0.55383061465988470       0.55619378281476028       0.57336068605892654       0.64415245704653590       0.83249920702389002       0.99250213673363241     
  0.55347562992581201       0.55389616884139214       0.55646786700419526       0.57420183980994133       0.64637306197120037       0.84104946693497107       0.99404964582336997     
  0.55348408959441997       0.55395270958200438       0.55675864248061158       0.57511934901463746       0.64871186372535128       0.84940488593658892       0.99529951762526148     
  0.55347612701113891       0.55399897207679971       0.55705947282854129       0.57611636147381062       0.65118836333955998       0.85756468587857859       0.99630460996441905     
  0.55343920732923280       0.55402364486067901       0.55735900870154031       0.57718601927796365       0.65379051533222665       0.86551670545305348       0.99710879366785987     
  0.55336540967336223       0.55400128249110969       0.55765284139234061       0.57832715634782617       0.65652733473616720       0.87325467020121017       0.99774917074826808     
  0.55323358113995602       0.55395467111882302       0.55791432652632322       0.57952400519364611       0.65945200360183298       0.88076693193830757       0.99825645757197523     
  0.55302690173712188       0.55386292800164394       0.55811699213096688       0.58076338576089070       0.66253410897788645       0.88804587395084711       0.99865626624423154     
  0.55271512578055382       0.55369840884831678       0.55823264579628207       0.58202686638145240       0.66579036833913363       0.89508171764310296       0.99896967371861611     
  0.55227385849943800       0.55342091225776646       0.55821956642441328       0.58330387193993949       0.66917535998991196       0.90186362482366089       0.99921402352539368     
  0.55166519639177480       0.55292922724379689       0.55803282933919873       0.58457349937445324       0.67260126375575258       0.90837684981275080       0.99940346173280725     
  0.55085420268069918       0.55201186315506945       0.55754598429499347       0.58577612682892477       0.67608330998949118       0.91460136422941141       0.99954950613623916     
  0.54975334817098553       0.55049365510972703       0.55673687704544839       0.58687104944608748       0.67957399223623027       0.92050793820875121       0.99966146621966723     
  0.54775403336865458       0.54821850935886274       0.55557374653911273       0.58782370289932584       0.68299205426349785       0.92606985425661281       0.99974684349347986     
  0.54380672423074361       0.54499083361753642       0.55384468566289458       0.58842407788565998       0.68651066268040994       0.93125793561541059       0.99981158728146569     
  0.53828840927112520       0.54078957537193062       0.55130138735374268       0.58865198715774814       0.68985566202205828       0.93604067914862232       0.99986040393470665     
  0.53126057044274788       0.53541459908586042       0.54788754233830494       0.58845818844839370       0.69288632526982830       0.94039752947189781       0.99989700313714569     
  0.52261834930017692       0.52858418383223238       0.54352171320156062       0.58768055032388700       0.69578085464831618       0.94429128518256034       0.99992425047068456     
   1.0000000000000000        1.0000000000000000        1.0000000000000000        1.0000000000000000        1.0000000000000000        1.0000000000000000        1.0000000000000000     
   1.0000000000000000        1.0000000000000000        1.0000000000000000        1.0000000000000000        1.0000000000000000        1.0000000000000000        1.0000000000000000     
   1.0000000000000000        1.0000000000000000        1.0000000000000000        1.0000000000000000        1.0000000000000000        1.0000000000000000        1.0000000000000000     
   1.0000000000000000        1.0000000000000000        1.0000000000000000        1.0000000000000000        1.0000000000000000        1.0000000000000000        1.0000000000000000     
   1.0000000000000000        1.0000000000000000        1.0000000000000000        1.0000000000000000        1.0000000000000000        1.0000000000000000        1.0000000000000000     
   1.0000000000000000        1.0000000000000000        1.0000000000000000        1.0000000000000000        1.0000000000000000        1.0000000000000000        1.0000000000000000     
   1.0000000000000000        1.0000000000000000        1.0000000000000000        1.0000000000000000        1.0000000000000000        1.0000000000000000        1.0000000000000000     
   1.0000000000000000        1.0000000000000000        1.0000000000000000        1.0000000000000000        1.0000000000000000        1.0000000000000000        1.0000000000000000     
   1.0000000000000000        1.0000000000000000        1.0000000000000000        1.0000000000000000        1.0000000000000000        1.0000000000000000        1.0000000000000000     
   1.0000000000000000        1.0000000000000000        1.0000000000000000        1.0000000000000000        1.0000000000000000        1.0000000000000000        1.0000000000000000     
   1.0000000000000000        1.0000000000000000        1.0000000000000000        1.0000000000000000        1.0000000000000000        1.0000000000000000        1.0000000000000000     
   1.0000000000000000        1.0000000000000000        1.0000000000000000        1.0000000000000000        1.0000000000000000        1.0000000000000000        1.0000000000000000     
   1.0000000000000000        1.0000000000000000        1.0000000000000000        1.0000000000000000        1.0000000000000000        1.0000000000000000        1.0000000000000000     
   1.0000000000000000        1.0000000000000000        1.0000000000000000        1.0000000000000000        1.0000000000000000        1.0000000000000000        1.0000000000000000     
   1.0000000000000000        1.0000000000000000        1.0000000000000000        1.0000000000000000        1.0000000000000000        1.0000000000000000        1.0000000000000000     
   1.0000000000000000        1.0000000000000000        1.0000000000000000        1.0000000000000000        1.0000000000000000        1.0000000000000000        1.0000000000000000     
   1.0000000000000000        1.0000000000000000        1.0000000000000000        1.0000000000000000        1.0000000000000000        1.0000000000000000        1.0000000000000000     
   1.0000000000000000        1.0000000000000000        1.0000000000000000        1.0000000000000000        1.0000000000000000        1.0000000000000000        1.0000000000000000     
   1.0000000000000000        1.0000000000000000        1.0000000000000000        1.0000000000000000        1.0000000000000000        1.0000000000000000        1.0000000000000000     
   1.0000000000000000        1.0000000000000000        1.0000000000000000        1.0000000000000000        1.0000000000000000        1.0000000000000000        1.0000000000000000     
   1.0000000000000000        1.0000000000000000        1.0000000000000000        1.0000000000000000        1.0000000000000000        1.0000000000000000        1.0000000000000000     
   1.0000000000000000        1.0000000000000000        1.0000000000000000        1.0000000000000000        1.0000000000000000        1.0000000000000000        1.0000000000000000     
   1.0000000000000000        1.0000000000000000        1.0000000000000000        1.0000000000000000        1.0000000000000000        1.0000000000000000        1.0000000000000000     
   1.0000000000000000        1.0000000000000000        1.0000000000000000        1.0000000000000000        1.0000000000000000        1.0000000000000000        1.0000000000000000     
   1.0000000000000000        1.0000000000000000        1.0000000000000000        1.0000000000000000        1.0000000000000000        1.0000000000000000        1.0000000000000000     
   1.0000000000000000        1.0000000000000000        1.0000000000000000        1.0000000000000000        1.0000000000000000        1.0000000000000000        1.0000000000000000     
   1.0000000000000000        1.0000000000000000        1.0000000000000000        1.0000000000000000        1.0000000000000000        1.0000000000000000        1.0000000000000000     
   1.0000000000000000        1.0000000000000000        1.0000000000000000        1.0000000000000000        1.0000000000000000        1.0000000000000000        1.0000000000000000     
   1.0000000000000000        1.0000000000000000        1.0000000000000000        1.0000000000000000        1.0000000000000000        1.0000000000000000        1.0000000000000000     
   1.0000000000000000        1.0000000000000000        1.0000000000000000        1.0000000000000000        1.0000000000000000        1.0000000000000000        1.0000000000000000     
   1.0000000000000000        1.0000000000000000        1.0000000000000000        1.0000000000000000        1.0000000000000000        1.0000000000000000        1.0000000000000000     
   1.0000000000000000        1.0000000000000000        1.0000000000000000        1.0000000000000000        1.0000000000000000        1.0000000000000000        1.0000000000000000     
   1.0000000000000000        1.0000000000000000        1.0000000000000000        1.0000000000000000        1.0000000000000000        1.0000000000000000        1.0000000000000000     
   1.0000000000000000        1.0000000000000000        1.0000000000000000        1.0000000000000000        1.0000000000000000        1.0000000000000000        1.0000000000000000     
   1.0000000000000000        1.0000000000000000        1.0000000000000000        1.0000000000000000        1.0000000000000000        1.0000000000000000        1.0000000000000000     
   1.0000000000000000        1.0000000000000000        1.0000000000000000        1.0000000000000000        1.0000000000000000        1.0000000000000000        1.0000000000000000     
   1.0000000000000000        1.0000000000000000        1.0000000000000000        1.0000000000000000        1.0000000000000000        1.0000000000000000        1.0000000000000000     
