   1.3575845152619019     
   1.3864040416290693     
   1.3987455841261531     
   1.3981404294233215     
   1.3867294726651598     
   1.3663823447807231     
   1.3390980648221549     
   1.3071971438734744     
   1.2725356610025711     
   1.2364311073459435     
   1.1995973598233582     
   1.1623046901761638     
   1.1246733183138038     
   1.0867880609375324     
   1.0487448004905655     
   1.0106542878854525     
  0.97261071340307936     
  0.93475186795460119     
  0.89726446187971820     
  0.86036462147132253     
  0.82429073381253959     
  0.78928830384938131     
  0.75560551503497897     
  0.72348006400536002     
  0.69313630529657333     
  0.66475659960426137     
  0.63845625881166634     
  0.61431958859004787     
  0.59238991563935361     
  0.57268224509371923     
  0.55521585293440157     
  0.53995215597640156     
  0.52679968218688000     
  0.51562542021890612     
  0.50622029115539202     
  0.49817831179305339     
  0.49107303825678938     
  0.48431875096186444     
  0.47722679065677137     
  0.46956559493269878     
  0.46112195582609522     
  0.45116150704336244     
  0.43831023227965044     
  0.42045304639584907     
  0.39800098413304458     
  0.45066595364437240     
  0.49295965046412360     
  0.52550367762540240     
  0.54911017458645772     
  0.56450155725558970     
  0.57233950069849238     
  0.57359720098764111     
  0.56943511670309599     
  0.55983962924773556     
  0.54492975475631322     
  0.52536271785364541     
  0.50183753944034559     
  0.47508717353352048     
  0.44585353967734537     
  0.41498377732959613     
  0.38364376936772915     
  0.35306580885478478     
  0.32446770486190174     
  0.29911795254626894     
  0.27820020542578039     
  0.26219878705568073     
  0.25108587537769861     
  0.24366442118485365     
  0.23782986911906420     
  0.23079346509003876     
  0.21954018601634184     
  0.20100037050485420     
  0.17433890181846795     
  0.14212797830099333     
  0.10892566187310479     
   7.9200097481368373E-002
   5.5965838224114377E-002
   4.0199239761555143E-002
   3.1050899816925735E-002
   2.6645760586829433E-002
   2.4971185849112468E-002
