  0.93720995541115903       0.90200469465425193       0.87019096052601719        1.0610755887102390        1.4964234751233731        3.3255656220024457        17.621254643855774     
  0.94810875662585026       0.91948430688398897       0.89700372153277030        1.0980932584066923        1.5247236882602908        3.3128835284243006        17.783745369283164     
  0.95528108710337611       0.93256798973798172       0.91931087420100743        1.1304619372444766        1.5338179682249093        3.1924303497672906        17.635590636021977     
  0.95958424993436664       0.94213804683742464       0.93778690806920462        1.1590121643442370        1.5272733450380489        2.9874776732975450        17.282898627619982     
  0.96166791831354081       0.94889492460664771       0.95300854852202965        1.1840953224176318        1.5058226549542930        2.7109623791432922        16.854876569281156     
  0.96202551579220497       0.95339170873587542       0.96544624396325340        1.2058560320073128        1.4700039955087012        2.3765133429966725        16.457392927700365     
  0.96100234886008629       0.95602963014440800       0.97544704496991452        1.2243878591836233        1.4200373702044933        2.0096381223829609        16.124746460815256     
  0.95884876071230385       0.95710343268624132       0.98326830891672556        1.2397610905808147        1.3567068771760205        1.6467041008674475        15.822731383743866     
  0.95574181741762365       0.95682681316920870       0.98909908447750905        1.2520788993981629        1.2819099248491264        1.3112642345262313        15.527460205893844     
  0.95180105804141335       0.95535161515841771       0.99309228387086812        1.2614371988116386        1.1980238371752756        1.0154455413156644        15.225261096624635     
  0.94710133777085492       0.95278395733655197       0.99537678439400779        1.2678937368926011        1.1077674632661141       0.75933542359014305        14.914828188289217     
  0.94168544844648217       0.94919808120700766       0.99607251775083427        1.2714703749292229        1.0134274850521192       0.53755148311682133        14.597392808515265     
  0.93557414597266098       0.94464712241633531       0.99529164933811265        1.2722193770407160       0.91672511856270067       0.34429001074311627        14.274851562910605     
  0.92877773021615384       0.93917186210046877       0.99312867808323679        1.2701716142603068       0.81904180148663885       0.17470776899785309        13.949193871544320     
  0.92129284838806924       0.93280011448797173       0.98966497762497452        1.2653594559817980       0.72156094614293254        2.4991081141581734E-002   13.622228473290480     
  0.91310440234283374       0.92555091337365547       0.98497736549589532        1.2577903071029488       0.62537025786353795      -0.10785053897326634        13.295514147117503     
  0.90418656834425426       0.91743425356987096       0.97908609887356235        1.2474877512160607       0.53137136959784459      -0.22618822685893794        12.970347775590819     
  0.89450482743015114       0.90845587408480033       0.97201819221072649        1.2345183046015551       0.44043626235721006      -0.33183154602222070        12.647788745403938     
  0.88402377625839146       0.89858997235730242       0.96379875772678336        1.2190014080420486       0.35347258249109198      -0.42620202221021775        12.328686779384462     
  0.87270225858636108       0.88781612002170873       0.95444177563781474        1.2011151510184206       0.27135124335999028      -0.51040478799438260        12.013715306157851     
  0.86049480348426421       0.87611255638447760       0.94398145287842805        1.1810548835138719       0.19493023475915497      -0.58530139641827494        11.703395011563778     
  0.84735470748417907       0.86345350432233514       0.93244624973684498        1.1590462844927181       0.12501566473057821      -0.65158286325516201        11.398129366847499     
  0.83322495562039622       0.84980705518255273       0.91982302990201326        1.1353494364149481        6.2374323749407691E-002 -0.70977541504060115        11.098232515718783     
  0.81805423435991265       0.83513445839107603       0.90608121340444703        1.1102593015520790        7.6717690298094511E-003 -0.76031111023751141        10.803941145144337     
  0.80177596249644811       0.81938687196071391       0.89116848830121076        1.0840975723234483       -3.8516881257885188E-002 -0.80354646400175134        10.515438875345524     
  0.78431797853317420       0.80250155362088216       0.87502371323850636        1.0571484708975287       -7.5732209404844167E-002 -0.83978186483349049        10.232873864382123     
  0.76560123271098135       0.78439776169090358       0.85755842046874453        1.0296084217090953      -0.10363065089511264      -0.86928036150128163        9.9563600218336603     
  0.74551878636317259       0.76498006715932287       0.83867295725198532        1.0016348689517087      -0.12192827301167032      -0.89226953342264692        9.6859841650220684     
  0.72393710468733963       0.74413929285196245       0.81824727651594897       0.97334857442684641      -0.13043108005096510      -0.90896390233246505        9.4218087641637513     
  0.70069791856774377       0.72173772963658200       0.79615571810751773       0.94483386994686280      -0.12899434346446428      -0.91956553076174508        9.1638875705516991     
  0.67565000773214012       0.69762749179869399       0.77224634671705294       0.91613518385763826      -0.11736549635250799      -0.92427178240240182        8.9122787918899391     
  0.64863540465864922       0.67163362266035231       0.74632838025716641       0.88723735230319301       -9.5391754022509018E-002 -0.92327841268202526        8.6670265834875693     
  0.61946655067767253       0.64358258438674687       0.71820632830052611       0.85811673216931439       -6.3116340706651730E-002 -0.91679868896325056        8.4281775358590423     
  0.58794341203441736       0.61325516453687767       0.68764909954956310       0.82872473294881777       -2.0665122016565920E-002 -0.90505411280964032        8.1957666492592498     
  0.55383621247297632       0.58037212759334433       0.65437164922148749       0.79894106089784755        3.1708394137469197E-002 -0.88828306783243005        7.9698308420052530     
  0.51686491835940296       0.54460554217462631       0.61802751347045481       0.76855535930984209        9.3157389815541392E-002 -0.86674236038202701        7.7504063991677850     
  0.47669960054211219       0.50557034773131926       0.57828703687120486       0.73726882748225253       0.16288655430016011      -0.84068113369955300        7.5375361437469932     
  0.43290719910974063       0.46280290075638736       0.53484907865720011       0.70477071570015182       0.23946466946390815      -0.81038803104789858        7.3312599616416563     
  0.38499212483636014       0.41575154009055904       0.48719905773702427       0.67058550843888021       0.32152535287456840      -0.77612835179683493        7.1316196283892088     
  0.33230400993583509       0.36368957394668672       0.43488199260176197       0.63419604042579747       0.40964812899778069      -0.73816478733199509        6.9386659477195689     
  0.27415276150583107       0.30557921242005270       0.37750246532530529       0.59523754893891156       0.50423563700901408      -0.69662971487494108        6.7524769644984532     
  0.20935950016700819       0.24027470235972589       0.31380264161314642       0.55291231576156297       0.60518986411236275      -0.65193992549208313        6.5731617645283835     
  0.13638718946635933       0.16685439060954049       0.24206927679935125       0.50570594349679177       0.71134327394546037      -0.60467968471990641        6.4008465129560301     
   5.3558048559259809E-002   8.3487486670395822E-002  0.16222695536381712       0.44963722950177937       0.82091881141089573      -0.55534897658379967        6.2356976342055006     
  -3.9740042594230536E-002  -9.2094875348070083E-003   7.3322565500127515E-002  0.38463147377958640       0.93660097916948704      -0.50418008353477728        6.0779296141684238     
  -1.7209327786035285E-002   1.0009007608331504E-002   9.0328783234469523E-002  0.40834096669876546        1.0845168556292033      -0.44829267461830125        5.9278931431683795     
  -5.8516091725504416E-003   1.8931705161113328E-002   9.6197863345218529E-002  0.42049388994233322        1.2205046849582657      -0.38803847623080762        5.7831282785316542     
   7.8639189910047528E-004   2.1974330084742318E-002   9.4102238915883540E-002  0.42092674738683511        1.3428947231353461      -0.32329920673705320        5.6434110862631188     
   4.4380132318363637E-003   2.1909718274846317E-002   8.6817320449317212E-002  0.41048504369176531        1.4501497637399068      -0.25390597857235525        5.5085147865102435     
   5.6445631065033123E-003   2.0008111870152341E-002   7.6680982647461121E-002  0.39032126193584699        1.5407102182615666      -0.17961055815650823        5.3782677377701642     
   5.3752211083585846E-003   1.6988649527568754E-002   6.5346472477847764E-002  0.36185534920554618        1.6131281451767008      -0.10005937250819577        5.2526100826968571     
   4.3506914729837531E-003   1.3425892311701467E-002   5.3834446885163388E-002  0.32714113077245888        1.6668301919046262       -1.4544327968132329E-002   5.1315895501066775     
   3.1479102769339539E-003   9.9155952933680062E-003   4.2763819946386006E-002  0.28838765051039933        1.7021348363679969        7.7797855630199836E-002   5.0152366499321825     
   2.1019365107891644E-003   6.8865747830840606E-003   3.2615019413843510E-002  0.24774995958909382        1.7148036066765293       0.17771307939749154        4.9035841950826358     
   1.3345418069981082E-003   4.5344925095294197E-003   2.3800797423167971E-002  0.20721173276824437        1.7014851726369848       0.28618898835229456        4.7967680895035993     
   8.1439186049010867E-004   2.8601250025440820E-003   1.6590143809836814E-002  0.16851950836323429        1.6615644001691747       0.40444406382792980        4.6950490435748726     
   4.8512879438990659E-004   1.7372671860131025E-003   1.1045239187070607E-002  0.13298439300489681        1.5954698006607155       0.53391199713439985        4.5986705629766860     
   2.9689746729072024E-004   1.0280009724811209E-003   7.0280241344739432E-003  0.10157120238940891        1.5044084016623895       0.67647025603044497        4.5077477086583979     
   2.0321782714730684E-004   6.1309250106196208E-004   4.2885169652287138E-003   7.4826929751216492E-002   1.3903085068647500       0.83432029462496904        4.4223072189456314     
   1.6386730656925676E-004   3.9485096830673859E-004   2.5307296219691201E-003   5.2833528824187598E-002   1.2563415742881627        1.0095298286658883        4.3423283267773742     
   1.5022770506081690E-004   2.9500863854415075E-004   1.4774977690369926E-003   3.5593742925212786E-002   1.1071059096671052        1.2041446305722985        4.2677388194408348     
   1.4648477788884647E-004   2.5669374290347491E-004   8.9686874821680188E-004   2.2782469626144091E-002  0.94812577372318274        1.4194878646185758        4.1984124118983450     
   1.4576822244269572E-004   2.4491830642713112E-004   6.0941297156519455E-004   1.3822232381423072E-002  0.78558007612344127        1.6554222097773090        4.1341312903050804     
   1.4573675048368213E-004   2.4237362913654502E-004   4.8488229329290435E-004   8.1099362793057780E-003  0.62628361615242678        1.9100984711919489        4.0746025114287585     
   1.4578431839937198E-004   2.4218782071038175E-004   4.3832516248063083E-004   4.7025535944530987E-003  0.47760563203011197        2.1800364557502903        4.0194682853077817     
   1.4580620923618088E-004   2.4228628532410216E-004   4.2264305753493011E-004   2.8116976520894633E-003  0.34649337564502902        2.4509825369586742        3.9683252477945383     
   1.4580421542855832E-004   2.4225936140154035E-004   4.1660514142241139E-004   1.8312950176123432E-003  0.23804160999877153        2.7064171438208953        3.9207214190761004     
   1.4579238952550728E-004   2.4211851719911333E-004   4.1275603681307040E-004   1.3420521995540437E-003  0.15400914359806595        2.9227436337074244        3.8761166074131119     
   1.4578048372867488E-004   2.4194426395661656E-004   4.0934343977323497E-004   1.0898719828230014E-003   9.3648683541405889E-002   3.0704432091324905        3.8338951247015189     
   1.4577226183597081E-004   2.4179665679406208E-004   4.0629814752686223E-004   9.4276255772567238E-004   5.3746832781993339E-002   3.1178304752913903        3.7932246221356345     
   1.4576772710004075E-004   2.4169841970158324E-004   4.0387589567689489E-004   8.4406133729576164E-004   3.0028655510142742E-002   3.0332954521979416        3.7527870652791937     
   1.4576560527045126E-004   2.4164439368653048E-004   4.0221308748172082E-004   7.7388955883553507E-004   1.6921669215093839E-002   2.7892331690708425        3.7108916272105450     
   1.4576471312811732E-004   2.4161943304634460E-004   4.0123939691437725E-004   7.2543203340277569E-004   9.9877471337571928E-003   2.3897746164715787        3.6651878915166338     
   1.4576429590792096E-004   2.4160974556401607E-004   4.0075416665167512E-004   6.9464970800540743E-004   6.2283950879975254E-003   1.8886358900211997        3.6127608078432774     
   1.4576395880789897E-004   2.4160648709071759E-004   4.0055141532711712E-004   6.7730731817779340E-004   4.0229413978648647E-003   1.3663339735773374        3.5503812122898033     
   1.4576350492415517E-004   2.4160513657191848E-004   4.0048286633273875E-004   6.6882563464745878E-004   2.6604514627581516E-003  0.89831621488369440        3.4753531274227982     
   1.4576278048745794E-004   2.4160384462145230E-004   4.0046405897708098E-004   6.6530813363003052E-004   1.8463177884596425E-003  0.53457225274452802        3.3876897939812132     
   1.4576153692401811E-004   2.4160177437341460E-004   4.0045772499951290E-004   6.6412194297163908E-004   1.4115500238717394E-003  0.29056707578997482        3.2970522331265579     
   1.4575920093035856E-004   2.4159790258464458E-004   4.0045097859193069E-004   6.6381013804029765E-004   1.2124245071220001E-003  0.14946657805424357        3.2379397915131189     
   1.4575404959927567E-004   2.4158936653062240E-004   4.0043681502314972E-004   6.6373283775135580E-004   1.1351825759703242E-003   7.6216003014234562E-002   3.2589315398375125     
   1.4573746103139915E-004   2.4156187973062884E-004   4.0039129225467022E-004   6.6365084314466206E-004   1.1093495147472216E-003   3.8295902315885984E-002   3.3619783057891737     
