  0.64736617929857199       0.66610815384467781       0.69243716551775536       0.71949328016517622       0.75370093268731286       0.93185655584363902        1.5729889770745666     
  0.66067850486625535       0.67742809352014799       0.70252727452383956       0.73229220198501443       0.77669627500681193       0.97865476288244424        1.7137064325553486     
  0.67559095145573267       0.69035728526523787       0.71366706521564660       0.74470225112322763       0.79920059171485902        1.0257231730891725        1.8633610104247942     
  0.69163482687239752       0.70441672427702084       0.72574203626721034       0.75727566593977158       0.82173084413403585        1.0732450427005411        2.0216592310333983     
  0.70844963173955444       0.71929857267844644       0.73859086428785115       0.77015875981207960       0.84445301554103169        1.1207555083183836        2.1892550811846143     
  0.72574805590439961       0.73478412286305761       0.75205865505391767       0.78338887814386982       0.86734787869370622        1.1675581911526638        2.3673651419264012     
  0.74333211701293989       0.75069891348062656       0.76599727002476992       0.79694523069318424       0.89025529157401084        1.2132781691603713        2.5572539871304119     
  0.76105949308388343       0.76689059246596891       0.78027366697851264       0.81078392108134345       0.91289304143237904        1.2583283766251012        2.7598303797001256     
  0.77876800895634268       0.78321875723723522       0.79471553335293743       0.82483389725746403       0.93502895373624084        1.3032226503663216        2.9758011675411491     
  0.79629882435196542       0.79955353242687355       0.80925404232027909       0.83901963682735514       0.95643833612781115        1.3483055995700706        3.2058864428781049     
  0.81351108719720533       0.81575863106463120       0.82380493994628834       0.85324561344123673       0.97700642948302019        1.3937744273731998        3.4508434688387006     
  0.83027248158886302       0.83168845187785156       0.83822951859804218       0.86740900986443481       0.99663024313434012        1.4397230716966034        3.7114103101506530     
  0.84647389823964991       0.84722505646378621       0.85243472294395173       0.88142469112417510        1.0152495339339791        1.4862392416193939        3.9884580675148191     
  0.86203018436754619       0.86225688901955533       0.86630670955122968       0.89518603033158950        1.0328554260835612        1.5333436836995871        4.2827947411509735     
  0.87688408903309045       0.87669542886604490       0.87976233176884411       0.90861046526794109        1.0494386568941798        1.5810627606930607        4.5953120090365571     
  0.89099752812758826       0.89047781978524787       0.89273195525130811       0.92161714334000411        1.0651205006239959        1.6294124170261894        4.9269356521620962     
  0.90433910613820223       0.90355376504615137       0.90514292934257379       0.93411991721513876        1.0799814209593479        1.6783854524338195        5.2785703201326957     
  0.91688267351514618       0.91590783922902641       0.91696519753566108       0.94605468688461802        1.0939958393117117        1.7279692673428422        5.6511388231667192     
  0.92860734933281985       0.92748867077277697       0.92815499413658564       0.95737928880919176        1.1072035144787309        1.7781470519922293        6.0455845989452417     
  0.93947492701252755       0.93823600623936720       0.93864736364599766       0.96806386898991892        1.1196307769525926        1.8288814829925517        6.4627922007469047     
  0.94946466645508021       0.94813376355230172       0.94838490268772180       0.97808121398072756        1.1313153792703055        1.8801594189169302        6.9037492599877126     
  0.95855640480750393       0.95715481941505320       0.95733317984868360       0.98737751686924313        1.1422763727730998        1.9319472346039028        7.3693848287060755     
  0.96672913024540041       0.96526910031800484       0.96547848167286798       0.99590153670344017        1.1525248880119723        1.9842089869731647        7.8606252705556230     
  0.97396787084269565       0.97247665452686860       0.97282907085223325        1.0036249264110915        1.1620778620715246        2.0369274439105336        8.3784894042495655     
  0.98026856963731634       0.97875458428450557       0.97938129648073236        1.0105858273046049        1.1709767647085818        2.0900986488531523        8.9240416952992501     
  0.98561486421783617       0.98410357540780302       0.98511810302308889        1.0168170026554528        1.1792434578838513        2.1436969575720775        9.4982781032192136     
  0.99000134527383143       0.98850585547527814       0.98999695874625271        1.0222906341206843        1.1868672716602455        2.1976619258248755        10.102034699116842     
  0.99340964451091551       0.99194320490153998       0.99397860787618231        1.0269854715220401        1.1938392323390756        2.2519412141247988        10.736162202665078     
  0.99583237151068782       0.99440630908537619       0.99704754389435302        1.0308975520162076        1.2001609772419206        2.3065038627971108        11.401626124166278     
  0.99721331916992362       0.99587335647133912       0.99919867039101684        1.0340278033716186        1.2058477665450107        2.3613468241125144        12.099471058105379     
  0.99751376896524846       0.99627564508722333        1.0003873197343931        1.0363495442098736        1.2108707132155547        2.4163776489270936        12.830294818376899     
  0.99670261487552481       0.99564091273062327        1.0005758772504914        1.0378162752538627        1.2152289624306207        2.4715372709553791        13.594809856473113     
  0.99470132401967881       0.99393210456327885       0.99968829403892390        1.0383565234693843        1.2189010842149453        2.5267096891483414        14.393360664609569     
  0.99144511565464954       0.99111025631590077       0.99765200353027295        1.0379301850723697        1.2218849143781503        2.5817983630158476        15.226406841897912     
  0.98686616527576143       0.98709785106679981       0.99439125630251446        1.0364642645075872        1.2241436991260599        2.6366756775831446        16.093980431648664     
  0.98090693323386269       0.98177678583459438       0.98971107176101525        1.0338781757384776        1.2256006510980846        2.6911999010604752        16.995972094540694     
  0.97351541172049849       0.97484914540207479       0.98339405311178751        1.0299792268352379        1.2262324474004613        2.7451882081673391        17.931854819212994     
  0.96457268568732368       0.96590099444018584       0.97557370238648611        1.0246680688833574        1.2259146236779042        2.7984418148686179        18.900827007910443     
  0.95384228837175677       0.95434735144681859       0.96571723699497214        1.0177427182713095        1.2242992794664689        2.8507474110821067        19.902106303491792     
  0.93974269338412730       0.94003685850279994       0.95330778344580602        1.0089043178402513        1.2212243057259391        2.9019434369045918        20.934581665778722     
  0.92028489862348994       0.92258201613470192       0.93845902182340568       0.99801384539766447        1.2165780674173623        2.9517975437964319        21.996626173787853     
  0.89635182282403170       0.90126914239441713       0.92106379280737605       0.98473411294815905        1.2103910765817902        3.0000258676709648        23.085895908102565     
  0.86790482694029891       0.87663143992640424       0.89917528676390668       0.96925490044547202        1.2023746491154033        3.0463607121580161        24.199837634422227     
  0.83472240939768116       0.84617383001207824       0.87301506820599195       0.94955262952141584        1.1925107134912352        3.0902301852792791        25.333486120830845     
  0.80793890588441997       0.82301252612756359       0.85390577692441927       0.93156140247693986        1.1810074624810949        3.1311754243380485        26.480389340888941     
  0.76946666232516359       0.78808658372448182       0.82420724037606474       0.90866154199260729        1.1682845960127339        3.1682064800649257        27.633081297332321     
  0.73366000626063721       0.75550172692300011       0.79640990446176385       0.88719911160574250        1.1554159110390279        3.2008338577696049        28.783109150152438     
  0.70104532676557840       0.72501789410233208       0.77012901773781550       0.86677835882308729        1.1423193358280554        3.2287582860535844        29.924745971843265     
  0.67240348393003346       0.69692961072858139       0.74517726533413686       0.84757269107403810        1.1291461478556006        3.2517461465034443        31.054171515908852     
  0.64930782654541219       0.67176235712404442       0.72155634480425923       0.82930794039419953        1.1160873290630249        3.2702440919919633        32.170185849539479     
  0.63099198235393739       0.65078040677921600       0.69936108169684552       0.81153426257008698        1.1028546162579953        3.2843234410123689        33.269959851258193     
  0.61561615843012296       0.63361809970686622       0.67869042185809736       0.79395686184984349        1.0894121426727437        3.2932801044303126        34.342415593060871     
  0.60286347393039608       0.61902449674893989       0.65972102529522281       0.77635119126540619        1.0777177574244072        3.2962486559291477        35.373903378903421     
  0.59319430984613286       0.60662545127577849       0.64272846874395850       0.75861805767400070        1.0664290697960419        3.2927087645163691        36.353848658548195     
  0.58698523203447006       0.59666709621393721       0.62782616360140386       0.74074960811788115        1.0545012207218880        3.2822543968762679        37.271933542711160     
  0.58354534880263909       0.58952822751078504       0.61497252529591917       0.72271250546630228        1.0416133205233353        3.2641770236055709        38.113289886453352     
  0.58176642302389070       0.58505907276497282       0.60414922600960785       0.70445779505221939        1.0275578178838154        3.2374908243894929        38.858270050099520     
  0.58098031520078164       0.58255993949932849       0.59551153013683644       0.68600837130370440        1.0120671513124069        3.2011041728646221        39.484186585777479     
  0.58072959584213180       0.58133313162309264       0.58917812108622303       0.66754253088305482       0.99466143620501479        3.1539917792353385        39.966994062964183     
  0.58067157584615259       0.58085049983369175       0.58500769508404071       0.64936649358689680       0.97492436335662658        3.0951158732825377        40.280984445172415     
  0.58066076901185804       0.58070531035564976       0.58259077625861588       0.63195879886356454       0.95265695622399271        3.0236271686102496        40.400389226272118     
  0.58065909492785184       0.58067018286263361       0.58138580503247506       0.61623532407483650       0.92737264785487716        2.9388513080842142        40.299411548157131     
  0.58065885129552497       0.58066285600190903       0.58089086042210281       0.60323454764303330       0.89863207681924517        2.8403620560070233        39.955432835394674     
  0.58065881358634397       0.58066144397101704       0.58072665670075507       0.59339250016646172       0.86630859468358867        2.7279989571572072        39.350923012269007     
  0.58065880568957651       0.58066114941143365       0.58068094365329137       0.58690242186132635       0.83061360209713886        2.6044014516998915        38.474361379554175     
  0.58065880282617766       0.58066106503479686       0.58066955995487757       0.58332042550302754       0.79197324703030170        2.4690470107757738        37.319586457607237     
  0.58065880148239613       0.58066102893844351       0.58066659202050552       0.58163968013347944       0.75108461876418997        2.3238741988364615        35.884551770321494     
  0.58065880086742105       0.58066101103379364       0.58066556170881345       0.58098655250509856       0.70926489587643105        2.1711849555237253        34.175050230623839     
  0.58065880061629505       0.58066100257031283       0.58066507424420166       0.58077330419574946       0.66887516912323353        2.0132131607959738        32.204376731214289     
  0.58065880052794483       0.58066099902267654       0.58066482523642671       0.58070920899879597       0.63367179381036765        1.8535439924494970        29.996943358835480     
  0.58065880050128171       0.58066099775381630       0.58066470783835678       0.58068776285302448       0.60750863649379205        1.6965157869432346        27.589388841334113     
  0.58065880049437135       0.58066099737559618       0.58066466004594031       0.58067847267342476       0.59188748625992049        1.5395368059965175        25.027524754800769     
  0.58065880049286089       0.58066099728138121       0.58066464392878514       0.58067390239176719       0.58465964295890760        1.3823378861272151        22.367735274632160     
  0.58065880049259688       0.58066099726164677       0.58066463956243630       0.58067180321363676       0.58202410510100777        1.2262865128408784        19.671712355468518     
  0.58065880049256158       0.58066099725833920       0.58066463862377948       0.58067099250107523       0.58117727866687741        1.0738993776789185        17.005595373449754     
  0.58065880049255847       0.58066099725791820       0.58066463846292804       0.58067074375844263       0.58087794217293753       0.92957500848902708        14.433837210369711     
  0.58065880049255814       0.58066099725787801       0.58066463844178573       0.58067068533388211       0.58075461238967041       0.80093590269571258        12.026175121372427     
  0.58065880049255758       0.58066099725787590       0.58066463843968719       0.58067067514935600       0.58070453692265633       0.69898956699024339        9.8395556719460924     
  0.58065880049255747       0.58066099725787534       0.58066463843953808       0.58067067388699778       0.58068687433892374       0.63300491286221439        7.9101372247649104     
  0.58065880049255758       0.58066099725787546       0.58066463843953009       0.58067067377659409       0.58068188583753599       0.60049943235139136        6.2668995821039335     
  0.58075182374979195       0.58075402051516667       0.58075766169686849       0.58076369702728892       0.58077386628740935       0.58800962940469048        4.9490534426162602     
