   1.1277234346659347E-004   1.0655666542114081E-003   4.1687228104965949E-003   6.5604178601867420E-003   4.1687228104965637E-003   1.0655666542114077E-003   1.1277234346659247E-004
   1.1267232542392721E-004   1.0646216007718118E-003   4.1650255609484372E-003   6.5545994109705800E-003   4.1650255609484406E-003   1.0646216007718133E-003   1.1267232542392650E-004
   1.1256830665955471E-004   1.0636387451946326E-003   4.1611804214183989E-003   6.5485482237857880E-003   4.1611804214184128E-003   1.0636387451946332E-003   1.1256830665955431E-004
   1.1246028717347573E-004   1.0626180874798703E-003   4.1571873919064523E-003   6.5422642986323627E-003   4.1571873919064436E-003   1.0626180874798710E-003   1.1246028717347514E-004
   1.1235169615572470E-004   1.0615920294597362E-003   4.1531732352541777E-003   6.5359471251977075E-003   4.1531732352541864E-003   1.0615920294597396E-003   1.1235169615572348E-004
   1.1224424820131716E-004   1.0605767720503487E-003   4.1492013328825079E-003   6.5296964483254963E-003   4.1492013328824854E-003   1.0605767720503489E-003   1.1224424820131693E-004
   1.1213737177858338E-004   1.0595669149463234E-003   4.1452505576510708E-003   6.5234790197345443E-003   4.1452505576510795E-003   1.0595669149463210E-003   1.1213737177858241E-004
   1.1203106688752098E-004   1.0585624581476694E-003   4.1413209095599226E-003   6.5172948394248108E-003   4.1413209095599261E-003   1.0585624581476729E-003   1.1203106688752049E-004
   1.1192304740144229E-004   1.0575418004329111E-003   4.1373278800479717E-003   6.5110109142713750E-003   4.1373278800479717E-003   1.0575418004329115E-003   1.1192304740144109E-004
   1.1181102719365658E-004   1.0564833405805618E-003   4.1331869605540760E-003   6.5044942511493006E-003   4.1331869605540613E-003   1.0564833405805629E-003   1.1181102719365579E-004
   1.1169386320081928E-004   1.0553762779798965E-003   4.1288558967977236E-003   6.4976783534961115E-003   4.1288558967976932E-003   1.0553762779798982E-003   1.1169386320081873E-004
   1.1156926929624115E-004   1.0541990114094316E-003   4.1242501802177525E-003   6.4904302281868680E-003   4.1242501802177456E-003   1.0541990114094296E-003   1.1156926929624053E-004
   1.1143838854326710E-004   1.0529623414799122E-003   4.1194120650948057E-003   6.4828163717839948E-003   4.1194120650947848E-003   1.0529623414799016E-003   1.1143838854326646E-004
   1.1129950634687923E-004   1.0516500672752181E-003   4.1142781700079832E-003   6.4747370394438756E-003   4.1142781700079468E-003   1.0516500672752144E-003   1.1129950634687886E-004
   1.1115262270707892E-004   1.0502621887953534E-003   4.1088484949573043E-003   6.4661922311664496E-003   4.1088484949573052E-003   1.0502621887953513E-003   1.1115262270707812E-004
   1.1099773762386529E-004   1.0487987060403214E-003   4.1031230399428123E-003   6.4571819469517386E-003   4.1031230399427819E-003   1.0487987060403222E-003   1.1099773762386419E-004
   1.1083370803389325E-004   1.0472488183993892E-003   4.0970595506838710E-003   6.4476396902372638E-003   4.0970595506838554E-003   1.0472488183993845E-003   1.1083370803389242E-004
   1.1065939087381836E-004   1.0456017252618080E-003   4.0906157729000145E-003   6.4374989644605573E-003   4.0906157728999842E-003   1.0456017252618074E-003   1.1065939087381779E-004
   1.1047364308029631E-004   1.0438466260168477E-003   4.0837494523106458E-003   6.4266932730591151E-003   4.0837494523106145E-003   1.0438466260168421E-003   1.1047364308029518E-004
   1.1027417852663760E-004   1.0419619194430298E-003   4.0763760803546756E-003   6.4150896229080946E-003   4.0763760803546765E-003   1.0419619194430281E-003   1.1027417852663592E-004
   1.1006042568116870E-004   1.0399422052349875E-003   4.0684745298918308E-003   6.4026547657261897E-003   4.0684745298918377E-003   1.0399422052349758E-003   1.1006042568116721E-004
   1.0983066994887280E-004   1.0377712824766042E-003   4.0599814195012955E-003   6.3892889566696497E-003   4.0599814195013120E-003   1.0377712824765990E-003   1.0983066994887225E-004
   1.0958319673473458E-004   1.0354329502517735E-003   4.0508333677622349E-003   6.3748924508948632E-003   4.0508333677622358E-003   1.0354329502517746E-003   1.0958319673473314E-004
   1.0931743450707909E-004   1.0329218082551377E-003   4.0410092475343835E-003   6.3594320001205459E-003   4.0410092475343619E-003   1.0329218082551403E-003   1.0931743450707825E-004
   1.0903338326590862E-004   1.0302378564866922E-003   4.0305090588177248E-003   6.3429076043466631E-003   4.0305090588177153E-003   1.0302378564866889E-003   1.0903338326590743E-004
   1.0872989994787648E-004   1.0273702943356907E-003   4.0192905473317182E-003   6.3252527670108315E-003   4.0192905473317112E-003   1.0273702943356926E-003   1.0872989994787540E-004
   1.0840412689462166E-004   1.0242921202753004E-003   4.0072480773749863E-003   6.3063012467068375E-003   4.0072480773749664E-003   1.0242921202752995E-003   1.0840412689462101E-004
   1.0805377797945571E-004   1.0209817330840368E-003   3.9942971403864125E-003   6.2859200503097073E-003   3.9942971403864186E-003   1.0209817330840345E-003   1.0805377797945441E-004
   1.0767771013903160E-004   1.0174283321511702E-003   3.9803954820854812E-003   6.2640426812570161E-003   3.9803954820854838E-003   1.0174283321511600E-003   1.0767771013903066E-004
   1.0727592337335098E-004   1.0136319174766800E-003   3.9655431024721898E-003   6.2406691395487483E-003   3.9655431024721733E-003   1.0136319174766741E-003   1.0727592337335058E-004
   1.0684441696070748E-004   1.0095546869229913E-003   3.9495921115645805E-003   6.2155666872162167E-003   3.9495921115645736E-003   1.0095546869229970E-003   1.0684441696070640E-004
   1.0638090477440996E-004   1.0051750392686490E-003   3.9324580008015574E-003   6.1886023311345179E-003   3.9324580008015643E-003   1.0051750392686498E-003   1.0638090477440952E-004
   1.0588081456108090E-004   1.0004497720706778E-003   3.9139717530609786E-003   6.1595100850538181E-003   3.9139717530609682E-003   1.0004497720706783E-003   1.0588081456107970E-004
   1.0534071713068545E-004   9.9534648349686888E-004   3.8940066055011251E-003   6.1280904592866418E-003   3.8940066055011100E-003   9.9534648349686779E-004   1.0534071713068440E-004
   1.0475604022984436E-004   9.8982197110426937E-004   3.8723935409998257E-003   6.0940774675831378E-003   3.8723935409998183E-003   9.8982197110426720E-004   1.0475604022984368E-004
   1.0412221160517992E-004   9.8383303244992679E-004   3.8489635424348860E-003   6.0572051236934118E-003   3.8489635424348713E-003   9.8383303244992506E-004   1.0412221160517825E-004
   1.0343351593996577E-004   9.7732566448014758E-004   3.8235053384035257E-003   6.0171409448050881E-003   3.8235053384035244E-003   9.7732566448014541E-004   1.0343351593996492E-004
   1.0268423791748071E-004   9.7024586414124554E-004   3.7958076575030559E-003   5.9735524481058493E-003   3.7958076575030355E-003   9.7024586414124316E-004   1.0268423791747990E-004
   1.0186866222099970E-004   9.6253962837952170E-004   3.7656592283306744E-003   5.9261071507833605E-003   3.7656592283306554E-003   9.6253962837952289E-004   1.0186866222099901E-004
   1.0098335966048890E-004   9.5417455536277206E-004   3.7329332880447282E-003   5.8746055631501808E-003   3.7329332880447299E-003   9.5417455536277336E-004   1.0098335966048802E-004
   1.0002318645089718E-004   9.4510204234266460E-004   3.6974396923827794E-003   5.8187484506751954E-003   3.6974396923827695E-003   9.4510204234266319E-004   1.0002318645089575E-004
   9.8981855743826867E-005   9.3526268596014748E-004   3.6589460428017684E-003   5.7581700822648321E-003   3.6589460428017749E-003   9.3526268596014390E-004   9.8981855743826460E-005
   9.7854223754229096E-005   9.2460788346689451E-004   3.6172621950392621E-003   5.6925712233879718E-003   3.6172621950392460E-003   9.2460788346689071E-004   9.7854223754228011E-005
   9.6625430658619935E-005   9.1299722692330927E-004   3.5718388434480709E-003   5.6210874187324891E-003   3.5718388434480422E-003   9.1299722692330342E-004   9.6625430658619095E-005
   9.5282331228535770E-005   9.0030650930589913E-004   3.5221900638018767E-003   5.5429539578299662E-003   3.5221900638018598E-003   9.0030650930589262E-004   9.5282331228535079E-005
   9.3815209425546128E-005   8.8644392542339091E-004   3.4679566947160407E-003   5.4576056198994546E-003   3.4679566947160042E-003   8.8644392542338885E-004   9.3815209425545152E-005
   9.2212634616202759E-005   8.7130146916840204E-004   3.4087161933849977E-003   5.3643774393162136E-003   3.4087161933849816E-003   8.7130146916840183E-004   9.2212634616202136E-005
   9.0475749863851626E-005   8.5488994115167456E-004   3.3445108140893452E-003   5.2633359126427045E-003   3.3445108140893452E-003   8.5488994115167163E-004   9.0475749863850569E-005
   8.8614842738594338E-005   8.3730654686985421E-004   3.2757208453540417E-003   5.1550795089411842E-003   3.2757208453540218E-003   8.3730654686984965E-004   8.8614842738593295E-005
   8.6646487658930486E-005   8.1870789517863836E-004   3.2029589742470317E-003   5.0405724283674761E-003   3.2029589742470312E-003   8.1870789517863554E-004   8.6646487658929931E-005
   8.4580972194962562E-005   7.9919119157466714E-004   3.1266054892932983E-003   4.9204131399837999E-003   3.1266054892932667E-003   7.9919119157466844E-004   8.4580972194961965E-005
   8.2408580308260200E-005   7.7866463086668028E-004   3.0463012291081087E-003   4.7940364230091423E-003   3.0463012291080910E-003   7.7866463086667984E-004   8.2408580308259848E-005
   8.0117309833703824E-005   7.5701480664191675E-004   2.9616025237457428E-003   4.6607440635375958E-003   2.9616025237457324E-003   7.5701480664191437E-004   8.0117309833703499E-005
   7.7705446176276253E-005   7.3422551798427117E-004   2.8724459917853656E-003   4.5204363167254333E-003   2.8724459917853396E-003   7.3422551798426651E-004   7.7705446176275616E-005
   7.5174703930994219E-005   7.1031296580984741E-004   2.7788950146477817E-003   4.3732129274163655E-003   2.7788950146477613E-003   7.1031296580984632E-004   7.5174703930993406E-005
   7.2520510844479013E-005   6.8523394767569783E-004   2.6807805752108007E-003   4.2188079093605250E-003   2.6807805752107837E-003   6.8523394767569805E-004   7.2520510844478430E-005
   6.9733722409972369E-005   6.5890205869591309E-004   2.5777646392300341E-003   4.0566892900581282E-003   2.5777646392300176E-003   6.5890205869591429E-004   6.9733722409971420E-005
   6.6805194120716228E-005   6.3123089398459250E-004   2.4695091724610645E-003   3.8863250970094260E-003   2.4695091724610623E-003   6.3123089398459185E-004   6.6805194120715875E-005
   6.3729210659987161E-005   6.0216645048803837E-004   2.3558029035011612E-003   3.7073828474020764E-003   2.3558029035011582E-003   6.0216645048803740E-004   6.3729210659986646E-005
   6.0502914369423111E-005   5.7168172667941151E-004   2.2365401966489345E-003   3.5196962998298824E-003   2.2365401966489341E-003   5.7168172667940978E-004   6.0502914369422739E-005
   5.7128591375713819E-005   5.3979832378018395E-004   2.1118055604654887E-003   3.3233984474178055E-003   2.1118055604654861E-003   5.3979832378018287E-004   5.7128591375713406E-005
   5.3613100058927462E-005   5.0658104545478553E-004   1.9818525206341340E-003   3.1188882695406327E-003   1.9818525206341283E-003   5.0658104545478130E-004   5.3613100058926866E-005
   4.9971300242545811E-005   4.7217029964281132E-004   1.8472303828020037E-003   2.9070302215105279E-003   1.8472303828020007E-003   4.7217029964280953E-004   4.9971300242545628E-005
   4.6226624725136708E-005   4.3678749886439993E-004   1.7088053597203760E-003   2.6891874828580990E-003   1.7088053597203790E-003   4.3678749886439782E-004   4.6226624725136301E-005
   4.2409936217007985E-005   4.0072425960947924E-004   1.5677183169641160E-003   2.4671554607700393E-003   1.5677183169641058E-003   4.0072425960947772E-004   4.2409936217007761E-005
   3.8556669681847324E-005   3.6431540081093521E-004   1.4252791372302471E-003   2.2429955486829301E-003   1.4252791372302385E-003   3.6431540081093521E-004   3.8556669681846986E-005
   3.4703974678358906E-005   3.2791194231776176E-004   1.2828610846366479E-003   2.0188688848770601E-003   1.2828610846366457E-003   3.2791194231776132E-004   3.4703974678358568E-005
   3.0893001486953908E-005   2.9190270611653219E-004   1.1419853132831274E-003   1.7971693456013552E-003   1.1419853132831228E-003   2.9190270611653143E-004   3.0893001486953800E-005
   2.7166614983060865E-005   2.5669271510993279E-004   1.0042363586903033E-003   1.5803905519484413E-003   1.0042363586902979E-003   2.5669271510993100E-004   2.7166614983060553E-005
   2.3570537700469341E-005   2.2271399372748824E-004   8.7130439208016916E-004   1.3711923664171358E-003   8.7130439208016721E-004   2.2271399372748805E-004   2.3570537700469138E-005
   2.0151635236314482E-005   1.9040936700946966E-004   7.4492183895528085E-004   1.1723011480687135E-003   7.4492183895527944E-004   1.9040936700946825E-004   2.0151635236314387E-005
   1.6953343997696968E-005   1.6018925816392631E-004   6.2669436197652949E-004   9.8624376627704131E-004   6.2669436197653101E-004   1.6018925816392606E-004   1.6953343997696897E-005
   1.4015099670010655E-005   1.3242628826132903E-004   5.1807973382289314E-004   8.1531435244734695E-004   5.1807973382289238E-004   1.3242628826132846E-004   1.4015099670010530E-005
   1.1367764963563796E-005   1.0741207379160870E-004   4.2021882006921700E-004   6.6130831376632097E-004   4.2021882006921634E-004   1.0741207379160871E-004   1.1367764963563725E-005
   9.0330580819067952E-006   8.5351826358792392E-005   3.3391445204595117E-004   5.2548908492090014E-004   3.3391445204595117E-004   8.5351826358792297E-005   9.0330580819067257E-006
   7.0206950634699431E-006   6.6337351154154188E-005   2.5952579113777073E-004   4.0842188669208045E-004   2.5952579113777056E-004   6.6337351154154066E-005   7.0206950634699364E-006
   5.3329620349428931E-006   5.0390249399170407E-005   1.9713734590577517E-004   3.1023971220480356E-004   1.9713734590577460E-004   5.0390249399170454E-005   5.3329620349428558E-006
   3.9572852995332144E-006   3.7391714375721421E-005   1.4628431926391475E-004   2.3021109927189512E-004   1.4628431926391408E-004   3.7391714375721394E-005   3.9572852995331957E-006
   2.8668028686393168E-006   2.7087931731458524E-005   1.0597373561926538E-004   1.6677337867530731E-004   1.0597373561926558E-004   2.7087931731458548E-005   2.8668028686393045E-006
   2.0289374369357233E-006   1.9171084060342464E-005   7.5001347976155034E-005   1.1803139838463756E-004   7.5001347976154641E-005   1.9171084060342501E-005   2.0289374369357093E-006
   1.4025387240113422E-006   1.3252349375797318E-005   5.1846002234784336E-005   8.1591282150958087E-005   5.1846002234784221E-005   1.3252349375797313E-005   1.4025387240113337E-006
