  0.98417920946510540       0.97225179340313883       0.95702251222381740       0.92599360505180539       0.84242349675370509       0.83237110093267896       0.99975468298063308     
  0.98806388598837602       0.97779800032159359       0.96285246077508824       0.93127739367386619       0.84067546492919365       0.82393397705709326       0.99972272364156189     
  0.99103202706024296       0.98215641436798173       0.96774818457399658       0.93571622805729870       0.81497251945621962       0.81402153296536472       0.99973973321308607     
  0.99320410920522140       0.98556703866258566       0.97190821711655295       0.93968281677622434       0.80333873289205460       0.80446761435470204       0.99970578949596889     
  0.99481959400994524       0.98825978387360125       0.97543353514066944       0.94293531990052759       0.79667990243581877       0.79007321368860084       0.99966710542454307     
  0.99602421064097635       0.99037464970010347       0.97841228988718265       0.94496069109099279       0.78718970096442686       0.77075523178688921       0.99962325816347308     
  0.99692406488318608       0.99213014538576727       0.98086036816441236       0.94656510269524263       0.77178444587697581       0.75647223375439676       0.99957383903814201     
  0.99759754345603269       0.99346402546114265       0.98283429138927092       0.94715765386196471       0.73669130727368692       0.73438717078038052       0.99951849500543122     
  0.99810243156819711       0.99451509388080717       0.98401031910669245       0.94757852233552486       0.72141518032031338       0.71195890458006750       0.99955070099100751     
  0.99848279021305986       0.99531860795351568       0.98461859519469064       0.94720106507231461       0.70613433730321151       0.68270289714240007       0.99949339884182919     
  0.99871913553926561       0.99587124748619749       0.98487194657892141       0.94729228876554539       0.69050445177932296       0.65060640618876808       0.99942999441625358     
  0.99893552156121324       0.99613606785237574       0.98426816451446997       0.94705044351306999       0.67350217523278122       0.61716281925053373       0.99936029669447035     
  0.99893736467828598       0.99631224723172029       0.98399597708009101       0.94345582984611065       0.65728525657798276       0.57866624190746685       0.99928412273190637     
  0.99892949480172788       0.99558190406697744       0.98119303872900265       0.94198317444750834       0.63969685389496267       0.53925457155388212       0.99920125312969821     
  0.99881582756984233       0.99531607648392784       0.98067130410274272       0.93955265435780999       0.62313856366687692       0.50061129254734349       0.99925524949782940     
  0.99859063027004002       0.99495300938138564       0.98003197763568339       0.93640497227506170       0.60668217373774491       0.46953905555624903       0.99917033608530970     
  0.99830909111244681       0.99214849170615738       0.97742367309362466       0.93335633580747479       0.58767564964741659       0.48427337632490203       0.99907742725894988     
  0.99790334802669045       0.99128044631714252       0.97647499213600653       0.92879851910716571       0.57331974827626853       0.46752235617833293       0.99897499252293098     
  0.99652042971870081       0.99015076553477510       0.97422589387944358       0.92340934724410395       0.55651775145154292       0.45539515499337180       0.99886102826543322     
  0.99597775495760266       0.98860457143004199       0.97266428784796832       0.90946338539222349       0.53979711023870391       0.44090461080802962       0.99893014843026584     
  0.99529289453983805       0.98771618264345096       0.97075418548175063       0.90437266643004932       0.52303112366923765       0.41520196154302491       0.99880630269587889     
  0.99404441370779406       0.98592416125297155       0.96872038406575189       0.89892071161368992       0.51600844999066053       0.38821389633549930       0.99866885765080249     
  0.99068002964485402       0.98252829476683079       0.96669527947145173       0.89121061509785371       0.50035833126367701       0.36287287926640349       0.99851938284649600     
  0.98910961326344526       0.98162527184269965       0.96553204271113491       0.88355982501250907       0.48520551268956014       0.38530510563897302       0.99860016128592732     
  0.98737714692659306       0.97929245127891729       0.96433820172228357       0.87183407510263033       0.47069424875741755       0.36069674296676063       0.99844881864090940     
  0.98623729132579518       0.97756385564609116       0.96053995323228869       0.86589007180896127       0.45843848850587066       0.33750708282436953       0.99829352434232033     
  0.98325693301476014       0.97529771768642692       0.95903635578516788       0.85996792952138179       0.45654606264230763       0.32961513801701375       0.99813769753928439     
  0.98245753377774148       0.97430711133837367       0.95621476329547084       0.85413348663861755       0.45194616258459130       0.30852881116526665       0.99824383426719776     
  0.98009009827541438       0.97286108280880446       0.95413064970182071       0.84854336789108942       0.44140370343465340       0.28925906674602553       0.99810057655431250     
  0.97935086109971037       0.97059571251122123       0.95211817071270100       0.84294526932188230       0.43189671894323989       0.27765493306355749       0.99796188094922400     
  0.97690565698218013       0.96819823395249149       0.95058509277166570       0.83779411464839404       0.42339796366784466       0.26175254931998615       0.99782869285084153     
  0.97472578501269924       0.96467964004253681       0.94887844586164360       0.83303190223760248       0.45664050262425038       0.25192197963676027       0.99796742591883325     
  0.96987770704050957       0.96354167282324876       0.94705461850009476       0.82853153708125638       0.44996170003767727       0.24031393579413249       0.99785202262688766     
  0.96718720753631016       0.96271224948794032       0.93743457140432151       0.82442165287191249       0.44479514827075933       0.24480519360584910       0.99774324537285630     
  0.96490971675811787       0.95970972540654442       0.93413344487337968       0.82587814282343042       0.45112147541549069       0.28986600734682155       0.99764108172341726     
  0.96405462945227249       0.95871089369586393       0.93078719817132294       0.82252536196302772       0.44817482332586417       0.28096299338762637       0.99781594132802010     
  0.96289457496068731       0.95624153007703583       0.92741823753320984       0.81864574078806662       0.44653662526047905       0.27991084769029867       0.99773420774039145     
  0.96092880487596954       0.95410196556262850       0.91534789102631864       0.81688037791534962       0.45240702807712724       0.28026306435781051       0.99766020737840810     
  0.95941677921122115       0.95163408578861697       0.91218213316114194       0.81424221156823495       0.46201681868555233       0.27482074967158643       0.99785991102789895     
  0.95777318156081248       0.94730603765803501       0.90849070255376141       0.81145703920801360       0.48028794843228861       0.27237664442416698       0.99780860498377233     
  0.95547371327366393       0.94104148263232490       0.90426068144996197       0.80926424768293925       0.51841996352045683       0.27125866717623509       0.99776679711182026     
  0.95104405665322045       0.93313060083151467       0.90352405573804273       0.80855300854380396       0.51574190129299013       0.27301443294466471       0.99799031584588727     
  0.94152385970026664       0.92351259713408262       0.89630908321650693       0.80563450595979891       0.52938153847729685       0.27715268557101147       0.99797315083177895     
  0.92791959284061476       0.92821447325642303       0.89682021859236616       0.82493106453330634       0.56182583740424963       0.28443188117542023       0.99796744195193610     
  0.92994648586728834       0.91326006159771678       0.91713538989609522       0.82431252699179236       0.58730252035933794       0.29493953639793963       0.99797393062493633     
  0.95593374741353920       0.93964490661346090       0.93680761101635368       0.85004175829578754       0.60942365156764966       0.29406054508494184       0.99823083416137770     
  0.96902187496150716       0.95772708193195133       0.95279737428985056       0.87452996449681875       0.63255363292727884       0.41055939764073135       0.99826247858320150     
  0.97834240663578198       0.96999828258676435       0.96514717743253742       0.89672917142096720       0.65674466671310106       0.41644256128514029       0.99830612336708613     
  0.98619463287725706       0.97920790438590521       0.97464674459534628       0.91643112378986835       0.68197873365279038       0.42473171906230839       0.99857085198609719     
  0.99161922708869843       0.98626094694802668       0.98135209150636027       0.93356447742769477       0.70816190054534423       0.43558941105143628       0.99863461801349807     
  0.99532496385300218       0.99144431586956994       0.98712821363495928       0.94814743405907342       0.73512864026802205       0.44920839011421709       0.99870953024025277     
  0.99765683359066237       0.99503713859201903       0.99037110561799557       0.96031073713694559       0.76263728265083264       0.46579576437329456       0.99897199128511094     
  0.99895133472797681       0.99736403919714156       0.99292331454851368       0.97026809608278475       0.79035606690137328       0.48552651427639443       0.99906107123156485     
  0.99955586174544697       0.99872355259216850       0.99557233496579944       0.97826760105148558       0.81787163728189127       0.62676001756775235       0.99915846683580756     
  0.99982421266384858       0.99942718340021619       0.99735412186757044       0.98455813580444174       0.84471273925807444       0.65107657596118595       0.99939733047177037     
  0.99993906819194167       0.99976252849153113       0.99838069709143384       0.98937522329550720       0.87037425001639102       0.67779733084923932       0.99949502266394352     
  0.99998267331953106       0.99990768784040174       0.99919078721776966       0.99294150377924417       0.89434105670771025       0.70665634165432778       0.99959359462878106     
  0.99999570185490994       0.99996565123316117       0.99960172886407417       0.99547162591430538       0.91612249965793291       0.73723482515702798       0.99976775542295981     
  0.99999860995235612       0.99998603222594917       0.99980618698126200       0.99717682937341912       0.93531779139158167       0.76895246985031707       0.99984119419951767     
  0.99999922748568582       0.99999258839905469       0.99989807184399748       0.99826204700295318       0.95952110056991546       0.82416581406228451       0.99990138108796678     
  0.99999947449342230       0.99999508897174627       0.99993625209387005       0.99891496445088268       0.97899421161348266       0.88794823980862936       0.99996594977842013     
  0.99999964445693801       0.99999653493241014       0.99995618782108242       0.99929315914403793       0.98501472849587124       0.90863342611521913       0.99998506967780232     
  0.99999977233057169       0.99999759904615104       0.99996908754644709       0.99951726814914321       0.98939195840202887       0.92696108508993780       0.99999480203000890     
  0.99999986582477529       0.99999841451102767       0.99997835621392428       0.99966149060010645       0.99247080159046008       0.94253478288875858       0.99999939256730475     
  0.99999992964380580       0.99999902809332042       0.99998524919271770       0.99976364795898154       0.99460366076096229       0.95521014425607587       0.99999991235241315     
  0.99999996856945739       0.99999946523640981       0.99999044407217530       0.99983955570488459       0.99610220078246059       0.96514118390086534       0.99999999141501983     
  0.99999998869792273       0.99999974776499068       0.99999425065014769       0.99989531722061087       0.99721629346413221       0.97461280987133891       0.99999999951995788     
  0.99999999692210573       0.99999990354648349       0.99999690939883801       0.99993487921154500       0.99809481555582225       0.98352388795594359       0.99999999999707767     
  0.99999999940900774       0.99999997194102297       0.99999859132877389       0.99996199097813332       0.99878012042950226       0.98792334573077012       0.99999999999998646     
  0.99999999992566690       0.99999999421509811       0.99999948975613173       0.99997983661633361       0.99927697110412095       0.99193716763539996        1.0000000000000000     
  0.99999999999432354       0.99999999921648486       0.99999986336291102       0.99999075107940005       0.99959588989280279       0.99522289834906641       0.99999999999999944     
  0.99999999999975620       0.99999999993596178       0.99999997506646254       0.99999652163638864       0.99977733550279890       0.99750973839104728        1.0000000000000036     
  0.99999999999999512       0.99999999999712552       0.99999999716271626       0.99999896523189014       0.99988848894370475       0.99884209253218592        1.0000000000000024     
   1.0000000000000000       0.99999999999993661       0.99999999981967269       0.99999975672844443       0.99994045474819826       0.99919554024085089       0.99999999999999956     
  0.99999999999999922       0.99999999999999922       0.99999999999449396       0.99999996427904780       0.99997904763009238       0.99982782153472016       0.99999999999999833     
   1.0000000000000002        1.0000000000000002       0.99999999999993672       0.99999999691389074       0.99999507725436321       0.99992139592226703       0.99999999999999922     
  0.99999999999999933       0.99999999999999989       0.99999999999999989       0.99999999991985078       0.99999946828050135       0.99999795603776764       0.99999999999999989     
  0.99999999999999956        1.0000000000000004       0.99999999999999867       0.99999999999970013       0.99999998929861411       0.99999980122282717        1.0000000000000004     
  0.99999999999999944       0.99999999999999933       0.99999999999999978       0.99999999999999800       0.99999999999954858       0.99999970154601114       0.99999999999999867     
  0.99999999999999911       0.99999999999999933        1.0000000000000004       0.99999999999999989       0.99999999999685285       0.99999999988963184       0.99999999999999745     
   1.0000000000000000        1.0000000000000000       0.99999999999999978        1.0000000000000002        1.0000000000000004       0.99999999999999978        1.0000000000000002     
