  0.58515804000672256       0.59475050475143210       0.60418192741210908       0.59871236299742259       0.55616972086740379       0.51322103923105689       0.51593394184463548     
  0.57817492264570880       0.58701904929822857       0.59684669473042562       0.59590576348734392       0.56367014208517319       0.53450424497755711       0.55321979779856256     
  0.57253375846640020       0.58055052651520511       0.59026145430360788       0.59258386455648671       0.57002693115690295       0.55446068533577819       0.58997027054477857     
  0.56797002863107537       0.57509629744148583       0.58446435425750964       0.58926244645335935       0.57580072695507711       0.57348321008755054       0.62565943736906282     
  0.56428382283510059       0.57050222842568865       0.57940752307137589       0.58612494329987197       0.58123252540365344       0.59150433540949310       0.65981550400654154     
  0.56132591989755931       0.56666377206664587       0.57502708893084309       0.58325574026480298       0.58644065079017371       0.60818148415598305       0.69261638728770691     
  0.55899237234725918       0.56349794943467102       0.57125723850991705       0.58069032898920669       0.59146255524294056       0.62327341142768966       0.72432525881581378     
  0.55720607765589680       0.56093027602628298       0.56803769431962059       0.57844578260438728       0.59625509702484136       0.63694725827446663       0.75484130545893702     
  0.55588284408289845       0.55889000879315076       0.56528558299442644       0.57651673633139155       0.60077560308676636       0.64961112822007938       0.78385949137734179     
  0.55493476263497432       0.55730932473322503       0.56298815427084803       0.57489004792905285       0.60498284633012900       0.66157514315407651       0.81109328254134982     
  0.55428074512468806       0.55611729401778953       0.56111644573837283       0.57354615592575853       0.60886358643078287       0.67304362078100088       0.83629021865689057     
  0.55384449822132331       0.55523917805440992       0.55960610077115236       0.57245961276813107       0.61240141787837055       0.68414634933433705       0.85926448369551145     
  0.55355959513532249       0.55460941374656991       0.55840960478798851       0.57161389159456155       0.61559895541695786       0.69497960285034621       0.87992662223816387     
  0.55337530683318059       0.55416624362345235       0.55747284704266231       0.57097951966262883       0.61847090206955668       0.70559639736561885       0.89826647288231787     
  0.55325972948419089       0.55386117852636185       0.55675078601148853       0.57053452498734758       0.62102928679253688       0.71603529585876080       0.91435408475467117     
  0.55319315778457645       0.55365811263715126       0.55620017689281831       0.57025610737440369       0.62335880253398712       0.72632160556739733       0.92831801683926096     
  0.55316151901182942       0.55352919342671836       0.55579345873980190       0.57011848534494725       0.62551854866410106       0.73646732060977182       0.94032510524397206     
  0.55315579158886563       0.55346324664313828       0.55552326813299402       0.57010694452588928       0.62752477290741471       0.74647834696280246       0.95056531032904856     
  0.55316972558630462       0.55344137160114659       0.55537083906606277       0.57021117174343727       0.62941533617518064       0.75635708987414507       0.95923667348384356     
  0.55319507505829946       0.55344303341435508       0.55530833884104758       0.57041935268130683       0.63122083317989031       0.76609805249529528       0.96653298981841085     
  0.55322837997205065       0.55347204350064050       0.55531266037754856       0.57072441013278619       0.63297529536200225       0.77570063564236280       0.97263907652405523     
  0.55326695873933440       0.55351728008089196       0.55536608867906168       0.57111321242274127       0.63470583728966812       0.78515906927331047       0.97772325898631174     
  0.55330710166455255       0.55357111967465744       0.55546210401251561       0.57157313541193755       0.63643625202284126       0.79446700966262185       0.98193676885067971     
  0.55334751957730510       0.55363368053970408       0.55560650277063339       0.57209833148082478       0.63818964298628034       0.80362263464012451       0.98541379808824370     
  0.55338868699524291       0.55370230619981187       0.55580165286640637       0.57270015467855273       0.63999505379729749       0.81262409163593663       0.98827142387589884     
  0.55342793654422517       0.55377613790299041       0.55604254288369737       0.57339247690018491       0.64187352269438547       0.82146620411944349       0.99061003277387205     
  0.55346392206842565       0.55385113929595586       0.55631766501710167       0.57417038519655572       0.64383322338072380       0.83013848502657317       0.99251526502396525     
  0.55349286828991218       0.55392344667582460       0.55661314411512708       0.57503004538347013       0.64588289332099480       0.83863280505603799       0.99406055841137053     
  0.55351154015594040       0.55399186645976317       0.55692535788608755       0.57597362744897806       0.64803546655568256       0.84694632091529976       0.99530851555021793     
  0.55351182316800618       0.55405213974157752       0.55725550530594781       0.57700803558755009       0.65030684387995918       0.85507721730040953       0.99631208794676429     
  0.55348226630650343       0.55407642596577455       0.55758927045205364       0.57812285200813196       0.65269924346989261       0.86301317716881298       0.99711508701734342     
  0.55341443271152313       0.55408887168804577       0.55791522770887625       0.57930896388341924       0.65523060889392215       0.87074770432721427       0.99775448724561944     
  0.55328835422836153       0.55407160551201839       0.55820901383971655       0.58054737853370830       0.65790856565031197       0.87826857273828696       0.99826094237523932     
  0.55308706332429913       0.55400609626667552       0.55844807208842751       0.58182736953582270       0.66075442983208821       0.88557003070471041       0.99866004961278021     
  0.55278582105852603       0.55386612546140290       0.55860353909001248       0.58312816010015700       0.66377192463282297       0.89263843058021952       0.99897289502399478     
  0.55236024687783736       0.55360929066852860       0.55862288634346791       0.58442658121820323       0.66694048812459628       0.89946089346236391       0.99921678338511633     
  0.55178066436128381       0.55312151310801738       0.55843916329152343       0.58567578734673031       0.67029465886955575       0.90602055747461818       0.99940582415307944     
  0.55100225971913153       0.55222930597161335       0.55805039353868813       0.58684615776529681       0.67378315238011344       0.91229433242364244       0.99955152270857728     
  0.54994353069898871       0.55073135003137419       0.55732247250613287       0.58788395781516767       0.67723227634582972       0.91825679606258137       0.99966319241833745     
  0.54801528874400851       0.54849189163110734       0.55609429475394734       0.58869971632056828       0.68058591382602085       0.92387410615754606       0.99974834329241713     
  0.54417529147034893       0.54538425899000142       0.55437712588436416       0.58926162515899572       0.68383535168302523       0.92911785153221327       0.99981290076679885     
  0.53875626638824048       0.54120148245417909       0.55205710290313259       0.58948002296236868       0.68710841150474722       0.93396055760591312       0.99986154586347820     
  0.53177273967842009       0.53601672272358447       0.54866895332598342       0.58947471109013916       0.69028864307179483       0.93837604048968748       0.99989798781980621     
  0.52326898908473851       0.52918499482109671       0.54423319228878664       0.58865124664530766       0.69339604925400078       0.94233306653720594       0.99992509527080764     
   1.0000000000000000        1.0000000000000000        1.0000000000000000        1.0000000000000000        1.0000000000000000        1.0000000000000000        1.0000000000000000     
   1.0000000000000000        1.0000000000000000        1.0000000000000000        1.0000000000000000        1.0000000000000000        1.0000000000000000        1.0000000000000000     
   1.0000000000000000        1.0000000000000000        1.0000000000000000        1.0000000000000000        1.0000000000000000        1.0000000000000000        1.0000000000000000     
   1.0000000000000000        1.0000000000000000        1.0000000000000000        1.0000000000000000        1.0000000000000000        1.0000000000000000        1.0000000000000000     
   1.0000000000000000        1.0000000000000000        1.0000000000000000        1.0000000000000000        1.0000000000000000        1.0000000000000000        1.0000000000000000     
   1.0000000000000000        1.0000000000000000        1.0000000000000000        1.0000000000000000        1.0000000000000000        1.0000000000000000        1.0000000000000000     
   1.0000000000000000        1.0000000000000000        1.0000000000000000        1.0000000000000000        1.0000000000000000        1.0000000000000000        1.0000000000000000     
   1.0000000000000000        1.0000000000000000        1.0000000000000000        1.0000000000000000        1.0000000000000000        1.0000000000000000        1.0000000000000000     
   1.0000000000000000        1.0000000000000000        1.0000000000000000        1.0000000000000000        1.0000000000000000        1.0000000000000000        1.0000000000000000     
   1.0000000000000000        1.0000000000000000        1.0000000000000000        1.0000000000000000        1.0000000000000000        1.0000000000000000        1.0000000000000000     
   1.0000000000000000        1.0000000000000000        1.0000000000000000        1.0000000000000000        1.0000000000000000        1.0000000000000000        1.0000000000000000     
   1.0000000000000000        1.0000000000000000        1.0000000000000000        1.0000000000000000        1.0000000000000000        1.0000000000000000        1.0000000000000000     
   1.0000000000000000        1.0000000000000000        1.0000000000000000        1.0000000000000000        1.0000000000000000        1.0000000000000000        1.0000000000000000     
   1.0000000000000000        1.0000000000000000        1.0000000000000000        1.0000000000000000        1.0000000000000000        1.0000000000000000        1.0000000000000000     
   1.0000000000000000        1.0000000000000000        1.0000000000000000        1.0000000000000000        1.0000000000000000        1.0000000000000000        1.0000000000000000     
   1.0000000000000000        1.0000000000000000        1.0000000000000000        1.0000000000000000        1.0000000000000000        1.0000000000000000        1.0000000000000000     
   1.0000000000000000        1.0000000000000000        1.0000000000000000        1.0000000000000000        1.0000000000000000        1.0000000000000000        1.0000000000000000     
   1.0000000000000000        1.0000000000000000        1.0000000000000000        1.0000000000000000        1.0000000000000000        1.0000000000000000        1.0000000000000000     
   1.0000000000000000        1.0000000000000000        1.0000000000000000        1.0000000000000000        1.0000000000000000        1.0000000000000000        1.0000000000000000     
   1.0000000000000000        1.0000000000000000        1.0000000000000000        1.0000000000000000        1.0000000000000000        1.0000000000000000        1.0000000000000000     
   1.0000000000000000        1.0000000000000000        1.0000000000000000        1.0000000000000000        1.0000000000000000        1.0000000000000000        1.0000000000000000     
   1.0000000000000000        1.0000000000000000        1.0000000000000000        1.0000000000000000        1.0000000000000000        1.0000000000000000        1.0000000000000000     
   1.0000000000000000        1.0000000000000000        1.0000000000000000        1.0000000000000000        1.0000000000000000        1.0000000000000000        1.0000000000000000     
   1.0000000000000000        1.0000000000000000        1.0000000000000000        1.0000000000000000        1.0000000000000000        1.0000000000000000        1.0000000000000000     
   1.0000000000000000        1.0000000000000000        1.0000000000000000        1.0000000000000000        1.0000000000000000        1.0000000000000000        1.0000000000000000     
   1.0000000000000000        1.0000000000000000        1.0000000000000000        1.0000000000000000        1.0000000000000000        1.0000000000000000        1.0000000000000000     
   1.0000000000000000        1.0000000000000000        1.0000000000000000        1.0000000000000000        1.0000000000000000        1.0000000000000000        1.0000000000000000     
   1.0000000000000000        1.0000000000000000        1.0000000000000000        1.0000000000000000        1.0000000000000000        1.0000000000000000        1.0000000000000000     
   1.0000000000000000        1.0000000000000000        1.0000000000000000        1.0000000000000000        1.0000000000000000        1.0000000000000000        1.0000000000000000     
   1.0000000000000000        1.0000000000000000        1.0000000000000000        1.0000000000000000        1.0000000000000000        1.0000000000000000        1.0000000000000000     
   1.0000000000000000        1.0000000000000000        1.0000000000000000        1.0000000000000000        1.0000000000000000        1.0000000000000000        1.0000000000000000     
   1.0000000000000000        1.0000000000000000        1.0000000000000000        1.0000000000000000        1.0000000000000000        1.0000000000000000        1.0000000000000000     
   1.0000000000000000        1.0000000000000000        1.0000000000000000        1.0000000000000000        1.0000000000000000        1.0000000000000000        1.0000000000000000     
   1.0000000000000000        1.0000000000000000        1.0000000000000000        1.0000000000000000        1.0000000000000000        1.0000000000000000        1.0000000000000000     
   1.0000000000000000        1.0000000000000000        1.0000000000000000        1.0000000000000000        1.0000000000000000        1.0000000000000000        1.0000000000000000     
   1.0000000000000000        1.0000000000000000        1.0000000000000000        1.0000000000000000        1.0000000000000000        1.0000000000000000        1.0000000000000000     
   1.0000000000000000        1.0000000000000000        1.0000000000000000        1.0000000000000000        1.0000000000000000        1.0000000000000000        1.0000000000000000     
