   5.3420217968994432        5.2870976282459363        5.1830014776691620        5.0205825999012816        5.1606783348681375        7.0659763292396232        14.305617505152940     
   5.3555819854489570        5.3045678027809560        5.2065703469850568        5.0521187248117796        5.1987652508329223        7.1157466003936021        14.618420482853644     
   5.3605708060694646        5.3136470908387006        5.2220202904241733        5.0755322554950402        5.2235272735852023        7.1158014874912459        14.805879266005851     
   5.3577309473272834        5.3146924348408975        5.2290932051097450        5.0901778940637392        5.2353591054188362        7.0753789430450889        14.900868150455425     
   5.3476249251059595        5.3080770039658551        5.2279629232858316        5.0958243859971910        5.2338889942962386        6.9973339348557477        14.915307562512979     
   5.3306929655515143        5.2941554381981000        5.2188993057404476        5.0924368673008047        5.2188686508228903        6.8855580237899368        14.859684214410915     
   5.3072562517184592        5.2732242350252427        5.2020769909850966        5.0800013641985844        5.1904400783935118        6.7450787184940690        14.745584892060025     
   5.2776111173777780        5.2455797684374978        5.1777220127092152        5.0585651501995272        5.1491084604287503        6.5810285522723211        14.590047265320845     
   5.2420210350730398        5.2115059330648554        5.1460895466394208        5.0282882878625683        5.0959706944141248        6.3998843892424846        14.414811790258494     
   5.2007479967176558        5.1712457229587745        5.1074266016577390        4.9894956723577879        5.0320738315174633        6.2071380678580486        14.229011064713758     
   5.1539798497205096        5.1250367311128899        5.0620155686862143        4.9425981083089345        4.9584942131185885        6.0074279033704752        14.042489450789898     
   5.1019162117967571        5.0731415165746183        5.0102148367678421        4.8881650689857610        4.8767710960687740        5.8044885842092357        13.862788047365157     
   5.0448083226596090        5.0158937749742805        4.9523831187088296        4.8267337129443675        4.7882111273649910        5.6011671596692709        13.693165571599733     
   4.9829288383216266        4.9534598370829412        4.8888652982606278        4.7589506824907328        4.6938454872781223        5.3996878451915427        13.534107774989796     
   4.9165504130309889        4.8862133494350175        4.8200259252459565        4.6855132811832787        4.5946994301226125        5.2016741761581002        13.384249832169337     
   4.8457751814496337        4.8144156072642010        4.7461967774373797        4.6071505782680040        4.4914408071810037        5.0084909878145902        13.242012369451361     
   4.7708860151607517        4.7383028708683295        4.6678408893478629        4.5245289347600508        4.3848270547051333        4.8210587411420436        13.106243923230169     
   4.6920886459556526        4.6581692917184796        4.5855018156474836        4.4382270734973996        4.2754895968897779        4.6399156172771727        12.976115334453478     
   4.6096127583175450        4.5743430479452885        4.4997037063943743        4.3487749732168997        4.1639558089979278        4.4652774861791080        12.850353682326665     
   4.5237624916658943        4.4872210004824966        4.4109244774624958        4.2566463575889602        4.0507183913945299        4.2971591271794507        12.727637169165769     
   4.4348940537202441        4.3971827980253142        4.3194420186935609        4.1621606339217774        3.9361362319208180        4.1354461001839340        12.606779822690203     
   4.3433334029460937        4.3046231585934294        4.2253620227945161        4.0654980869134292        3.8207342504038251        3.9799422880359754        12.486809508300603     
   4.2493591040097911        4.2098325984484948        4.1292251477276682        3.9667470471742932        3.7050009940907023        3.8304207406854163        12.367001066945296     
   4.1531868971872736        4.1129871134948779        4.0311564357427079        3.8659826334000273        3.5894011650735176        3.6866443054256113        12.246773526547786     
   4.0549098687152734        4.0141461176968560        3.9311679894506324        3.7632305287948307        3.4743579105818254        3.5483875679199586        12.125678984659043     
   3.9544810709797087        3.9132591373810111        3.8291669477824333        3.6584247216210821        3.3602158722646331        3.4154221909435956        12.003320860446239     
   3.8517216845734770        3.8101235863835812        3.7249213081302632        3.5514114171734725        3.2472281496544069        3.2875104071006236        11.879366349264549     
   3.7462821592543598        3.7044003768770390        3.6181106700184453        3.4418970952693222        3.1355265782578181        3.1643723907070465        11.753515187156529     
   3.6376256678715384        3.5955956028998277        3.5082805197451310        3.3295012718153223        3.0248053548134748        3.0457275372830215        11.625519249654866     
   3.5250739884049014        3.4829534876262787        3.3948262735953572        3.2137658101845816        2.9137247048831032        2.9312201910605169        11.495184841778482     
   3.4077719220755491        3.3655717771995195        3.2769608526408178        3.0941282290418886        2.8016305476126542        2.8205018658001446        11.362389700311013     
   3.2846689248336531        3.2423991240344092        3.1535578825089972        2.9699343484400900        2.6877151844731473        2.7131341894600527        11.227062584061811     
   3.1545292480428007        3.1122026126334550        3.0236095591438752        2.8401832275156913        2.5711477321614908        2.6089313045319846        11.089167527667271     
   3.0159882158077829        2.9735300223559809        2.8854955395399577        2.7036610642708014        2.4511360640778448        2.5082165896796700        10.948727043583411     
   2.8673396585564817        2.8248413665427492        2.7374814501116234        2.5588098627824793        2.3268325720553746        2.4105203944857152        10.805845937850334     
   2.7065913785037332        2.6640963015077688        2.5776350409037345        2.4034296131498909        2.1972043263096737        2.3154403455173767        10.660733156921461     
   2.5309548678386906        2.4888402415728037        2.4037221379767493        2.2353430763061168        2.0609912933254502        2.2223113459189996        10.513656288875163     
   2.3374450988764064        2.2960667007977955        2.2129048823898425        2.0518993975949500        1.9161601502314904        2.1312282107499048        10.365001065025664     
   2.1217885067222637        2.0818388398253314        2.0013314496222376        1.8496634799034712        1.7603043083230350        2.0423624313788840        10.215315389942132     
   1.8784017341611308        1.8405577012304577        1.7638774885112594        1.6240574768554901        1.5898934352333765        1.9536371354697433        10.065352920583214     
   1.5994002956174687        1.5647134212180474        1.4938743218449593        1.3688569827533488        1.3995959000869600        1.8639109098274160        9.9161320363402119     
   1.2728464128621229        1.2428554328934582        1.1805766467989713        1.0750541290935580        1.1818125319456130        1.7738704629429467        9.7689456763453375     
  0.88044990096588049       0.85662060536517992       0.80689339904798851       0.72866198158254936       0.92683205560985404        1.6820560365022890        9.6254365008605447     
  0.38864687492447497       0.37340091044119500       0.34251450443362547       0.30631350043558725       0.62464458234535092        1.5884337318570076        9.4878314389993825     
 -0.28489042756634902      -0.28631630991739582      -0.28555153252983168      -0.24894609512420166       0.24772713098622098        1.4943560827410651        9.3590455203858607     
 -0.23892804015918337      -0.24037422154506075      -0.23869251991754797      -0.19937739458736581       0.29880763591902221        1.5025433967048705        9.2426209933070833     
 -0.19845094624221532      -0.19997111750637372      -0.19784453313726158      -0.15589981512380327       0.34566655741823543        1.5123540377303475        9.1237945090365340     
 -0.16292402004538881      -0.16448188492972649      -0.16213365377861322      -0.11801406391303310       0.38830783553361825        1.5238375450356314        9.0024328263971043     
 -0.13209175519321759      -0.13355387246944786      -0.13098031245770420      -8.52346183148243453E-002  0.42657567130672541        1.5370302710948132        8.8784229118536917     
 -0.10584025954492444      -0.10699966444680474      -0.10402382486018295      -5.71271012964532574E-002  0.46026986459549307        1.5519594393749214        8.7516819012552425     
 -8.38611674814020575E-002 -8.46097284713692582E-002 -8.10202617945656040E-002 -3.33214195258802748E-002  0.48914565410100808        1.5686660893742446        8.6222416421782171     
 -6.56687128806666964E-002 -6.60016806214679258E-002 -6.17407243621116500E-002 -1.34963679729519243E-002  0.51297295297513634        1.5873079369883631        8.4901802167864524     
 -5.07307768110832891E-002 -5.07104134190965727E-002 -4.58662362764673329E-002  2.61435406448920190E-003  0.53147452553233798        1.6081158165632066        8.3555205199048395     
 -3.85544616683404992E-002 -3.82709955184858744E-002 -3.30218600665321341E-002  1.52693061205965482E-002  0.54422674225891476        1.6330535167300546        8.2183535294533829     
 -2.87261632610595063E-002 -2.82594219221423519E-002 -2.28209704467972549E-002  2.47370661310033699E-002  0.55093242285938515        1.6635875662787418        8.0787489263077124     
 -2.09030882317106093E-002 -2.03100089346811181E-002 -1.48835803396739387E-002  3.13105887339832634E-002  0.55147417720478464        1.6981794043238145        7.9368687068754129     
 -1.47933651239780979E-002 -1.41132216496674609E-002 -8.84875092815047906E-003  3.53185166001640793E-002  0.54590662486112618        1.7368271832272126        7.7929838050655293     
 -1.01328239125873798E-002 -9.39677304388641423E-003 -4.41442461752945825E-003  3.71088274524755957E-002  0.53435800419181567        1.7793668571684971        7.6472009064262947     
 -6.67593854176483370E-003 -5.91357629742731827E-003 -1.29592100444627951E-003  3.70541077474282748E-002  0.51707580782237916        1.8256500492092920        7.4997083347025146     
 -4.19470595990599320E-003 -3.43620833962358279E-003  7.57828778542831219E-004  3.55323943244015422E-002  0.49440245704806757        1.8754308895128424        7.3506391761419199     
 -2.48175213943891641E-003 -1.75641983035506764E-003  1.97429804192382572E-003  3.29082310984421950E-002  0.46680554157237159        1.9283083774750349        7.2000964128702067     
 -1.35476073640752414E-003 -6.88297969190758939E-004  2.55623765825469711E-003  2.95158041025467659E-002  0.43488561991167479        1.9838057142394359        7.0482196272696767     
 -6.57654207369525010E-004 -6.93561409415006897E-005  2.68189424677715230E-003  2.56730614544712736E-002  0.39933213314708343        2.0409729173166351        6.8948932616756471     
 -2.58878575392151769E-004  2.36987288840823627E-004  2.50546598954397553E-003  2.16565562778199723E-002  0.36102234012735979        2.0991660131731549        6.7399950113711391     
 -5.58109957439387218E-005  3.44172022947938862E-004  2.15372413862884851E-003  1.77029010206160506E-002  0.32086879454604234        2.1584326904967539        6.5832475811927678     
  3.30901207804719716E-005  3.37915816060199497E-004  1.72872873773280617E-003  1.40040749393004101E-002  0.27981437874249920        2.2148552514897952        6.4241507714470032     
  6.14772514388497294E-005  2.82472077913871564E-004  1.30364075294982142E-003  1.07034237626702083E-002  0.23896856330955049        2.2659747465590052        6.2621577407002000     
  6.26414145016817968E-005  2.16810306989828773E-004  9.31851477450428402E-004  7.88720568276453371E-003  0.19942091920926408        2.3087778215427708        6.0962759814959018     
  5.45532900431448201E-005  1.59952579386600887E-004  6.39374442233602664E-004  5.59268872023581907E-003  0.16219133838232352        2.3398548271298507        5.9253517021402891     
  4.55935852644166308E-005  1.18634934260607722E-004  4.30412194955401566E-004  3.82321967867727073E-003  0.12823354648553537        2.3553850805730301        5.7478343008463932     
  3.89408994894194205E-005  9.24916093782491476E-005  2.94968594042896144E-004  2.54043636361151294E-003  9.83254181852555448E-002   2.3513280247951647        5.5616463956139848     
  3.50390635250384411E-005  7.80202457163992150E-005  2.15954526147828728E-004  1.67578938373480002E-003  7.30450305474053124E-002   2.3235599265979423        5.3641813597633883     
  3.31561243690496580E-005  7.10671334348096992E-005  1.74921774590653664E-004  1.13786891648520391E-003  5.26549344178971618E-002   2.2677187336512175        5.1519215927036042     
  3.23988732655952429E-005  6.81993308979256122E-005  1.56129889995151980E-004  8.31479380360106461E-004  3.71060926342701297E-002   2.1795538419081177        4.9205498858289944     
  3.21457397200157756E-005  6.71936319235083178E-005  1.48417553925600049E-004  6.69603030963066698E-004  2.60182607329509964E-002   2.0565669575104679        4.6646913327380792     
  3.20763371776611807E-005  6.68858884988045668E-005  1.45205837773488850E-004  5.82490443851059274E-004  1.86757581360382091E-002   1.8980863183615593        4.3777243076421355     
  3.20605133810915186E-005  6.67866799323576572E-005  1.43391165472543880E-004  5.24036311319935836E-004  1.40986228834107108E-002   1.7054812067592444        4.0513164224489220     
  3.20563622257081948E-005  6.67366744177068811E-005  1.41954494159206518E-004  4.71987608033650548E-004  1.12243978376813016E-002   1.4783789523734685        3.6751062102621668     
  3.20541307976651200E-005  6.67006340136361693E-005  1.40748507757912594E-004  4.21378231513499862E-004  9.10510158810844822E-003   1.2144342872701395        3.2374955210811214     
  3.20520790370157737E-005  6.66743971270538765E-005  1.39831326259550799E-004  3.75439014483778307E-004  7.10491654767181000E-003  0.92461405123749341        2.7271633171392806     
  3.20483768619694761E-005  6.66533222318208706E-005  1.39204274951099897E-004  3.38059653261223256E-004  4.89965994303156842E-003  0.63085679650602111        2.1330814297183940     
