   5.3035352919562087     
   5.3367746327028058     
   5.3572167243137594     
   5.3654792551593520     
   5.3617137426038228     
   5.3462522007819633     
   5.3195799549836416     
   5.2823489532823533     
   5.2355187961887220     
   5.1799477083855257     
   5.1164925488614665     
   5.0461297705160630     
   4.9696877000323383     
   4.8878980681824649     
   4.8014779061085289     
   4.7110361830061551     
   4.6171862107843120     
   4.5204785161544345     
   4.4213944772049505     
   4.3203665381438512     
   4.2176802631672299     
   4.1135641854792722     
   4.0083012171147265     
   3.9020558842167286     
   3.7949302109649552     
   3.6869395694465541     
   3.5779998445010475     
   3.4679113255841463     
   3.3562926751864062     
   3.2424255532378798     
   3.1256642392909395     
   3.0051933502626311     
   2.8800928249941506     
   2.7492412141915885     
   2.6112890403128532     
   2.4645231251697881     
   2.3070637451584468     
   2.1365320200536471     
   1.9498563645165758     
   1.7427019255592671     
   1.5092282839844302     
   1.2408523206261701     
  0.92445727853385318     
  0.53921205795804183     
  3.38695511430042728E-002
  7.91807723321632656E-002
  0.11941855212451984     
  0.15502869613076836     
  0.18632249235838605     
  0.21351662709727728     
  0.23676886335408398     
  0.25623803798725170     
  0.27208229145410812     
  0.28454371756571056     
  0.29386717034862764     
  0.30015682157282791     
  0.30366040141903888     
  0.30462271928071033     
  0.30332232440249796     
  0.30004680465326550     
  0.29509191416187136     
  0.28876199940029235     
  0.28133780339697678     
  0.27314129528324266     
  0.26452186256032229     
  0.25556162582324821     
  0.24644707750359923     
  0.23729407581943246     
  0.22814924612585477     
  0.21899587203324322     
  0.20973774586126601     
  0.20020826883610596     
  0.19013452108878534     
  0.17916916229758936     
  0.16699172263879938     
  0.15331437859742517     
  0.13791154618898832     
  0.12042441456241249     
  0.10039664948057607     
  7.82860771922896659E-002
  5.53151671776865167E-002
