  0.76570752762997241       0.77096558368125434       0.78241206871931923       0.81516601105745123       0.95648120424744798        1.7526627718359093        5.9249902173410014     
  0.79740496204792799       0.80247505019534293       0.81350516632916225       0.84583133168580349       0.98775485114298256        1.8018417177549637        6.2300537017676074     
  0.82921791551903301       0.83388190556935560       0.84423903639294229       0.87598424182455503        1.0184686923872410        1.8508530376716290        6.5469109499468248     
  0.86096274203669110       0.86514659450065634       0.87482922821871600       0.90580215619596927        1.0489343577230408        1.8999285742566145        6.8759059157036608     
  0.89249436210426558       0.89617957935021897       0.90518238435937681       0.93535152988144354        1.0791657425104213        1.9490534366471610        7.2177579770746085     
  0.92367501354999559       0.92689671028538789       0.93522822220304835       0.96458982120656400        1.1091428297661554        1.9982172814757346        7.5732018912696919     
  0.95440162161811237       0.95721152546791299       0.96488638724083819       0.99346711510559405        1.1387839391345453        2.0472507683279346        7.9427698047723583     
  0.98458650395369918       0.98701856968501722       0.99407461083171778        1.0219285112384695        1.1680435175844299        2.0961189569532253        8.3271821620084570     
   1.0141116019453933        1.0162197757256572        1.0227346297753983        1.0498709406436404        1.1969062133483213        2.1447410517360215        8.7270147703954422     
   1.0429166042668339        1.0447204828503538        1.0507782321015744        1.0772642595786566        1.2253326033206968        2.1930517997792869        9.1429528101576665     
   1.0709210008518533        1.0724523264615435        1.0780996541682197        1.1040142997576692        1.2531473259421968        2.2410204282812747        9.5754407707778793     
   1.0980282659858887        1.0993085167059895        1.1046483422114262        1.1300625623629910        1.2803688125473427        2.2885941672136738        10.025282867854678     
   1.1241866505715965        1.1254319737647636        1.1303557035668195        1.1553632978878847        1.3069448750501031        2.3357814125010061        10.493334135954813     
   1.1493244690213718        1.1504560275063802        1.1551016734204542        1.1798816571649597        1.3327926500062814        2.3825297812105424        10.980619579003928     
   1.1735636535443095        1.1744514513987514        1.1789065782893118        1.2035769995954302        1.3579927497223867        2.4288047414177059        11.488181482224549     
   1.1965722242323742        1.1974078183898142        1.2017035903874316        1.2264197627820270        1.3823768396933538        2.4745918885159028        12.016904107716764     
   1.2184479502527559        1.2192313771687040        1.2234492191150741        1.2483752401605768        1.4059404039864813        2.5198636371891494        12.567605041537393     
   1.2391647295946950        1.2399209821885231        1.2441393173073287        1.2693587220247575        1.4286823513798115        2.5645569240392843        13.141098918360241     
   1.2586666685893815        1.2594768581645659        1.2637499270160555        1.2893276949928023        1.4505562702392405        2.6086851250304472        13.737947621322659     
   1.2769462250419756        1.2778716916843418        1.2823224336439065        1.3083235676756269        1.4715160629937252        2.6522033122546707        14.358715575048322     
   1.2940159731277945        1.2950462225599315        1.2998843772446935        1.3263407823417250        1.4915346459153109        2.6951158450921464        15.004247446132263     
   1.3098664070855335        1.3110160114221290        1.3161533445013782        1.3433683169664312        1.5105816487360832        2.7374102985881228        15.675447307818580     
   1.3244826980768427        1.3257922442947379        1.3312827630266715        1.3593461583935011        1.5286269147528941        2.7790629555111290        16.373157918485450     
   1.3378777228176557        1.3393780558956487        1.3452820670703691        1.3742587913521171        1.5456460043532658        2.8200504681217975        17.098244499688537     
   1.3500660566633935        1.3517798769173457        1.3581550199335857        1.3881211926979715        1.5616170458520315        2.8603758668256916        17.851576651142654     
   1.3610533036142203        1.3630063973032527        1.3699176036377623        1.4009187008005555        1.5765106137372733        2.9000328137008413        18.633939802888687     
   1.3708407901950213        1.3730587172752238        1.3805512114790290        1.4126412658386667        1.5902900901626786        2.9389987222892549        19.445996754185078     
   1.3794402067751792        1.3819390119603019        1.3900471426313716        1.4232705264312171        1.6029358903271427        2.9772521996261387        20.288408084730577     
   1.3868617984638947        1.3896566409423978        1.3984022503990712        1.4327790354373993        1.6146848001231546        3.0147922231966420        21.161902101079075     
   1.3931164703400649        1.3962400726976145        1.4056249590507717        1.4411480453969840        1.6252754715106332        3.0516229826700907        22.067295535613226     
   1.3981968022229476        1.4016693195635139        1.4116962293078934        1.4483531280585507        1.6346849193421049        3.0877442612849753        23.005059227101242     
   1.4020878870313158        1.4059186010680729        1.4164763833418068        1.4544044317872264        1.6428822898394118        3.1230693438761037        23.975765512527655     
   1.4047846349173465        1.4089694794572716        1.4201896145489987        1.4592747976949794        1.6498211797527085        3.1575901369587007        24.979739045248827     
   1.4062555508975412        1.4107899862890261        1.4227205472162663        1.4629236333794915        1.6554439109264794        3.1914896756160820        26.017353292797331     
   1.4064046944710693        1.4113595541415900        1.4239985355250784        1.4652552385836475        1.6597026144942355        3.2249913874559004        27.088795614211502     
   1.4053474598802878        1.4105921503164049        1.4239175957932455        1.4662077911455624        1.6626087475190601        3.2579656704526352        28.194232254538434     
   1.4029553589549610        1.4083589584124716        1.4223966427152550        1.4656963487641159        1.6640899385135675        3.2898235134412679        29.333563733870886     
   1.3991115042550757        1.4047493327324867        1.4193476377550105        1.4636236673294607        1.6640189505208738        3.3205342851512913        30.506510836065456     
   1.3936343115085421        1.3995735128572537        1.4146095164294212        1.4598396115255048        1.6622713596088297        3.3502918641336494        31.712648079879912     
   1.3863240309732994        1.3924943292667880        1.4079738892701796        1.4541708099791915        1.6587649831209101        3.3795463026497878        32.951665522617866     
   1.3768772729607954        1.3832826948032784        1.3991561232097920        1.4463275967022207        1.6535271169655330        3.4073900448688454        34.222635166681762     
   1.3647523449157450        1.3713977810727800        1.3877562050608288        1.4359208004627744        1.6460428973834953        3.4338322109097317        35.524439530401359     
   1.3492191411641472        1.3561754059474818        1.3730818467922830        1.4225323927460234        1.6360139187728211        3.4588671911457114        36.856017499178463     
   1.3290632754574023        1.3364651163325976        1.3542282327622408        1.4054602262413363        1.6230318252385210        3.4823301475472870        38.214448022012967     
  0.93153403844765825       0.93947722865674488       0.95826926834287829        1.0127865546707171        1.2554561459801585        3.3397927524425493        39.594906821811421     
  0.90784269647537175       0.91668741440659407       0.93727644032324020       0.99563271052913804        1.2465009454267926        3.3676877874135638        40.995754998998365     
  0.88529771113747058       0.89481306876354538       0.91690063753831863       0.97858887839746556        1.2369559041555296        3.3934803985744519        42.410748910726575     
  0.86410365467547323       0.87397832117706109       0.89718045520486744       0.96171159298431108        1.2268818967579918        3.4170450520077646        43.836967817574752     
  0.84445209683743161       0.85445830044584870       0.87822023140916960       0.94508631920558051        1.2163441594899271        3.4383939869297002        45.273055312213145     
  0.82617614136323259       0.83631472363128789       0.86025895101336280       0.92877857312082224        1.2054441656779089        3.4576356135766759        46.719030718564547     
  0.80924332796486620       0.81937247617677644       0.84341186561861781       0.91282948211820092        1.1942637842152248        3.4747977298539028        48.173755112752865     
  0.79368891600563196       0.80360489277376701       0.82746356892253148       0.89720535897588083        1.1827348133639393        3.4895411636218676        49.630927551287854     
  0.77937597375971457       0.78901252651914977       0.81236648249611376       0.88186920711109229        1.1708473481850183        3.5014438693822347        51.082464288391151     
  0.76613925578862718       0.77547558580814446       0.79814906343449454       0.86682824196095210        1.1584754419642587        3.5102280366301990        52.521759568544795     
  0.75393018427881064       0.76290411197146668       0.78479405105844013       0.85209465367026260        1.1455273731504707        3.5156518950849334        53.942139915356272     
  0.74274960652907041       0.75126508557956495       0.77223223161252452       0.83767606062913158        1.1319097418324466        3.5173980281781829        55.334024786595876     
  0.73262820454370137       0.74056758160996272       0.76044193542298677       0.82356493075200987        1.1175025772640383        3.5149162944188825        56.684449128305616     
  0.72364189386523059       0.73086713685382176       0.74940537695793907       0.80978130839638562        1.1021775120530557        3.5075700749829570        57.977927153929627     
  0.71588282706700501       0.72225166472204427       0.73916947988285542       0.79632347260752689        1.0858135357047958        3.4947012556621933        59.197291202302409     
  0.70940857701761206       0.71480755526453654       0.72981487631177167       0.78322914066457183        1.0682651955878630        3.4755719246348513        60.323065242138973     
  0.70420629456924511       0.70858769174897973       0.72145039514815945       0.77056459921220899        1.0493970854653070        3.4495039185633392        61.334367888097013     
  0.70015125486254415       0.70356966483287531       0.71418261054515786       0.75838586373546468        1.0290824672327010        3.4157607184539955        62.208125431975219     
  0.69706035856329673       0.69964898177140600       0.70807585739793688       0.74683004783363216        1.0072363994283253        3.3734982630633725        62.920754288855825     
  0.69475246148018344       0.69666061798220869       0.70311635323308397       0.73606753567536076       0.98384065360391970        3.3218257967184446        63.449107771379069     
  0.69308185115927701       0.69444157557653829       0.69922853434982646       0.72630270431123733       0.95895860412035439        3.2616514133839538        63.770576258304018     
  0.69192782746288206       0.69285168452134194       0.69628288165915764       0.71772824972396254       0.93271795705385874        3.1919172403467870        63.862789969801966     
  0.69118103540772413       0.69176963752831122       0.69412504036928946       0.71049332064738835       0.90536917766738889        3.1120491841667626        63.701801851234123     
  0.69073983289145569       0.69108313544186328       0.69261406340107812       0.70464155965286401       0.87737451743286976        3.0217884185813775        63.264603119863366     
  0.69050564798825742       0.69068733980658503       0.69161579915206262       0.70011795819161415       0.84919958491427072        2.9209655143355469        62.529011057410635     
  0.69039624149338064       0.69048323765368014       0.69100659956871813       0.69678285741649126       0.82160619421511039        2.8095556166966071        61.476526121151963     
  0.69035165385295727       0.69039076747150330       0.69066982252351339       0.69444333003583503       0.79542280365158669        2.6881102538985950        60.095183732884600     
  0.69033583994530623       0.69035408741005755       0.69050237658906977       0.69289121127665576       0.77154561493513008        2.5575445899885678        58.377874765511855     
  0.69033101778375472       0.69034096219244823       0.69042684365565066       0.69192456681483949       0.75081047954638225        2.4189816759188236        56.326513072972148     
  0.69032972255550495       0.69033635418686923       0.69039320912088087       0.69135732889332280       0.73378651951289542        2.2727396835313640        53.950923753367206     
  0.69032931901649985       0.69033437025290301       0.69037607308088933       0.69103568352553102       0.72065122111316271        2.1201243154759450        51.275214608770781     
  0.69032910261133118       0.69033313381950034       0.69036504941904209       0.69084624198958267       0.71113326415612332        1.9628687592609482        48.326687567278263     
  0.69032894543507739       0.69033220023310349       0.69035667975906523       0.69072089294209638       0.70462877726463824        1.8039851651079550        45.163396274549804     
  0.69032882820294372       0.69033148257042332       0.69035003507655002       0.69062733620030792       0.70034401483077457        1.6463370886152315        41.855843950200523     
  0.69032874341420547       0.69033094558918850       0.69034482925787299       0.69055320840616408       0.69754001725205972        1.4929638831260885        38.477009192988113     
  0.69032868466498332       0.69033055989662151       0.69034089425993872       0.69049417378168898       0.69564738881079502        1.3472079846516620        35.128736579076296     
  0.69042166882218237       0.69042331617146635       0.69043104652526910       0.69054127884026817       0.69439374621017602        1.2147052907357334        31.927628644636439     
