  1.16928221207983181E-004  1.08066041591351001E-003  4.16694830400240416E-003  6.52546759428884130E-003  4.16694830400241370E-003  1.08066041591350546E-003  1.16928221207981609E-004
  1.16824517308088759E-004  1.07970197578302596E-003  4.16325262826803665E-003  6.51968014254135537E-003  4.16325262826802624E-003  1.07970197578302596E-003  1.16824517308087769E-004
  1.16716665252199328E-004  1.07870519804733624E-003  4.15940912550434236E-003  6.51366119272404204E-003  4.15940912550430506E-003  1.07870519804733516E-003  1.16716665252199084E-004
  1.16604665040314997E-004  1.07767008270643174E-003  4.15541779571121806E-003  6.50741074483678072E-003  4.15541779571119811E-003  1.07767008270642632E-003  1.16604665040314007E-004
  1.16492072234715478E-004  1.07662949056477148E-003  4.15140534777106145E-003  6.50112722579670663E-003  4.15140534777105625E-003  1.07662949056476476E-003  1.16492072234715194E-004
  1.16380664616544342E-004  1.07559985202458912E-003  4.14743513612500590E-003  6.49490984906228325E-003  4.14743513612500850E-003  1.07559985202459606E-003  1.16380664616544166E-004
  1.16269849592086279E-004  1.07457569028517616E-003  4.14348604262602515E-003  6.48872554348072818E-003  4.14348604262601127E-003  1.07457569028517443E-003  1.16269849592086266E-004
  1.16159627161343160E-004  1.07355700534650183E-003  4.13955806727406023E-003  6.48257430905201885E-003  4.13955806727404722E-003  1.07355700534649272E-003  1.16159627161342021E-004
  1.16047626949457555E-004  1.07252189000559255E-003  4.13556673748092640E-003  6.47632386116476881E-003  4.13556673748094461E-003  1.07252189000558453E-003  1.16047626949457080E-004
  1.15931478581576968E-004  1.07144843705945896E-003  4.13142758065848398E-003  6.46984191520762111E-003  4.13142758065848052E-003  1.07144843705945700E-003  1.15931478581575992E-004
  1.15809996870273708E-004  1.07032569290661165E-003  4.12709836051252180E-003  6.46306232887487904E-003  4.12709836051251139E-003  1.07032569290660580E-003  1.15809996870272597E-004
  1.15680811440691797E-004  1.06913175034407189E-003  4.12249460445485768E-003  6.45585281755516570E-003  4.12249460445486202E-003  1.06913175034407666E-003  1.15680811440690821E-004
  1.15545107480259196E-004  1.06787756297333988E-003  4.11765854877962998E-003  6.44827952355424543E-003  4.11765854877962217E-003  1.06787756297333533E-003  1.15545107480258952E-004
  1.15401107207835805E-004  1.06654670039216747E-003  4.11252683904562728E-003  6.44024323341350988E-003  4.11252683904562554E-003  1.06654670039215966E-003  1.15401107207835127E-004
  1.15248810623420621E-004  1.06513916260055465E-003  4.10709947525287385E-003  6.43174394713294517E-003  4.10709947525287559E-003  1.06513916260055292E-003  1.15248810623419740E-004
  1.15088217727013969E-004  1.06365494959850229E-003  4.10137645740141134E-003  6.42278166471259727E-003  4.10137645740140094E-003  1.06365494959850381E-003  1.15088217727013224E-004
  1.14918143331188660E-004  1.06208310778452253E-003  4.09531554919705630E-003  6.41329024384677295E-003  4.09531554919704676E-003  1.06208310778452340E-003  1.14918143331187278E-004
  1.14737402248517165E-004  1.06041268355712166E-003  4.08887451434573976E-003  6.40320354222978505E-003  4.08887451434573283E-003  1.06041268355712209E-003  1.14737402248515986E-004
  1.14544809291571860E-004  1.05863272331481613E-003  4.08201111655334854E-003  6.39245541755593689E-003  4.08201111655336069E-003  1.05863272331481613E-003  1.14544809291571129E-004
  1.14337994085498163E-004  1.05672131985460726E-003  4.07464088323168140E-003  6.38091358521388971E-003  4.07464088323168834E-003  1.05672131985460639E-003  1.14337994085498217E-004
  1.14116364036583108E-004  1.05467299637576075E-003  4.06674269623369476E-003  6.36854497405076655E-003  4.06674269623370430E-003  1.05467299637576140E-003  1.14116364036582484E-004
  1.13878141363685592E-004  1.05247132247604427E-003  4.05825320111821795E-003  6.35525037060805272E-003  4.05825320111819279E-003  1.05247132247603971E-003  1.13878141363683898E-004
  1.13621548285662127E-004  1.05009986775321550E-003  4.04910904344407945E-003  6.34093056142719623E-003  4.04910904344405690E-003  1.05009986775320813E-003  1.13621548285661869E-004
  1.13345992208802648E-004  1.04755315540652327E-003  4.03928910506419665E-003  6.32555247535538517E-003  4.03928910506419492E-003  1.04755315540651633E-003  1.13345992208801428E-004
  1.13051473133104566E-004  1.04483118543597189E-003  4.02879338597861725E-003  6.30911611239260220E-003  4.02879338597861812E-003  1.04483118543596647E-003  1.13051473133103726E-004
  1.12736805871142197E-004  1.04192300424007047E-003  4.01757964989323067E-003  6.29155533023321913E-003  4.01757964989322026E-003  1.04192300424006809E-003  1.12736805871141234E-004
  1.12399027454345620E-004  1.03880122781509709E-003  4.00554230607276171E-003  6.27270477311291184E-003  4.00554230607274957E-003  1.03880122781509232E-003  1.12399027454345308E-004
  1.12035767507861675E-004  1.03544394895806213E-003  3.99259688192897706E-003  6.25243215642042223E-003  3.99259688192896839E-003  1.03544394895806126E-003  1.12035767507860279E-004
  1.11645840844262103E-004  1.03184021406746884E-003  3.97870114116782424E-003  6.23067133784999724E-003  3.97870114116778174E-003  1.03184021406746928E-003  1.11645840844261317E-004
  1.11229247463547174E-004  1.02799002314333718E-003  3.96385508378920785E-003  6.20742231740166288E-003  3.96385508378920351E-003  1.02799002314333046E-003  1.11229247463545995E-004
  1.10781839209720469E-004  1.02385503858042613E-003  3.94791088276384879E-003  6.18245359700549113E-003  3.94791088276383231E-003  1.02385503858042049E-003  1.10781839209719615E-004
  1.10301245707927948E-004  1.01941335317576754E-003  3.93078406550347991E-003  6.15563289205016146E-003  3.93078406550345563E-003  1.01941335317576407E-003  1.10301245707927040E-004
  1.09782726208459456E-004  1.01462115252339263E-003  3.91230568683168141E-003  6.12669563331289316E-003  3.91230568683168575E-003  1.01462115252338612E-003  1.09782726208459212E-004
  1.09222725149034711E-004  1.00944557581881698E-003  3.89234903786615143E-003  6.09544339387664384E-003  3.89234903786614709E-003  1.00944557581882414E-003  1.09222725149033748E-004
  1.08616501779942675E-004  1.00384280865610303E-003  3.87074517343045021E-003  6.06161160451867357E-003  3.87074517343046756E-003  1.00384280865610173E-003  1.08616501779942106E-004
  1.07959315351474264E-004  9.97769036629262687E-004  3.84732514834815274E-003  6.02493569601623025E-003  3.84732514834815013E-003  9.97769036629261169E-004  1.07959315351473681E-004
  1.07245239926493597E-004  9.91169491730845790E-004  3.82187778114875028E-003  5.98508495684090588E-003  3.82187778114871819E-003  9.91169491730841670E-004  1.07245239926492323E-004
  1.06468349567861851E-004  9.83989405953400020E-004  3.79419189036161834E-003  5.94172867546426380E-003  3.79419189036164133E-003  9.83989405953399369E-004  1.06468349567861363E-004
  1.05622718338444134E-004  9.76174011289468718E-004  3.76405629451632192E-003  5.89453614035792117E-003  3.76405629451633103E-003  9.76174011289465031E-004  1.05622718338443375E-004
  1.04704790675957764E-004  9.67690446934575286E-004  3.73134428473050365E-003  5.84330892460475319E-003  3.73134428473051146E-003  9.67690446934572684E-004  1.04704790675956734E-004
  1.03709233236980584E-004  9.58489421682013720E-004  3.69586579768066328E-003  5.78774938782916290E-003  3.69586579768067022E-003  9.58489421682009383E-004  1.03709233236979066E-004
  1.02629527490659194E-004  9.48510690723578334E-004  3.65738853374926020E-003  5.72749374734994945E-003  3.65738853374925630E-003  9.48510690723572913E-004  1.02629527490658652E-004
  1.01460340093573550E-004  9.37704962852562579E-004  3.61572242961276770E-003  5.66224436279154364E-003  3.61572242961274819E-003  9.37704962852556724E-004  1.01460340093573103E-004
  1.00186263609167216E-004  9.25929841249581746E-004  3.57031841344780014E-003  5.59114138417993699E-003  3.57031841344780318E-003  9.25929841249579469E-004  1.00186263609166064E-004
  9.87936683820249119E-005  9.13059359497479556E-004  3.52069076787213343E-003  5.51342417499986470E-003  3.52069076787214991E-003  9.13059359497479556E-004  9.87936683820247357E-005
  9.72724803190149352E-005  8.99000411983594760E-004  3.46648048438589432E-003  5.42853052565292829E-003  3.46648048438589693E-003  8.99000411983590965E-004  9.72724803190146370E-005
  9.56108475458640586E-005  8.83643462693011004E-004  3.40726520004796347E-003  5.33579901308229524E-003  3.40726520004794742E-003  8.83643462693005691E-004  9.56108475458628931E-005
  9.38099552499978864E-005  8.66999465227212681E-004  3.34308715115246447E-003  5.23529577959367266E-003  3.34308715115245970E-003  8.66999465227208561E-004  9.38099552499968429E-005
  9.18804701182638787E-005  8.49167001999623946E-004  3.27432646434636619E-003  5.12761610593818768E-003  3.27432646434635882E-003  8.49167001999625681E-004  9.18804701182633231E-005
  8.98395773683586537E-005  8.30304900231871603E-004  3.20159556589422016E-003  5.01371905554829321E-003  3.20159556589421712E-003  8.30304900231869543E-004  8.98395773683576101E-005
  8.76979436871285601E-005  8.10511742337374167E-004  3.12527458244298180E-003  4.89419990917515108E-003  3.12527458244298310E-003  8.10511742337366252E-004  8.76979436871277198E-005
  8.54454949814401055E-005  7.89694422703448706E-004  3.04500450549273754E-003  4.76849645722046342E-003  3.04500450549274404E-003  7.89694422703446971E-004  8.54454949814396854E-005
  8.30697867833071659E-005  7.67737928514445017E-004  2.96034185395536780E-003  4.63591420547451987E-003  2.96034185395536867E-003  7.67737928514443933E-004  8.30697867833070575E-005
  8.05690413115880283E-005  7.44625829368123827E-004  2.87122327338973663E-003  4.49635394047878754E-003  2.87122327338972709E-003  7.44625829368122851E-004  8.05690413115873506E-005
  7.79450363474241075E-005  7.20374555666724735E-004  2.77771211823696958E-003  4.34991487569180626E-003  2.77771211823697045E-003  7.20374555666726687E-004  7.79450363474240126E-005
  7.51930311411063459E-005  6.94940293004287185E-004  2.67963944332066245E-003  4.19633244189080920E-003  2.67963944332066375E-003  6.94940293004281764E-004  7.51930311411059529E-005
  7.23035441932151645E-005  6.68235412568871849E-004  2.57666735828794178E-003  4.03507750063032168E-003  2.57666735828794178E-003  6.68235412568868163E-004  7.23035441932146360E-005
  6.92670940043320956E-005  6.40172285548552518E-004  2.46845797278597750E-003  3.86562091346488159E-003  2.46845797278596622E-003  6.40172285548552735E-004  6.92670940043309166E-005
  6.60777546373195635E-005  6.10696143935877847E-004  2.35480010534419538E-003  3.68763196886605967E-003  2.35480010534420492E-003  6.10696143935878497E-004  6.60777546373190078E-005
  6.27325631236104946E-005  5.79779603727121999E-004  2.23558816522735583E-003  3.50094531106963499E-003  2.23558816522734976E-003  5.79779603727118204E-004  6.27325631236100610E-005
  5.92338898380585370E-005  5.47444572125256579E-004  2.11090662502367351E-003  3.30569322468696278E-003  2.11090662502367221E-003  5.47444572125253002E-004  5.92338898380580424E-005
  5.55888459052282665E-005  5.13756770739235867E-004  1.98100890249778032E-003  3.10227256355218766E-003  1.98100890249777598E-003  5.13756770739235650E-004  5.55888459052280429E-005
  5.18128387616756655E-005  4.78858596388445005E-004  1.84644406947306839E-003  2.89154317763918927E-003  1.84644406947307013E-003  4.78858596388442024E-004  5.18128387616753063E-005
  4.79301647496611487E-005  4.42974597903448382E-004  1.70807796997873222E-003  2.67486098421452828E-003  1.70807796997873070E-003  4.42974597903446647E-004  4.79301647496605321E-005
  4.39728239297224887E-005  4.06400522524510868E-004  1.56705098395566842E-003  2.45401182553168888E-003  1.56705098395566646E-003  4.06400522524508591E-004  4.39728239297224345E-005
  3.99775571121093818E-005  3.69475931897856051E-004  1.42467243652117347E-003  2.23104611306692256E-003  1.42467243652117607E-003  3.69475931897854913E-004  3.99775571121090023E-005
  3.59828828882095310E-005  3.32556818071947714E-004  1.28231500723373750E-003  2.00811347175501890E-003  1.28231500723372882E-003  3.32556818071946304E-004  3.59828828882091651E-005
  3.20314680054080740E-005  2.96037510700467021E-004  1.14149920268119824E-003  1.78759502460062243E-003  1.14149920268119738E-003  2.96037510700464745E-004  3.20314680054078978E-005
  2.81677569922309975E-005  2.60328769839329971E-004  1.00380888389257753E-003  1.57197110806692034E-003  1.00380888389257298E-003  2.60328769839328453E-004  2.81677569922308586E-005
  2.44391573457724122E-005  2.25868739548182242E-004  8.70933502632141587E-004  1.36388741438133007E-003  8.70933502632144948E-004  2.25868739548181537E-004  2.44391573457722496E-005
  2.08942617505538219E-005  1.93106517488163558E-004  7.44604746958288464E-004  1.16605577807694883E-003  7.44604746958290090E-004  1.93106517488163016E-004  2.08942617505536220E-005
  1.75781073288148116E-005  1.62458340515936935E-004  6.26427596047074691E-004  9.80989606769803926E-004  6.26427596047073715E-004  1.62458340515935309E-004  1.75781073288146388E-005
  1.45315830467989499E-005  1.34302107882944429E-004  5.17859202045185341E-004  8.10970810006038747E-004  5.17859202045183064E-004  1.34302107882944212E-004  1.45315830467987093E-005
  1.17866889650448714E-005  1.08933566829449706E-004  4.20039944893511397E-004  6.57785230039153123E-004  4.20039944893511939E-004  1.08933566829449489E-004  1.17866889650447172E-005
  9.36594364467239414E-006  8.65608357837836372E-005  3.33772314180089363E-004  5.22689570677166014E-004  3.33772314180087141E-004  8.65608357837834881E-005  9.36594364467228233E-006
  7.27942117881400849E-006  6.72770203586206186E-005  2.59415318404822618E-004  4.06246041518400886E-004  2.59415318404821967E-004  6.72770203586204425E-005  7.27942117881393988E-006
  5.52949194232444660E-006  5.11040277569431374E-005  1.97053430155926380E-004  3.08586927174225487E-004  1.97053430155925432E-004  5.11040277569428121E-005  5.52949194232441780E-006
  4.10311887350279866E-006  3.79213683623486517E-005  1.46222050198224318E-004  2.28984662282106193E-004  1.46222050198224047E-004  3.79213683623483942E-005  4.10311887350274699E-006
  2.97245006780617266E-006  2.74716325397951209E-005  1.05928625620204465E-004  1.65884902658440764E-004  1.05928625620203896E-004  2.74716325397948838E-005  2.97245006780615953E-006
  2.10370768355501272E-006  1.94426426467847065E-005  7.49694220398176647E-005  1.17402592591201151E-004  7.49694220398171903E-005  1.94426426467846556E-005  2.10370768355499112E-006
  1.45422497336450945E-006  1.34400690296365432E-005  5.18239328692146576E-005  8.11566090757207876E-005  5.18239328692145289E-005  1.34400690296364670E-005  1.45422497336449442E-006
