  0.98922026576837863       0.98159483299690009       0.97230395159323035       0.95117058354548412       0.88574089063320394       0.93054563423188252        1.0000000000000009     
  0.99053331515885623       0.98387419848357016       0.97505602771482447       0.95422750871359019       0.88847531763217513       0.92784372286250383       0.99999999999999811     
  0.99153126825561722       0.98646066987909842       0.97746512439681232       0.95697070155536001       0.89082106568317276       0.92618808487645088        1.0000000000000013     
  0.99257197352922977       0.98797811811551384       0.97956904942613743       0.95914361095338252       0.89278064237951826       0.92543298753696868       0.99999999999999856     
  0.99341908601923046       0.98937889872215978       0.98137950345634528       0.96028096260835527       0.89420444095299811       0.92413091098197564       0.99999999999999911     
  0.99399847682822973       0.99040190420546803       0.98255476547602394       0.96154058237058149       0.89494006677907989       0.92303999747119314       0.99999999999999734     
  0.99435853555517728       0.99108217297063794       0.98322674678128852       0.96227160756752395       0.89387204265380260       0.92442315367865313        1.0000000000000004     
  0.99373472132552598       0.99033995233973005       0.98344589029438989       0.96247535370839610       0.89295609062256154       0.92542673963907152        1.0000000000000004     
  0.99218610620124015       0.98962957979322674       0.98295331405545794       0.96217282094515322       0.89130645624824767       0.92473608288176246       0.99999999999999734     
  0.99126854950240995       0.98884723942399277       0.98202900417732353       0.96018738801472781       0.88889971763760667       0.92347818389527625       0.99999999999999956     
  0.98967943371483624       0.98743400512419122       0.98076571182098615       0.95894370238976401       0.88553510584082507       0.92484956611802138        1.0000000000000004     
  0.98814934075894290       0.98599672977663755       0.97916702633717190       0.95723499769639342       0.88095908976779080       0.92439239789940320       0.99999999999999667     
  0.98651790768627268       0.98400371962875244       0.97498938683657621       0.95303135823456442       0.87503142291680491       0.92329668108692475       0.99999999999999745     
  0.98402306846810950       0.98076148289133791       0.97294732807316542       0.95017808139336657       0.86777308386156737       0.92202369200611201        1.0000000000000004     
  0.98086594004801353       0.97708566267831598       0.97054971667506651       0.94678394525841447       0.85885863284462227       0.92080839822633975       0.99999999999999867     
  0.97842964459950155       0.97458104505452725       0.96792367793590917       0.94196103006984822       0.84942550566164554       0.91917617882465852       0.99999999999999933     
  0.97444616661656269       0.97206903369297226       0.96486261285571162       0.93680907489592313       0.83920932477944010       0.91738048040735076        1.0000000000000016     
  0.97179558490087459       0.96904497881227902       0.96189897566214855       0.93135029525105129       0.82838323822557536       0.91541902452583679        1.0000000000000002     
  0.96886827060433500       0.96618567246570963       0.95498590073610590       0.92491756999095809       0.82574529652436279       0.91975619874151548        1.0000000000000016     
  0.96602188397448996       0.96315258858825603       0.95042699025995536       0.91854198467585835       0.81674055519668931       0.91779719735999821       0.99999999999999811     
  0.96301176518945020       0.95618902218507529       0.94499845413213057       0.90857935941044343       0.80406646456087694       0.91588484467932751        1.0000000000000009     
  0.95602459274143148       0.95159682078495966       0.93986560299165922       0.90136696635724400       0.79341663054042710       0.91363241891650215       0.99999999999999967     
  0.95135041549408828       0.94647115092400147       0.93238802618396288       0.89408675072435206       0.78245887838893347       0.91315350297940834       0.99999999999999889     
  0.94697064642926720       0.94047474322624369       0.92677225716300382       0.88643977112003425       0.77731742997074782       0.91416294853411850       0.99999999999999967     
  0.94144383626651218       0.93563823762458664       0.92101043014933992       0.87940690745236860       0.76782513254628093       0.91205372640639093       0.99999999999999978     
  0.93693203022186178       0.93073945427788307       0.91526210940883845       0.87218006542950410       0.75883797613766257       0.91141099336347620        1.0000000000000042     
  0.93237989553148048       0.92585526807884344       0.90985305195641564       0.86636672280707616       0.75047811404081177       0.90879879565988342        1.0000000000000007     
  0.92845625955693578       0.92140740317348468       0.90502444632684897       0.85937571471425811       0.75735137972078781       0.90614292364020743        1.0000000000000002     
  0.92444563066412810       0.91759756121798686       0.90064859716869594       0.85429989149636520       0.75151333538646181       0.90331428773148759       0.99999999999999978     
  0.92142465101487725       0.91388986610024392       0.89359864787501297       0.84560152111340114       0.76224692594729149       0.90067825958050451        1.0000000000000004     
  0.91622682227475183       0.90829482504168013       0.88937069811397529       0.84193037171914287       0.75708386641355185       0.89766593906677439       0.99999999999999856     
  0.90704393829092012       0.89919100581577571       0.88074006211680145       0.83911662122089314       0.75345813786318006       0.89460022967011099        1.0000000000000004     
  0.90582125775922895       0.89786348781060576       0.87831658588902883       0.83672859395860610       0.74996207026901007       0.89188903811697684        1.0000000000000020     
  0.88673315868782032       0.87735535696057665       0.87759322202203893       0.82886766078108531       0.74736912087562113       0.88936332842556554       0.99999999999999889     
  0.88735730510074906       0.87767057936472959       0.85734974489624116       0.82835064391809221       0.74599199950730732       0.88707048550362044       0.99999999999999989     
  0.88906620241373346       0.87916090301601324       0.85808014999183391       0.83120880513085005       0.74169491740932725       0.88507039393604170        1.0000000000000033     
  0.88697964408029972       0.87590713283061539       0.85961415190616497       0.83231768824002250       0.74563855997214556       0.88341959202799814        1.0000000000000009     
  0.88474247657111293       0.87438752526879449       0.85115756035106227       0.83443294112343724       0.72858493120329748       0.88369507465651786       0.99999999999999944     
  0.88284307256910732       0.87278812538723316       0.85485551781732927       0.83815625440182295       0.73258214120023790       0.87915900898062360        1.0000000000000013     
  0.88606680252789494       0.87678586604672459       0.85401391575180252       0.81679948187210605       0.73574009887254588       0.87796863234091738       0.99999999999999789     
  0.88959199506522424       0.88103282991606324       0.85979532584777918       0.81648186897817931       0.73383496845510754       0.87729174631908691       0.99999999999999878     
  0.88331539282409433       0.87540445681919654       0.86555747722092136       0.82252612838853412       0.72180617259574653       0.87844627250102847       0.99999999999999711     
  0.86733503171539283       0.85664171652341004       0.86232563702305454       0.83063510203399649       0.72028217974114783       0.87381887496305966        1.0000000000000004     
  0.86950893622473091       0.86405220143107375       0.84900635147714998       0.82342127708777646       0.73023006419054981       0.86707336702048798       0.99999999999999789     
  0.87405744972991406       0.86491603114401561       0.84161622552268833       0.83273320637335013       0.73693574757335201       0.85327219359548923        1.0000000000000004     
  0.88980364272268109       0.88160021689183854       0.86050776395060757       0.84813579115843751       0.75430000791022278       0.86896362545835670       0.99999999999999911     
  0.90370980146177760       0.89613656491382243       0.87686978617555900       0.86239114247914184       0.76672794678572298       0.88694363698848155        1.0000000000000007     
  0.91660598114207803       0.90938617120946585       0.89144610850054729       0.87570604929856122       0.77880710049497892       0.88787871740081203       0.99999999999999756     
  0.92918632045713345       0.92204541739225909       0.90483548002049952       0.88827044853657278       0.79104972486985181       0.88911896688107328        1.0000000000000036     
  0.94096650818291605       0.93401328740229272       0.91739044937559944       0.90021919732417455       0.80346597026726096       0.89067491112646591       0.99999999999999734     
  0.95139428723051045       0.94491349301187433       0.92914902858557302       0.91160607670200811       0.81601324357820415       0.89255796861429371        1.0000000000000013     
  0.96028347962723448       0.95449173114083619       0.93997425131871892       0.92241254283867480       0.82865102404892732       0.89477111484149419        1.0000000000000018     
  0.96775121101660244       0.96271671093241218       0.94971965480347731       0.93257260134468178       0.84132839450513530       0.89729645431909255        1.0000000000000007     
  0.97403434328586813       0.96971439463971121       0.95832224294045520       0.94200857738186217       0.85399263140061243       0.90012789362589407        1.0000000000000002     
  0.97935605455047914       0.97566545757401502       0.96581388717664751       0.95065859388713114       0.86658647483297369       0.90327129244677706       0.99999999999999789     
  0.98387212675846214       0.98073230484525220       0.97228722694835024       0.95849026108016466       0.87904728512545049       0.90863442302740949       0.99999999999999933     
  0.98767313175302163       0.98502914433488131       0.97785071683599156       0.96549933654736042       0.89129897125879809       0.92655446458447166       0.99999999999999545     
  0.99081638209379208       0.98863061308908262       0.98260199629935718       0.97170362350998096       0.90325177014000857       0.93251341351683836        1.0000000000000027     
  0.99335378244704475       0.99159234077030822       0.98661802512199692       0.97713564957232169       0.91480046241374446       0.93562654210107921        1.0000000000000013     
  0.99534580843802833       0.99396899967741126       0.98995961300742696       0.98183459480572044       0.92583274048685127       0.93886249717933234       0.99999999999999767     
  0.99686161919062566       0.99582250625914237       0.99268179810552759       0.98584271887495800       0.93623479245417152       0.94217852300694693        1.0000000000000013     
  0.99797334687507333       0.99722013252474051       0.99484043339754680       0.98920288097081521       0.94589688413040851       0.94553462645176600       0.99999999999999911     
  0.99875133596485499       0.99823283849376798       0.99649782687461907       0.99195996398717601       0.95471856260039056       0.94887960013806028        1.0000000000000011     
  0.99927043847704189       0.99893035092890448       0.99772250847995914       0.99416479362882915       0.96262555359951429       0.95216779606836299        1.0000000000000007     
  0.99959278953824982       0.99938685509071712       0.99858500731043964       0.99587496012958443       0.96957120526647067       0.95535776400569050        1.0000000000000000     
  0.99978564468170339       0.99966591491931844       0.99916399275762591       0.99715558810876392       0.97554179751896408       0.95869035227575794       0.99999999999999933     
  0.99989425007235533       0.99982788454095584       0.99952567360239042       0.99803232934936281       0.98055808322089444       0.96312973048188510       0.99999999999999722     
  0.99995218181910273       0.99991759463860763       0.99974117185762623       0.99861157944744017       0.98466673897504853       0.96559896147044644        1.0000000000000033     
  0.99998099625514969       0.99996389821252274       0.99986325915118202       0.99894493683500829       0.98794741225772387       0.96795423912383594       0.99999999999999878     
  0.99999361744356152       0.99998574139714269       0.99992873986880115       0.99926095379282265       0.99050500258419694       0.97290862584697113        1.0000000000000004     
  0.99999822594805077       0.99999485531979937       0.99996248006147592       0.99949871973120197       0.99246405657761561       0.97535754622023785       0.99999999999999711     
  0.99999957758548808       0.99999814584779489       0.99997948411482940       0.99966043577910468       0.99396464891305214       0.97803795030826934       0.99999999999999400     
  0.99999989574662607       0.99999923513986155       0.99998826694007192       0.99976492036259001       0.99514210115709012       0.98096378164098130       0.99999999999999911     
  0.99999996551032999       0.99999963596476715       0.99999324280971047       0.99983128628303630       0.99612684386523931       0.98114293831307142       0.99999999999999956     
  0.99999998603549201       0.99999982519780062       0.99999632314349141       0.99987455702302264       0.99702917321465945       0.98516546786090053        1.0000000000000016     
  0.99999999462026945       0.99999992473264376       0.99999822447738917       0.99992686215093740       0.99789863429198555       0.99245336480553747        1.0000000000000013     
  0.99999999829145081       0.99999997327467649       0.99999928699015550       0.99996380513769867       0.99869999344211435       0.99383416773924727       0.99999999999999833     
  0.99999999960041064       0.99999999290631414       0.99999978141801582       0.99998592443288881       0.99935229762474298       0.99735560652495880       0.99999999999999856     
  0.99999999994628719       0.99999999887721180       0.99999995793285057       0.99999634322522912       0.99978075478494988       0.99941583195004091       0.99999999999999900     
  0.99999999999820866       0.99999999995095001       0.99999999738798617       0.99999962933382358       0.99980667421334157       0.99990219317518425       0.99999999999999878     
  0.99999999999999889       0.99999999999995737       0.99999999999480649       0.99999999747427237       0.99999391533571202       0.99999902413384034        1.0000000000000016     
