  0.57451591958452330       0.57789078348372591       0.58351571203866537       0.59193411820545183       0.60466703025113600       0.64798112185383439       0.76935388367653768     
  0.56995344796196090       0.57337515930775418       0.57915737833546255       0.58838170009124313       0.60405025818186997       0.65450673810172044       0.78476062529609825     
  0.56598805304636701       0.56924806007670670       0.57490505675315162       0.58473655890040921       0.60299356060515463       0.66049426600769467       0.79963012065882433     
  0.56255304836628883       0.56557994870570683       0.57107053786892392       0.58124644031658435       0.60190575232210930       0.66609284135911517       0.81406930599566840     
  0.55959176203026018       0.56235322059874138       0.56762142270346461       0.57799908478870832       0.60087344366361406       0.67156554575916239       0.82816427447056551     
  0.55704465774021539       0.55955158389251780       0.56455771319464954       0.57503545074754370       0.59998666706091264       0.67702246596135696       0.84189023952482767     
  0.55486762825939251       0.55714095692855592       0.56187258780744653       0.57238156548615249       0.59922739388349244       0.68248537259584796       0.85525175506234841     
  0.55302786702575757       0.55508791331538243       0.55954467565889987       0.57003675629851946       0.59859504040740097       0.68799132313782241       0.86826853556165073     
  0.55148326791215052       0.55335094665155116       0.55753993640698429       0.56796930313024074       0.59816530724748362       0.69348806945665398       0.88088920721455954     
  0.55020243220892129       0.55189074553588691       0.55583407251768613       0.56618790664728946       0.59793638191192755       0.69893004468313147       0.89289977323821768     
  0.54915274364346378       0.55067698399587328       0.55439234784801072       0.56466901231658462       0.59786997704146150       0.70440521554171320       0.90407936925040433     
  0.54829755956465209       0.54967433509308694       0.55319392666985523       0.56339404883500521       0.59800094521949010       0.70989376779551250       0.91444613517153039     
  0.54761660900188303       0.54889746889652136       0.55221686046247831       0.56234565844724116       0.59831185967876122       0.71546347935369681       0.92405421706859225     
  0.54708387469805342       0.54826852453743380       0.55142729046795325       0.56152252813122638       0.59878145911090808       0.72111933443793053       0.93268508378905257     
  0.54671040470226695       0.54778998341854501       0.55082358159428579       0.56091417205155725       0.59945795466580731       0.72685890374444861       0.94037871498921444     
  0.54643723690668178       0.54745347557552648       0.55038238943431517       0.56051417289708416       0.60031292808540604       0.73268153161602023       0.94740898317343458     
  0.54627326681942401       0.54723790214626711       0.55009116815076997       0.56031295966963313       0.60135910242324986       0.73858570032477344       0.95383419363481248     
  0.54620844574494454       0.54713908020381030       0.54994647341316949       0.56029185869262288       0.60260360943166347       0.74454081115166271       0.95971961081197632     
  0.54623335094311709       0.54715551457927947       0.54994202922408342       0.56043601237948315       0.60404076238466864       0.75057288922833942       0.96500806711234388     
  0.54634532753728771       0.54727858343846258       0.55009041648211610       0.56076747594614984       0.60566618148211060       0.75670394479027447       0.96965920817306905     
  0.54654736995677167       0.54749488638827881       0.55040085613054623       0.56128810129789375       0.60748490396572941       0.76290812833414257       0.97369168278325369     
  0.54683963857272577       0.54781212273837365       0.55080120089607709       0.56199626798899371       0.60949978428389762       0.76920521137467457       0.97724190177971093     
  0.54722215275318720       0.54823739048360298       0.55133691046480315       0.56288351933114467       0.61171399759733647       0.77559991540008422       0.98036615960484552     
  0.54770358482705606       0.54877664187113118       0.55201618453719603       0.56395666201067929       0.61413305849750666       0.78209040102998839       0.98312078024726213     
  0.54829393366676238       0.54943808979845565       0.55284633210764156       0.56522605401239334       0.61676249044490528       0.78867522562864034       0.98554286365069721     
  0.54900137139584171       0.55023069066433128       0.55384126499473929       0.56669634240490929       0.61960408407477419       0.79534908956363093       0.98766055129722807     
  0.54983364191672335       0.55116193750912956       0.55500037337013730       0.56837338914320290       0.62265772651168250       0.80210454653062502       0.98950761592194880     
  0.55080191292320657       0.55224057776871027       0.55632999630025748       0.57026017910243065       0.62592597750826429       0.80893521289408865       0.99111280531070789     
  0.55191812420633402       0.55347828434699187       0.55783926211208645       0.57235979354508160       0.62954379692904472       0.81583572920738334       0.99250287149460681     
  0.55319620033004635       0.55489378434292069       0.55954281639176384       0.57467886437750282       0.63339551119345439       0.82280544462066774       0.99370274167451489     
  0.55464474571458533       0.55649304066216598       0.56144333008389080       0.57722114663430291       0.63749540399504812       0.82984181168157067       0.99473493374608168     
  0.55627200497687301       0.55828159016586754       0.56351890074773203       0.58000631934867330       0.64183001595319855       0.83694775442076119       0.99561982565184626     
  0.55809116562158567       0.56026732358284426       0.56584275993672351       0.58302984394052348       0.64637763307511398       0.84410494336288278       0.99637259148909807     
  0.56010495586445330       0.56245355022106314       0.56839185115746760       0.58628808696979384       0.65114075710014296       0.85128866852130125       0.99701181771892577     
  0.56230497411767510       0.56485432010254677       0.57116090063902747       0.58977399532539598       0.65612800942556282       0.85822871437311488       0.99755094835034830     
  0.56473662018151416       0.56745819888469062       0.57414118492996413       0.59348699524182136       0.66136312873262160       0.86511784013059845       0.99799400885585521     
  0.56737508443287743       0.57024296552966935       0.57731595646605749       0.59738720393000611       0.66678558588682113       0.87205748608766764       0.99836685963807681     
  0.57022407167051259       0.57324328279824366       0.58068354684050150       0.60149414841453852       0.67237081884729710       0.87896800747187220       0.99868324575207668     
  0.57324172773971815       0.57644417951760940       0.58422178222562793       0.60579249385102996       0.67815365601604860       0.88564477887985149       0.99895369144087698     
  0.57639709136746820       0.57977025062202092       0.58788838948460898       0.61022329431458899       0.68404293776949876       0.89192070992541761       0.99918594260468441     
  0.57964494623178031       0.58318911638748450       0.59164205613026677       0.61476541356344938       0.69019143961796736       0.89801613439787298       0.99937619423457613     
  0.58286969612895112       0.58658987732771717       0.59543390036667265       0.61937790154080197       0.69639177967136667       0.90406446101949323       0.99951808056229974     
  0.58592584188887964       0.58984836253694362       0.59911635508802152       0.62395569531698591       0.70269737948050182       0.90981579979986760       0.99962022192334510     
  0.58853371264850285       0.59270233798990868       0.60251383732519970       0.62847182501791921       0.70908717864610749       0.91499996377614667       0.99970986750238688     
   1.0000000000000000        1.0000000000000000        1.0000000000000000        1.0000000000000000        1.0000000000000000        1.0000000000000000        1.0000000000000000     
   1.0000000000000000        1.0000000000000000        1.0000000000000000        1.0000000000000000        1.0000000000000000        1.0000000000000000        1.0000000000000000     
   1.0000000000000000        1.0000000000000000        1.0000000000000000        1.0000000000000000        1.0000000000000000        1.0000000000000000        1.0000000000000000     
   1.0000000000000000        1.0000000000000000        1.0000000000000000        1.0000000000000000        1.0000000000000000        1.0000000000000000        1.0000000000000000     
   1.0000000000000000        1.0000000000000000        1.0000000000000000        1.0000000000000000        1.0000000000000000        1.0000000000000000        1.0000000000000000     
   1.0000000000000000        1.0000000000000000        1.0000000000000000        1.0000000000000000        1.0000000000000000        1.0000000000000000        1.0000000000000000     
   1.0000000000000000        1.0000000000000000        1.0000000000000000        1.0000000000000000        1.0000000000000000        1.0000000000000000        1.0000000000000000     
   1.0000000000000000        1.0000000000000000        1.0000000000000000        1.0000000000000000        1.0000000000000000        1.0000000000000000        1.0000000000000000     
   1.0000000000000000        1.0000000000000000        1.0000000000000000        1.0000000000000000        1.0000000000000000        1.0000000000000000        1.0000000000000000     
   1.0000000000000000        1.0000000000000000        1.0000000000000000        1.0000000000000000        1.0000000000000000        1.0000000000000000        1.0000000000000000     
   1.0000000000000000        1.0000000000000000        1.0000000000000000        1.0000000000000000        1.0000000000000000        1.0000000000000000        1.0000000000000000     
   1.0000000000000000        1.0000000000000000        1.0000000000000000        1.0000000000000000        1.0000000000000000        1.0000000000000000        1.0000000000000000     
   1.0000000000000000        1.0000000000000000        1.0000000000000000        1.0000000000000000        1.0000000000000000        1.0000000000000000        1.0000000000000000     
   1.0000000000000000        1.0000000000000000        1.0000000000000000        1.0000000000000000        1.0000000000000000        1.0000000000000000        1.0000000000000000     
   1.0000000000000000        1.0000000000000000        1.0000000000000000        1.0000000000000000        1.0000000000000000        1.0000000000000000        1.0000000000000000     
   1.0000000000000000        1.0000000000000000        1.0000000000000000        1.0000000000000000        1.0000000000000000        1.0000000000000000        1.0000000000000000     
   1.0000000000000000        1.0000000000000000        1.0000000000000000        1.0000000000000000        1.0000000000000000        1.0000000000000000        1.0000000000000000     
   1.0000000000000000        1.0000000000000000        1.0000000000000000        1.0000000000000000        1.0000000000000000        1.0000000000000000        1.0000000000000000     
   1.0000000000000000        1.0000000000000000        1.0000000000000000        1.0000000000000000        1.0000000000000000        1.0000000000000000        1.0000000000000000     
   1.0000000000000000        1.0000000000000000        1.0000000000000000        1.0000000000000000        1.0000000000000000        1.0000000000000000        1.0000000000000000     
   1.0000000000000000        1.0000000000000000        1.0000000000000000        1.0000000000000000        1.0000000000000000        1.0000000000000000        1.0000000000000000     
   1.0000000000000000        1.0000000000000000        1.0000000000000000        1.0000000000000000        1.0000000000000000        1.0000000000000000        1.0000000000000000     
   1.0000000000000000        1.0000000000000000        1.0000000000000000        1.0000000000000000        1.0000000000000000        1.0000000000000000        1.0000000000000000     
   1.0000000000000000        1.0000000000000000        1.0000000000000000        1.0000000000000000        1.0000000000000000        1.0000000000000000        1.0000000000000000     
   1.0000000000000000        1.0000000000000000        1.0000000000000000        1.0000000000000000        1.0000000000000000        1.0000000000000000        1.0000000000000000     
   1.0000000000000000        1.0000000000000000        1.0000000000000000        1.0000000000000000        1.0000000000000000        1.0000000000000000        1.0000000000000000     
   1.0000000000000000        1.0000000000000000        1.0000000000000000        1.0000000000000000        1.0000000000000000        1.0000000000000000        1.0000000000000000     
   1.0000000000000000        1.0000000000000000        1.0000000000000000        1.0000000000000000        1.0000000000000000        1.0000000000000000        1.0000000000000000     
   1.0000000000000000        1.0000000000000000        1.0000000000000000        1.0000000000000000        1.0000000000000000        1.0000000000000000        1.0000000000000000     
   1.0000000000000000        1.0000000000000000        1.0000000000000000        1.0000000000000000        1.0000000000000000        1.0000000000000000        1.0000000000000000     
   1.0000000000000000        1.0000000000000000        1.0000000000000000        1.0000000000000000        1.0000000000000000        1.0000000000000000        1.0000000000000000     
   1.0000000000000000        1.0000000000000000        1.0000000000000000        1.0000000000000000        1.0000000000000000        1.0000000000000000        1.0000000000000000     
   1.0000000000000000        1.0000000000000000        1.0000000000000000        1.0000000000000000        1.0000000000000000        1.0000000000000000        1.0000000000000000     
   1.0000000000000000        1.0000000000000000        1.0000000000000000        1.0000000000000000        1.0000000000000000        1.0000000000000000        1.0000000000000000     
   1.0000000000000000        1.0000000000000000        1.0000000000000000        1.0000000000000000        1.0000000000000000        1.0000000000000000        1.0000000000000000     
   1.0000000000000000        1.0000000000000000        1.0000000000000000        1.0000000000000000        1.0000000000000000        1.0000000000000000        1.0000000000000000     
   1.0000000000000000        1.0000000000000000        1.0000000000000000        1.0000000000000000        1.0000000000000000        1.0000000000000000        1.0000000000000000     
