   3.6970652897489091     
   3.6975170093898453     
   3.6898547495728442     
   3.6748435858204735     
   3.6527489679015850     
   3.6238767876562545     
   3.5885721708462146     
   3.5473306887159755     
   3.5008637217582064     
   3.4498351865913106     
   3.3949013752830108     
   3.3367077986328488     
   3.2758208483996767     
   3.2128936162159980     
   3.1483754428211874     
   3.0826977292608695     
   3.0161842884031280     
   2.9491249002426412     
   2.8817193816625628     
   2.8141771543843221     
   2.7466448868910591     
   2.6792561395882473     
   2.6120783759069859     
   2.5451429151499965     
   2.4784299960534617     
   2.4118930617136387     
   2.3454002474276505     
   2.2787542595027168     
   2.2119986410492354     
   2.1447390632736991     
   2.0766325902756031     
   2.0072980323118865     
   1.9363149083716973     
   1.8630155941654698     
   1.7865784123759680     
   1.7060713102180818     
   1.6203184272536619     
   1.5279049398887858     
   1.4272676966355924     
   1.3157103690205623     
   1.1900171672685689     
   1.0463497756948654     
  0.87925162248785937     
  0.68067398820490921     
  0.43860693675287926     
  0.47374240580694527     
  0.50568457009569201     
  0.53438411899509242     
  0.55978339381780817     
  0.58185746443884245     
  0.60064102937167108     
  0.61612215350874577     
  0.62818019614478438     
  0.63672186872553771     
  0.64166258376969942     
  0.64315394267374459     
  0.64123820735932369     
  0.63604808494352916     
  0.62767610030706589     
  0.61614416345138912     
  0.60150552574458904     
  0.58387674122900335     
  0.56353226927390543     
  0.54087100029698565     
  0.51628675950066971     
  0.49021330910180361     
  0.46303078016330268     
  0.43527584397690100     
  0.40719956787354900     
  0.37923769876736230     
  0.35161010809529680     
  0.32469897347063870     
  0.29887552370143194     
  0.27433008356785016     
  0.25101244188841482     
  0.22866725235276142     
  0.20654533640970155     
  0.18353113373217406     
  0.15805190527311902     
  0.12801493179780646     
   9.3497072103691875E-002
