   3.1440705272673335        3.0212945174817190        2.8916570816926077        2.9912509180244915        4.0748911669784418        8.7608088044476382        19.654829863642220     
   3.1538564490684564        3.0347391892030835        2.9082322995998906        3.0037367137276361        4.0555815152888126        8.6934207823969025        19.598592038124330     
   3.1586016597474145        3.0431233750474269        2.9199238578788718        3.0105538604167239        4.0253885541960033        8.6023181841812590        19.490426888626832     
   3.1585739342250760        3.0466797224005520        2.9267329736424141        3.0118519661487513        3.9857245382178954        8.4919661031607863        19.341784128803042     
   3.1540392245404165        3.0455941143545409        2.9287228712944167        3.0076979677741758        3.9371531689678640        8.3630518769990854        19.157692762927859     
   3.1452119775101401        3.0399773174400160        2.9259187509244149        2.9981047157454643        3.8801537567791331        8.2175771956625479        18.945383359228646     
   3.1323113972217871        3.0299541427056131        2.9183460655282363        2.9830839655631194        3.8151508204488245        8.0580715415767514        18.715044686408174     
   3.1155329707902610        3.0156424687172572        2.9060579005172662        2.9627145757482349        3.7429579650927964        7.8871438762203354        18.479914403288785     
   3.0949865157992615        2.9971670111551045        2.8891290180658409        2.9371795496841933        3.6646942492190013        7.7093221382623378        18.249987516566250     
   3.0708009209327813        2.9746618234360165        2.8676665890741226        2.9068674658606430        3.5815684463497055        7.5271278125951921        18.030374710890399     
   3.0430366468249672        2.9482523018980178        2.8417394384782719        2.8721401412736300        3.4947194994849169        7.3440860534068175        17.821242472807931     
   3.0117938440149810        2.9180382685124977        2.8115919731235786        2.8334479133324426        3.4051888705125601        7.1628210105280914        17.621786467079602     
   2.9771697598614137        2.8841394838363139        2.7774549301431031        2.7913595841026964        3.3138825829491325        6.9847498881933534        17.428935954756700     
   2.9392301487373405        2.8467044891079629        2.7396821820398847        2.7464238122754359        3.2217066945802242        6.8123059060111908        17.239663710544491     
   2.8980635898313203        2.8059384618428074        2.6986554033259154        2.6990933580892049        3.1294025582173179        6.6455557081492129        17.052210872743871     
   2.8537666322996258        2.7620229284327427        2.6546932165719950        2.6497323922484179        3.0376375230836969        6.4853625318192174        16.864982358790950     
   2.8064637791919940        2.7151609269975681        2.6080935366259395        2.5986499615787153        2.9470300712569961        6.3314106565927881        16.676608963228265     
   2.7562607265892067        2.6655518539021723        2.5591271948114112        2.5460440266866602        2.8581238566845322        6.1838695370798957        16.486212797196870     
   2.7032397395865573        2.6134034454759481        2.5080218237106826        2.4920681318860187        2.7713867041237981        6.0421614462066060        16.293139777768033     
   2.6475722800758175        2.5589092721658502        2.4549754893375040        2.4369187887644177        2.6872129208386282        5.9061452987203937        16.095435303568941     
   2.5893737119180180        2.5022372065400873        2.4001411912714485        2.3807625896615088        2.6059084979017224        5.7751712189089748        15.893320828623168     
   2.5287414341479213        2.4435116728464155        2.3436150950637318        2.3237706842221084        2.5277054099116447        5.6489740394649051        15.686377564389643     
   2.4657682755014765        2.3828036049162740        2.2854474909766562        2.2660730439977033        2.4527502751505779        5.5269515323529346        15.475015067080786     
   2.4005304421385030        2.3201392247792159        2.2256422607280437        2.2077533557232454        2.3811228927880421        5.4088191522330362        15.258428215462311     
   2.3330645066150981        2.2555123679049025        2.1641730426615418        2.1488697307402704        2.3128367103613159        5.2940212732940957        15.035961971594370     
   2.2633516757515428        2.1888593483454106        2.1009501122774363        2.0894316616419077        2.2478417121042922        5.1823176371748545        14.807997078648762     
   2.1913170337732031        2.1200627361684581        2.0358895654498528        2.0294067026621958        2.1860141552708017        5.0732240153789752        14.569681022736939     
   2.1168317498235276        2.0489527361393263        1.9688682261974519        1.9687040864956002        2.1271826136046257        4.9664366372494486        14.311601202568793     
   2.0396771987904239        1.9753149452594505        1.8997030971169924        1.9071612174639483        2.0711000052576281        4.8615140611050673        14.072192522793733     
   1.9595842388177622        1.8988817677116749        1.8281685240706465        1.8445346825869977        2.0174985423913574        4.7583151298313631        13.827653548569391     
   1.8762203703040818        1.8193468797401595        1.7539595759194897        1.7804712904535778        1.9660019714670121        4.6561962027778865        13.580549614351279     
   1.7891805088301673        1.7362944324452154        1.6766960485124458        1.7145445567506303        1.9161789671884104        4.5552633223525918        13.330698975037972     
   1.6979681751308813        1.6492279835420625        1.5959175940288925        1.6461835149183706        1.8678402751948215        4.4550703316051612        13.080398071755811     
   1.6018142601320091        1.5575466441097177        1.5109104513239879        1.5746352287320886        1.8204092949194974        4.3553412953246644        12.828052846575032     
   1.4999673311253654        1.4605296031418546        1.4209725156654469        1.4992151713808848        1.7725686081348253        4.2555630184909061        12.574830292136985     
   1.3916114274120066        1.3571658992636428        1.3254339516239211        1.4189112002234909        1.7230269942271159        4.1556558095256646        12.320617042881345     
   1.2758127840990823        1.2462949485246089        1.2231149493450773        1.3322712121411782        1.6707821244392684        4.0550864559585555        12.067579918898774     
   1.1512977140508631        1.1265728752895010        1.1123338535139260        1.2373636883006576        1.6149179545879340        3.9544472895371454        11.816011405107938     
   1.0165406673812742       0.99638609631549524       0.99122495854470460        1.1322875479581818        1.5544670356931427        3.8529494124738863        11.566293700335759     
  0.86966174924848816       0.85377976272641154       0.85715176155446415        1.0139420549419678        1.4863364245342634        3.7503991525282578        11.320236457036952     
  0.70817744266446914       0.69609814009320448       0.70678550014127839       0.87915037970519738        1.4063686372114337        3.6463963527012107        11.078715466190959     
  0.52869027788630674       0.51963745407748341       0.53585601111746939       0.72354997457586956        1.3108177086008872        3.5408215881276930        10.844087596737332     
  0.32556976430115225       0.31859390826531503       0.33831105374818726       0.54069828893627236        1.1948993580877583        3.4335037803754540        10.618935257120144     
   8.9422686671809609E-002   8.3894273177555059E-002  0.10531134767444500       0.32097065939859637        1.0522203954069651        3.3227386794356533        10.405991524678265     
 -0.19766293549809069      -0.20115732221532506      -0.17831844333156904        5.0187108385465876E-002  0.87464744134896943        3.2107460663608034        10.208922424251933     
 -0.15998366416345980      -0.16130715016580396      -0.13687470757755113        9.0352284223867499E-002  0.91984749637235574        3.1683660072058237        10.031562518323362     
 -0.12829512933018589      -0.12735824129630532      -0.10001547917725076       0.12686962297848917       0.96359962623405360        3.1269715323364866        9.8532576818846174     
 -0.10160560115771881       -9.8590507036547981E-002  -6.7812316540615772E-002  0.15960784412458562        1.0057993195545596        3.0864410240317146        9.6739623253921749     
  -7.9282865564630975E-002  -7.4412038017471704E-002  -4.0193279428605247E-002  0.18845155298658964        1.0461839335809131        3.0466698524649156        9.4933804888985200     
  -6.0820177882421243E-002  -5.4341206586748861E-002  -1.6976315515181792E-002  0.21329502791315005        1.0845218949302837        3.0075660665176187        9.3114898866970641     
  -4.5738673866308310E-002  -3.7944076539986452E-002   2.0765183684357306E-003  0.23403155720557167        1.1207712599500064        2.9691002000053319        9.1282614355192191     
  -3.3582231387727514E-002  -2.4805087472687538E-002   1.7244744601171674E-002  0.25059294067237436        1.1545811925790852        2.9312872453195475        8.9439483291387294     
  -2.3926115006222201E-002  -1.4520581560071516E-002   2.8834411050171500E-002  0.26298670139466485        1.1850103095570446        2.8941571621141025        8.7586182774274608     
  -1.6385378094506686E-002  -6.7006667828929693E-003   3.7167133099208126E-002  0.27112691143153522        1.2113460259504607        2.8578096360641623        8.5724382242483923     
  -1.0618365950664409E-002  -9.7269021358023186E-004   4.2598828745934847E-002  0.27491890023517773        1.2328176170101055        2.8226640927367197        8.3854811740471984     
  -6.3232542637054190E-003   3.0115871569615488E-003   4.5507894495737944E-002  0.27473963190291534        1.2485307998297011        2.7904640315507319        8.1980169965432417     
  -3.2334408305767989E-003   5.5722434931805166E-003   4.6267249941904905E-002  0.27055466009754403        1.2581322476322550        2.7616494859091838        8.0103427550894395     
  -1.1126455807342489E-003   6.9984851907139555E-003   4.5240862199006172E-002  0.26244405283191574        1.2616986894180937        2.7358085062556858        7.8227380044854380     
   2.4614931750676234E-004   7.5492098843168180E-003   4.2800613780129344E-002  0.25071487910491902        1.2585976493066016        2.7132588886642814        7.6354728773706251     
   1.0270324421785405E-003   7.4556611435932577E-003   3.9311708093716806E-002  0.23590063668721392        1.2475605597631261        2.6943418292172030        7.4486646069205706     
   1.3900930908785319E-003   6.9189745710160691E-003   3.5115539203905054E-002  0.21854547841816321        1.2274380089972770        2.6794684729748379        7.2627289010662102     
   1.4679308299565589E-003   6.1081720945302155E-003   3.0526234813326680E-002  0.19906239961762931        1.1976290807057999        2.6689333301084903        7.0775622677174743     
   1.3680289028351663E-003   5.1640092191574142E-003   2.5823459457647004E-002  0.17805966538385762        1.1579364595890924        2.6629715065770632        6.8930696448950712     
   1.1736999243312962E-003   4.1959065198470995E-003   2.1243951706246208E-002  0.15623827329727599        1.1085454808248316        2.6619772679303395        6.7090578935369569     
   9.4704540421694408E-004   3.2826718120353348E-003   1.6977230535678674E-002  0.13433121917420596        1.0498131473282188        2.6656239062698845        6.5252199072980757     
   7.2860056887084185E-004   2.4780358418165518E-003   1.3164872128574479E-002  0.11303987586472282       0.98235901255120217        2.6736386110812580        6.3410148050072301     
   5.4225147958129243E-004   1.8092944752435944E-003   9.8922569116870734E-003   9.2832202637596409E-002  0.90719104918755922        2.6850153607852820        6.1561880610526396     
   3.9768302195055630E-004   1.2852822925938929E-003   7.1984376326132953E-003   7.4237825797628762E-002  0.82605967354807142        2.6982525799806294        5.9699874463703066     
   2.9499441976210927E-004   8.9869873442388712E-004   5.0730639713820339E-003   5.7671375085109389E-002  0.73967431869310896        2.7122253503350859        5.7815622972686480     
   2.2842653899108744E-004   6.3129108021401541E-004   3.4749469878097537E-003   4.3419573531225115E-002  0.64961876215591041        2.7263397790068367        5.5896702650230772     
   1.8910227725792093E-004   4.5949486104686344E-004   2.3328301879942557E-003   3.1630968043162004E-002  0.55816993667129278        2.7348032074537207        5.3927415726695997     
   1.6802935208349998E-004   3.5722982200098223E-004   1.5624632084880700E-003   2.2290484224914149E-002  0.46829797549847185        2.7328659499137591        5.1885829436022783     
   1.5788211562071234E-004   3.0169166634555023E-004   1.0743834214150864E-003   1.5239094230669605E-002  0.38294465036698289        2.7166754897378600        4.9744315095979976     
   1.5354737491207526E-004   2.7420958543074682E-004   7.8552578805093389E-004   1.0194053066410247E-002  0.30466526033359109        2.6817774448600042        4.7467380528517609     
   1.5192197153420317E-004   2.6190059012337077E-004   6.2652883423028262E-004   6.7805142582863581E-003  0.23555998676997869        2.6222184337686842        4.5009327987724692     
   1.5135880503391332E-004   2.5675807668928220E-004   5.4372999614089596E-004   4.5969077366559098E-003  0.17706807702955291        2.5315430919269586        4.2311615065477843     
   1.5114962147733419E-004   2.5443014941319730E-004   5.0066624585666877E-004   3.2619960154024034E-003  0.12977831888713187        2.3986072262912086        3.9298997573770142     
   1.5103993791237543E-004   2.5307432400424861E-004   4.7515504382872835E-004   2.4441953036222473E-003   9.3117097728727713E-002   2.2107558751025644        3.5873690608833386     
   1.5096087044088439E-004   2.5207142517163979E-004   4.5701746436573249E-004   1.9077738130572905E-003   6.5370018526056770E-002   1.9517333333469475        3.1940022082325092     
   1.5089903580406820E-004   2.5128702615230254E-004   4.4258740645900831E-004   1.5138676519696214E-003   4.4315643006093787E-002   1.5975664299012950        2.7464570162872088     
   1.5084145570631708E-004   2.5068413115574830E-004   4.3108540361961792E-004   1.1979397574098706E-003   2.7850150113957462E-002   1.1582066848967203        2.2440159552563745     
