  0.60728573922675400       0.61594019273456913       0.62777967871340856       0.65104655840377712       0.73230766858362106        1.0197021385406149        1.9746339657099901     
  0.62322326047397392       0.63173319873680756       0.64383437059881676       0.66829612318056120       0.75348603734524477        1.0566982881057840        2.0857129852597383     
  0.63920162626152865       0.64734510159175218       0.65953335822072146       0.68510958119968735       0.77377611915398892        1.0938257262440854        2.2008610428290529     
  0.65517674898260947       0.66286889868773946       0.67503815560738079       0.70169205542993351       0.79398282051273039        1.1311104333905317        2.3208784563469855     
  0.67109532559282148       0.67830171009786022       0.69038047244020140       0.71807538215917222       0.81423364968255763        1.1685262462840380        2.4462771024242187     
  0.68689011785633802       0.69361490072559251       0.70555996285287614       0.73426082300638484       0.83439851836415746        1.2073849312102460        2.5760594196720135     
  0.70250580488175751       0.70876845942678512       0.72056268121018963       0.75025345671818267       0.85439140302704097        1.2435105998601570        2.7108785181563522     
  0.71790532166405485       0.72371936848824159       0.73536542335726363       0.76604265974045538       0.87417384536331311        1.2837895735040590        2.8508327251711734     
  0.73302481495070582       0.73842323607997773       0.74993821840433328       0.78159329566323110       0.89367439171259999        1.3188892722640566        2.9969035328457552     
  0.74782767944810358       0.75283608889748765       0.76425984635262112       0.79689402096470108       0.91288750122228735        1.3579867495205993        3.1485886009891080     
  0.76226995198321512       0.76692765450567080       0.77827868548760770       0.81191871200567622       0.93173766023306848        1.3945526170080664        3.3071986020198652     
  0.77630154164562815       0.78065983983642473       0.79197121168679108       0.82660546386714950       0.95026845705542407        1.4334670329193373        3.4714321078713861     
  0.78989617313707450       0.79399725953761158       0.80526504338386318       0.84089812278739795       0.96838511776022995        1.4704804973841517        3.6418343759131613     
  0.80301803898023916       0.80688931072539560       0.81814170788726703       0.85479699116757391       0.98613015038430729        1.5092737065153454        3.8197222652614613     
  0.81563451968464984       0.81932197137634777       0.83059757667846357       0.86830635669618916        1.0034927526181845        1.5465163398782171        4.0058156049313505     
  0.82771601892446278       0.83126995377542867       0.84261965531390481       0.88141288646236504        1.0204587828159557        1.5853518471517256        4.1993672898525949     
  0.83924898257065561       0.84271385044749991       0.85418834804297705       0.89409875366722646        1.0370238849496312        1.6227927152043131        4.4013501770708761     
  0.85022089963528846       0.85362690431871679       0.86528713666908053       0.90634958000579935        1.0531764714539169        1.6615228957171331        4.6108758685684945     
  0.86057756249423745       0.86399316292941064       0.87590209074193581       0.91814626279120015        1.0689101973301083        1.6991538234316406        4.8283245887611477     
  0.87032951276759263       0.87379584336259142       0.88601688629672248       0.92947895114792667        1.0842095748753564        1.7378779260354382        5.0553939915074384     
  0.87947093902818330       0.88303203322927248       0.89562211324354191       0.94034106689435015        1.0990685898985018        1.7756430171341826        5.2912878811377260     
  0.88798842659620991       0.89169712459275907       0.90471432449569034       0.95071956133550528        1.1134743679618300        1.8143563234306186        5.5371411208245904     
  0.89586995540964987       0.89978489107227344       0.91329485347631656       0.96060080833625983        1.1274309110039400        1.8521817339124329        5.7928326399515786     
  0.90312070622739427       0.90729268304589394       0.92135773938585253       0.96998108459442700        1.1409056025181117        1.8910104676553003        6.0588655122021011     
  0.90974786762332849       0.91422428670275580       0.92890907016178459       0.97884554699250292        1.1539537226122414        1.9287275957030787        6.3363041302387879     
  0.91575657117455067       0.92057930137400912       0.93591786900666307       0.98719080718934304        1.1664612727389132        1.9680825058848042        6.6237288033261503     
  0.92114808142945559       0.92635544823692684       0.94237376193412703       0.99499935234437276        1.1784887606126027        2.0049857178684034        6.9216893544638607     
  0.92593270280142281       0.93155087748479115       0.94827359311055925        1.0022644950573987        1.1900181731362078        2.0439615170304646        7.2305509085424289     
  0.93011154846199773       0.93616575213925091       0.95361628673116605        1.0089770050090106        1.2010422304295252        2.0811547145912965        7.5509245039742758     
  0.93368782005629980       0.94020111195788636       0.95840356093183909        1.0151345872254369        1.2115551858031284        2.1198879863923095        7.8824814744238880     
  0.93665576132282191       0.94365748631078417       0.96261963217771729        1.0207133003996254        1.2215539248690563        2.1567917415902360        8.2266638476226674     
  0.93901324094658778       0.94652128020015946       0.96625329813698191        1.0257400755341060        1.2309953956345501        2.1954854122319056        8.5820045175180368     
  0.94075237118366883       0.94877931479232158       0.96930745618287240        1.0302097017791201        1.2398960007465465        2.2318693239739540        8.9486061807748261     
  0.94186002987200534       0.95041194439767407       0.97173683469955030        1.0340414454049436        1.2482500173420872        2.2697585550464914        9.3261045485096989     
  0.94231709894834104       0.95139271120337476       0.97349263298580757        1.0372163594459696        1.2559870033033034        2.3055283114506326        9.7151513308394986     
  0.94209264121316305       0.95167995695158825       0.97458411391500421        1.0397088592299768        1.2630415914634732        2.3428257117758911        10.115387341778010     
  0.94116933299841266       0.95125160791898011       0.97497387843233407        1.0414583256971330        1.2694738144996109        2.3775822904637836        10.525591042169829     
  0.93947295096158467       0.95003958782789000       0.97453080505524592        1.0423530665906113        1.2751629179733881        2.4139318909850140        10.945730191646993     
  0.93689687859849624       0.94794466126555743       0.97314070947811904        1.0425882692745041        1.2800936293406600        2.4472212829406224        11.374969082999488     
  0.93332275924719121       0.94484386657805197       0.97080030944321971        1.0418560315118406        1.2842652032798829        2.4833688390186217        11.810572636059710     
  0.92859703319116271       0.94055229960850262       0.96732873654358775        1.0400295742809098        1.2875941818857681        2.5151909359312903        12.254030769550480     
  0.92245864864724236       0.93487670571291492       0.96254254730035049        1.0369074159424860        1.2900568990692187        2.5520624858395822        12.703965381758156     
  0.91452788969729482       0.92745566243626276       0.95621450859151580        1.0325275505593952        1.2914752236246474        2.5850051904612794        13.160879904081643     
  0.90421251395652347       0.91792118349919405       0.94803381739711146        1.0266480779267186        1.2918648166348170        2.6256559894868885        13.623016250617566     
  0.65942286906725811       0.67265474321369823       0.70173486752266601       0.78130706809617578        1.0763634947108225        2.5461089832195647        14.080811669312419     
  0.64660225489642664       0.66107409807571105       0.69231384769273496       0.77543691986974339        1.0769246133575749        2.5813771627255635        14.530656521315876     
  0.63410715092485814       0.64970486278668105       0.68285710280356438       0.76925952628246064        1.0768862838070363        2.6153256858123970        14.982838945533597     
  0.62199825310811097       0.63858122123093541       0.67340212397139365       0.76281253195394927        1.0762452869720733        2.6477468527737416        15.436657679622412     
  0.61036494361730353       0.62772915341924118       0.66398688955425345       0.75614370547829246        1.0750096141901024        2.6787578033933386        15.890759353550775     
  0.59937639722997382       0.61720874641834034       0.65465634595881106       0.74931253713241608        1.0731867593806563        2.7083514571194165        16.345173260289641     
  0.58912284752620026       0.60709511575908370       0.64545651192187659       0.74234586706778516        1.0709017400589069        2.7365146199981858        16.800629402422935     
  0.57959924329827917       0.59740944746648206       0.63636022558140570       0.73517988855487248        1.0682149614571796        2.7629590008327427        17.254917438910784     
  0.57074153013056783       0.58815919913419612       0.62733338556397922       0.72782868338325346        1.0649110661402790        2.7874906663336385        17.701730894693036     
  0.56247722932687927       0.57936107869995146       0.61837160203296893       0.72026618574428547        1.0609568947312349        2.8096736892025556        18.143300891761680     
  0.55475901342029166       0.57101883338849990       0.60948681060230092       0.71237237608071102        1.0563041680608931        2.8293304020386283        18.574563656117416     
  0.54756554669667268       0.56311534338627234       0.60067351841709304       0.70425433475152610        1.0507247118343068        2.8461205426024541        18.994766487160074     
  0.54090816517142082       0.55563524284656618       0.59193599139579200       0.69578224285084334        1.0440728979830327        2.8595512825546279        19.398232801854267     
  0.53481745487516652       0.54857118236596525       0.58329007693717161       0.68682534138744211        1.0364277821695507        2.8690967604003332        19.777926741558943     
  0.52935519799708064       0.54194403735560903       0.57478750291239344       0.67728995292253236        1.0277334581896520        2.8741499370056425        20.134099800370137     
  0.52459175028254545       0.53580524154742781       0.56645016949013582       0.66710622624570981        1.0177406477935855        2.8741012043807053        20.461353706192661     
  0.52057581419875265       0.53023435241439498       0.55833324978240562       0.65623288251169842        1.0061613777704113        2.8682632872162319        20.748998409454952     
  0.51731204724129243       0.52531890236081391       0.55051826486947086       0.64465635073103389       0.99281000668084318        2.8558348373768814        20.991859717193989     
  0.51475867559954758       0.52112223058707852       0.54310789178151730       0.63237265187752878       0.97751796614974151        2.8363143893633223        21.184734549231798     
  0.51283586257055003       0.51767842194099956       0.53623453714604841       0.61948117498872768       0.96021752950516770        2.8091624455143540        21.316075699298690     
  0.51144534233589678       0.51496943466501777       0.53003899210527483       0.60613839555879956       0.94082609915955762        2.7738062091497420        21.378409272783180     
  0.51048269855636952       0.51293271297577925       0.52465957451567680       0.59254488160898511       0.91931942946584166        2.7300575319856857        21.368498253053421     
  0.50985164786089798       0.51147059558031771       0.52018228932861010       0.57902754568829673       0.89557416399978385        2.6772693083883352        21.278199073702190     
  0.50946435173976934       0.51047393901991944       0.51663318564355531       0.56595671658689883       0.86967909734772220        2.6149523803152390        21.100757685582224     
  0.50924514341594951       0.50983530487009487       0.51396877530406537       0.55371828239045084       0.84140149788032803        2.5428166622336317        20.829295089825813     
  0.50913268523798472       0.50945346952109205       0.51208028622326385       0.54272099925818817       0.81072055466739767        2.4610527912610176        20.456922473677043     
  0.50908113478223660       0.50924418478857458       0.51082431340787171       0.53332034406769546       0.77779137684997857        2.3695378070811666        19.982554583130213     
  0.50906008844330952       0.50913975973500680       0.51004322258151813       0.52572065707163418       0.74296482557048749        2.2683924206932846        19.403859483344295     
  0.50905233589394827       0.50909227362159559       0.50959182794605140       0.51996674683885724       0.70690032634249311        2.1583333654652557        18.721073541193512     
  0.50904952919386071       0.50907192118375888       0.50934862111898549       0.51589753691662554       0.67064611132097041        2.0403795727089968        17.936694616926108     
  0.50904835324381037       0.50906286425227998       0.50922403321956022       0.51321413806172078       0.63567800885297987        1.9158995026226922        17.059459621076080     
  0.50904770360895635       0.50905812094725722       0.50915982819945227       0.51155849195798675       0.60370287397590450        1.7866597947277210        16.095346139998018     
  0.50904727042443065       0.50905510977259871       0.50912390481834013       0.51058938538916099       0.57638314598370421        1.6549006107546598        15.063630186102921     
  0.50904696760045431       0.50905299820424388       0.50910102817527381       0.51003257808991587       0.55474267808988498        1.5215623307395572        13.985884732429787     
  0.50904676071756039       0.50905150069453653       0.50908508792961638       0.50970182049039181       0.53885556117313360        1.3897326401875782        12.885080214877215     
  0.50904662642834353       0.50905047513326740       0.50907375795048648       0.50949143386723550       0.52805167852755741        1.2627027834948263        11.792357667349769     
  0.50913956749415967       0.50914282948719092       0.50915889857146357       0.50944149677636807       0.52125049193781292        1.1435780682563783        10.745162838715030     
