   1.1277234346659749E-004   1.0655666542114435E-003   4.1687228104967129E-003   6.5604178601869744E-003   4.1687228104967033E-003   1.0655666542114409E-003   1.1277234346659613E-004
   1.1267232542393073E-004   1.0646216007718465E-003   4.1650255609485829E-003   6.5545994109708029E-003   4.1650255609485811E-003   1.0646216007718409E-003   1.1267232542393023E-004
   1.1256830665955890E-004   1.0636387451946649E-003   4.1611804214185324E-003   6.5485482237860283E-003   4.1611804214185524E-003   1.0636387451946696E-003   1.1256830665955755E-004
   1.1246028717347980E-004   1.0626180874799083E-003   4.1571873919065546E-003   6.5422642986325916E-003   4.1571873919065833E-003   1.0626180874799050E-003   1.1246028717347833E-004
   1.1235169615572800E-004   1.0615920294597769E-003   4.1531732352543364E-003   6.5359471251979096E-003   4.1531732352543312E-003   1.0615920294597787E-003   1.1235169615572715E-004
   1.1224424820132170E-004   1.0605767720503862E-003   4.1492013328826285E-003   6.5296964483257105E-003   4.1492013328826363E-003   1.0605767720503799E-003   1.1224424820132007E-004
   1.1213737177858697E-004   1.0595669149463614E-003   4.1452505576512026E-003   6.5234790197347715E-003   4.1452505576512035E-003   1.0595669149463531E-003   1.1213737177858632E-004
   1.1203106688752491E-004   1.0585624581477065E-003   4.1413209095600631E-003   6.5172948394250215E-003   4.1413209095600787E-003   1.0585624581477045E-003   1.1203106688752406E-004
   1.1192304740144597E-004   1.0575418004329441E-003   4.1373278800480914E-003   6.5110109142715918E-003   4.1373278800481035E-003   1.0575418004329417E-003   1.1192304740144519E-004
   1.1181102719366010E-004   1.0564833405805980E-003   4.1331869605542191E-003   6.5044942511495122E-003   4.1331869605542191E-003   1.0564833405805954E-003   1.1181102719365909E-004
   1.1169386320082336E-004   1.0553762779799368E-003   4.1288558967978563E-003   6.4976783534963249E-003   4.1288558967978294E-003   1.0553762779799295E-003   1.1169386320082209E-004
   1.1156926929624499E-004   1.0541990114094669E-003   4.1242501802179095E-003   6.4904302281870623E-003   4.1242501802178800E-003   1.0541990114094637E-003   1.1156926929624382E-004
   1.1143838854327123E-004   1.0529623414799352E-003   4.1194120650949358E-003   6.4828163717842264E-003   4.1194120650949176E-003   1.0529623414799391E-003   1.1143838854326970E-004
   1.1129950634688322E-004   1.0516500672752465E-003   4.1142781700081151E-003   6.4747370394440881E-003   4.1142781700081125E-003   1.0516500672752402E-003   1.1129950634688233E-004
   1.1115262270708279E-004   1.0502621887953868E-003   4.1088484949574466E-003   6.4661922311666691E-003   4.1088484949574474E-003   1.0502621887953829E-003   1.1115262270708195E-004
   1.1099773762386887E-004   1.0487987060403554E-003   4.1031230399429363E-003   6.4571819469519528E-003   4.1031230399429163E-003   1.0487987060403539E-003   1.1099773762386788E-004
   1.1083370803389692E-004   1.0472488183994177E-003   4.0970595506840063E-003   6.4476396902374833E-003   4.0970595506839985E-003   1.0472488183994213E-003   1.1083370803389609E-004
   1.1065939087382175E-004   1.0456017252618410E-003   4.0906157729001247E-003   6.4374989644607741E-003   4.0906157729001654E-003   1.0456017252618380E-003   1.1065939087382107E-004
   1.1047364308029966E-004   1.0438466260168785E-003   4.0837494523107681E-003   6.4266932730593623E-003   4.0837494523107672E-003   1.0438466260168772E-003   1.1047364308029875E-004
   1.1027417852664050E-004   1.0419619194430613E-003   4.0763760803547945E-003   6.4150896229083132E-003   4.0763760803548049E-003   1.0419619194430632E-003   1.1027417852663966E-004
   1.1006042568117229E-004   1.0399422052350137E-003   4.0684745298919548E-003   6.4026547657263476E-003   4.0684745298919574E-003   1.0399422052350118E-003   1.1006042568117060E-004
   1.0983066994887663E-004   1.0377712824766331E-003   4.0599814195014221E-003   6.3892889566698544E-003   4.0599814195014334E-003   1.0377712824766294E-003   1.0983066994887570E-004
   1.0958319673473753E-004   1.0354329502518060E-003   4.0508333677623728E-003   6.3748924508950531E-003   4.0508333677623624E-003   1.0354329502518095E-003   1.0958319673473701E-004
   1.0931743450708257E-004   1.0329218082551720E-003   4.0410092475345006E-003   6.3594320001207263E-003   4.0410092475345102E-003   1.0329218082551679E-003   1.0931743450708180E-004
   1.0903338326591159E-004   1.0302378564867214E-003   4.0305090588178445E-003   6.3429076043468686E-003   4.0305090588178489E-003   1.0302378564867210E-003   1.0903338326591095E-004
   1.0872989994787955E-004   1.0273702943357252E-003   4.0192905473318335E-003   6.3252527670110250E-003   4.0192905473318240E-003   1.0273702943357210E-003   1.0872989994787899E-004
   1.0840412689462522E-004   1.0242921202753307E-003   4.0072480773750844E-003   6.3063012467070188E-003   4.0072480773750896E-003   1.0242921202753285E-003   1.0840412689462454E-004
   1.0805377797945843E-004   1.0209817330840644E-003   3.9942971403865322E-003   6.2859200503098921E-003   3.9942971403865357E-003   1.0209817330840629E-003   1.0805377797945758E-004
   1.0767771013903493E-004   1.0174283321511943E-003   3.9803954820856044E-003   6.2640426812571983E-003   3.9803954820855940E-003   1.0174283321511912E-003   1.0767771013903408E-004
   1.0727592337335428E-004   1.0136319174767065E-003   3.9655431024722982E-003   6.2406691395489331E-003   3.9655431024722843E-003   1.0136319174767067E-003   1.0727592337335337E-004
   1.0684441696071000E-004   1.0095546869230271E-003   3.9495921115646872E-003   6.2155666872164075E-003   3.9495921115646863E-003   1.0095546869230288E-003   1.0684441696070972E-004
   1.0638090477441332E-004   1.0051750392686793E-003   3.9324580008016953E-003   6.1886023311347356E-003   3.9324580008016988E-003   1.0051750392686791E-003   1.0638090477441271E-004
   1.0588081456108417E-004   1.0004497720707067E-003   3.9139717530610784E-003   6.1595100850540315E-003   3.9139717530610862E-003   1.0004497720707078E-003   1.0588081456108346E-004
   1.0534071713068816E-004   9.9534648349689837E-004   3.8940066055012353E-003   6.1280904592868448E-003   3.8940066055012370E-003   9.9534648349689663E-004   1.0534071713068771E-004
   1.0475604022984803E-004   9.8982197110429756E-004   3.8723935409999363E-003   6.0940774675833252E-003   3.8723935409999315E-003   9.8982197110429821E-004   1.0475604022984647E-004
   1.0412221160518199E-004   9.8383303244995628E-004   3.8489635424350083E-003   6.0572051236935731E-003   3.8489635424349949E-003   9.8383303244995498E-004   1.0412221160518143E-004
   1.0343351593996889E-004   9.7732566448017555E-004   3.8235053384036541E-003   6.0171409448052582E-003   3.8235053384036511E-003   9.7732566448017468E-004   1.0343351593996788E-004
   1.0268423791748389E-004   9.7024586414127157E-004   3.7958076575031578E-003   5.9735524481060401E-003   3.7958076575031509E-003   9.7024586414127428E-004   1.0268423791748256E-004
   1.0186866222100262E-004   9.6253962837955010E-004   3.7656592283307829E-003   5.9261071507835349E-003   3.7656592283307681E-003   9.6253962837954891E-004   1.0186866222100215E-004
   1.0098335966049180E-004   9.5417455536280003E-004   3.7329332880448505E-003   5.8746055631503646E-003   3.7329332880448357E-003   9.5417455536279895E-004   1.0098335966049094E-004
   1.0002318645089967E-004   9.4510204234269225E-004   3.6974396923828861E-003   5.8187484506753741E-003   3.6974396923828883E-003   9.4510204234269301E-004   1.0002318645089879E-004
   9.8981855743830282E-005   9.3526268596017665E-004   3.6589460428018811E-003   5.7581700822649977E-003   3.6589460428018768E-003   9.3526268596016949E-004   9.8981855743829239E-005
   9.7854223754231630E-005   9.2460788346691890E-004   3.6172621950393523E-003   5.6925712233881357E-003   3.6172621950393562E-003   9.2460788346691760E-004   9.7854223754231006E-005
   9.6625430658622808E-005   9.1299722692333052E-004   3.5718388434481654E-003   5.6210874187326426E-003   3.5718388434481702E-003   9.1299722692332694E-004   9.6625430658621710E-005
   9.5282331228538426E-005   9.0030650930592265E-004   3.5221900638019821E-003   5.5429539578301362E-003   3.5221900638019769E-003   9.0030650930591962E-004   9.5282331228537586E-005
   9.3815209425548825E-005   8.8644392542341238E-004   3.4679566947161187E-003   5.4576056198996255E-003   3.4679566947161174E-003   8.8644392542341075E-004   9.3815209425547740E-005
   9.2212634616205402E-005   8.7130146916842622E-004   3.4087161933850979E-003   5.3643774393163750E-003   3.4087161933850896E-003   8.7130146916842676E-004   9.2212634616204507E-005
   9.0475749863854065E-005   8.5488994115169939E-004   3.3445108140894506E-003   5.2633359126428789E-003   3.3445108140894375E-003   8.5488994115169733E-004   9.0475749863853198E-005
   8.8614842738596669E-005   8.3730654686987513E-004   3.2757208453541380E-003   5.1550795089413378E-003   3.2757208453541263E-003   8.3730654686987318E-004   8.8614842738596385E-005
   8.6646487658932912E-005   8.1870789517865669E-004   3.2029589742471293E-003   5.0405724283676305E-003   3.2029589742471254E-003   8.1870789517865376E-004   8.6646487658932126E-005
   8.4580972194965150E-005   7.9919119157469078E-004   3.1266054892933660E-003   4.9204131399839283E-003   3.1266054892933725E-003   7.9919119157468763E-004   8.4580972194964581E-005
   8.2408580308262856E-005   7.7866463086670218E-004   3.0463012291081933E-003   4.7940364230092897E-003   3.0463012291081885E-003   7.7866463086669893E-004   8.2408580308262463E-005
   8.0117309833706738E-005   7.5701480664193725E-004   2.9616025237458200E-003   4.6607440635377103E-003   2.9616025237458247E-003   7.5701480664193703E-004   8.0117309833705789E-005
   7.7705446176278746E-005   7.3422551798428993E-004   2.8724459917854354E-003   4.5204363167255729E-003   2.8724459917854293E-003   7.3422551798428841E-004   7.7705446176277798E-005
   7.5174703930996117E-005   7.1031296580986530E-004   2.7788950146478350E-003   4.3732129274164904E-003   2.7788950146478511E-003   7.1031296580986681E-004   7.5174703930995819E-005
   7.2520510844480870E-005   6.8523394767571648E-004   2.6807805752108696E-003   4.2188079093606317E-003   2.6807805752108666E-003   6.8523394767571876E-004   7.2520510844480395E-005
   6.9733722409974402E-005   6.5890205869593369E-004   2.5777646392301026E-003   4.0566892900582479E-003   2.5777646392301078E-003   6.5890205869593391E-004   6.9733722409973616E-005
   6.6805194120718206E-005   6.3123089398460952E-004   2.4695091724611347E-003   3.8863250970095444E-003   2.4695091724611347E-003   6.3123089398461137E-004   6.6805194120717461E-005
   6.3729210659989032E-005   6.0216645048805821E-004   2.3558029035012193E-003   3.7073828474021736E-003   2.3558029035012197E-003   6.0216645048805670E-004   6.3729210659988625E-005
   6.0502914369425049E-005   5.7168172667942745E-004   2.2365401966490039E-003   3.5196962998299891E-003   2.2365401966490048E-003   5.7168172667942702E-004   6.0502914369424480E-005
   5.7128591375715588E-005   5.3979832378019913E-004   2.1118055604655538E-003   3.3233984474178922E-003   2.1118055604655512E-003   5.3979832378019696E-004   5.7128591375715053E-005
   5.3613100058928946E-005   5.0658104545479789E-004   1.9818525206341882E-003   3.1188882695407385E-003   1.9818525206341943E-003   5.0658104545479692E-004   5.3613100058928553E-005
   4.9971300242547295E-005   4.7217029964282634E-004   1.8472303828020588E-003   2.9070302215106216E-003   1.8472303828020603E-003   4.7217029964282444E-004   4.9971300242546916E-005
   4.6226624725137955E-005   4.3678749886441278E-004   1.7088053597204356E-003   2.6891874828581701E-003   1.7088053597204278E-003   4.3678749886441094E-004   4.6226624725137636E-005
   4.2409936217009157E-005   4.0072425960949214E-004   1.5677183169641544E-003   2.4671554607701087E-003   1.5677183169641520E-003   4.0072425960948835E-004   4.2409936217008696E-005
   3.8556669681848476E-005   3.6431540081094583E-004   1.4252791372302823E-003   2.2429955486829921E-003   1.4252791372302797E-003   3.6431540081094605E-004   3.8556669681848090E-005
   3.4703974678359855E-005   3.2791194231777086E-004   1.2828610846366841E-003   2.0188688848771243E-003   1.2828610846366828E-003   3.2791194231777081E-004   3.4703974678359659E-005
   3.0893001486954816E-005   2.9190270611654059E-004   1.1419853132831580E-003   1.7971693456014090E-003   1.1419853132831588E-003   2.9190270611653994E-004   3.0893001486954681E-005
   2.7166614983061529E-005   2.5669271510993951E-004   1.0042363586903285E-003   1.5803905519484898E-003   1.0042363586903269E-003   2.5669271510993838E-004   2.7166614983061262E-005
   2.3570537700470052E-005   2.2271399372749450E-004   8.7130439208019453E-004   1.3711923664171759E-003   8.7130439208019561E-004   2.2271399372749385E-004   2.3570537700469788E-005
   2.0151635236315160E-005   1.9040936700947394E-004   7.4492183895530373E-004   1.1723011480687490E-003   7.4492183895529939E-004   1.9040936700947403E-004   2.0151635236314956E-005
   1.6953343997697530E-005   1.6018925816393059E-004   6.2669436197654630E-004   9.8624376627707037E-004   6.2669436197654847E-004   1.6018925816393034E-004   1.6953343997697334E-005
   1.4015099670011055E-005   1.3242628826133236E-004   5.1807973382290789E-004   8.1531435244737156E-004   5.1807973382290550E-004   1.3242628826133242E-004   1.4015099670010925E-005
   1.1367764963564157E-005   1.0741207379161206E-004   4.2021882006922963E-004   6.6130831376634081E-004   4.2021882006922881E-004   1.0741207379161156E-004   1.1367764963564037E-005
   9.0330580819070646E-006   8.5351826358794641E-005   3.3391445204596066E-004   5.2548908492091510E-004   3.3391445204596109E-004   8.5351826358794384E-005   9.0330580819069714E-006
   7.0206950634701795E-006   6.6337351154155692E-005   2.5952579113777815E-004   4.0842188669209200E-004   2.5952579113777772E-004   6.6337351154155530E-005   7.0206950634701134E-006
   5.3329620349430320E-006   5.0390249399172054E-005   1.9713734590578070E-004   3.1023971220481175E-004   1.9713734590578091E-004   5.0390249399171735E-005   5.3329620349429922E-006
   3.9572852995333346E-006   3.7391714375722512E-005   1.4628431926391831E-004   2.3021109927190214E-004   1.4628431926391855E-004   3.7391714375722390E-005   3.9572852995333067E-006
   2.8668028686394015E-006   2.7087931731459259E-005   1.0597373561926853E-004   1.6677337867531230E-004   1.0597373561926840E-004   2.7087931731459195E-005   2.8668028686393727E-006
   2.0289374369357792E-006   1.9171084060342942E-005   7.5001347976157121E-005   1.1803139838464099E-004   7.5001347976156999E-005   1.9171084060342945E-005   2.0289374369357639E-006
   1.4025387240113856E-006   1.3252349375797647E-005   5.1846002234785719E-005   8.1591282150960052E-005   5.1846002234785617E-005   1.3252349375797628E-005   1.4025387240113695E-006
