  0.97554007750576610       0.96340906016454508       0.93944853516172733       0.88319301879077727       0.82370346692760121       0.99523977763825233        1.0000000000000000     
  0.97841395724302549       0.96689196021632429       0.94304708499062118       0.88703333680365337       0.82423597369414647       0.99495725587047046       0.99999999999999833     
  0.98090045111586344       0.96953356388572887       0.94631957483035334       0.89032454414680384       0.82434735383857916       0.99472062704497877       0.99999999999999878     
  0.98305617326848260       0.97210208089483907       0.94882511617536247       0.89305334581669904       0.82400276980423370       0.99488183664394725       0.99999999999999978     
  0.98487527609510872       0.97431723888695854       0.95128278009796718       0.89323791204002512       0.82429967022349104       0.99484872768484167       0.99999999999999800     
  0.98644940113905200       0.97530750536622024       0.95286177724488275       0.89371995560758688       0.82308475431248185       0.99472433783442771       0.99999999999999944     
  0.98779075802221339       0.97671837141030349       0.95399523080064641       0.89378265953251212       0.82095413945028861       0.99545695270206347       0.99999974732539254     
  0.98885178668599039       0.97653800882005137       0.95426702893874971       0.89160232584577270       0.82493851081114300       0.99544966322302597       0.99999971422708323     
  0.98884056160665879       0.97695371488725413       0.95429563077617641       0.88688669884617100       0.82093799169926229       0.99546198864448199       0.99999941328960740     
  0.98771405035608739       0.97691911727195468       0.95385158726591956       0.88467367974991318       0.83267692351241274       0.99537336697547096       0.99999970318957687     
  0.98693054507528866       0.97553495610864682       0.95184095735323959       0.88177193543336052       0.82686567267499689       0.99552686814344538       0.99999968241188197     
  0.98478925617190338       0.97341741621213251       0.94713544420671081       0.87782111261049678       0.82157613489304460       0.99538510410573278       0.99999966474587265     
  0.98356556920297600       0.97138349819904946       0.94140039711666856       0.87187785814166174       0.81339275455097082       0.99532630864406535       0.99999964783197937     
  0.98216653652749586       0.96978238433572928       0.93670783708351435       0.86541977599214470       0.80385188712550648       0.99540313434234107       0.99999962526402242     
  0.97987550602894125       0.96761784716040267       0.93330594077025519       0.85753124083612642       0.79363806368825107       0.99548596675108625        1.0000000000000011     
  0.97582082988493102       0.96561593838525350       0.92822518602326987       0.84897796437719519       0.78202613385075415       0.99530174683836259       0.99999999999999856     
  0.97386876228345376       0.96187134588086520       0.92207943124869007       0.83972252132442549       0.78605798856641218       0.99484147381833343       0.99999999999999600     
  0.97057733214311026       0.95804710524728964       0.91556891938292218       0.82937559193119426       0.77416849272323118       0.99478486102746511       0.99999999999999967     
  0.96774640283307822       0.94920997673385676       0.90904014670871036       0.81949515688708652       0.76207032480246961       0.99451375845973333       0.99999999999999789     
  0.96442562429898737       0.94519886615419446       0.90234378486374756       0.81276755168669768       0.74908905637512502       0.99444714683457036        1.0000000000000020     
  0.96156053948371911       0.93555580987326115       0.89535531487491538       0.79669721402552784       0.73668198507771432       0.99444542294701843       0.99999999999999956     
  0.95765145398860851       0.92874343349861044       0.88819829987162369       0.79495956581402671       0.72331169352845925       0.99442608134953825        1.0000000000000016     
  0.94741878077163377       0.92237630942846460       0.88050861414143733       0.78648862491754934       0.70998885313257876       0.99445060961263221       0.99999999999999967     
  0.94203745154405250       0.91572141377513394       0.87356422010444446       0.77838228698334588       0.69795071935041419       0.99441529693180719       0.99999999999999833     
  0.93076592215564358       0.90977943109188453       0.86684545419177950       0.77063129217257842       0.68775129844874472       0.99439559185308113       0.99999999999999778     
  0.92560948821332767       0.90383281109728819       0.85365451578885132       0.76328250366573569       0.67531501873089095       0.99431275119057794       0.99999999999999878     
  0.92062754484890830       0.89792880447527201       0.84567138326459645       0.75638299619629623       0.67098587974325719       0.99417916281782259       0.99999999999999967     
  0.91527697062381264       0.89279564686844981       0.84004053397779099       0.74998003213366415       0.65998356618512388       0.99438765900450399       0.99999999999999833     
  0.91085555568736909       0.88809727220695911       0.83515218668631253       0.74439763264130965       0.64964230191463335       0.99462409310206790       0.99999999999999845     
  0.90686220542344453       0.88368321337648925       0.83076319060541415       0.73935395464122078       0.64008575012559665       0.99456983581351177        1.0000000000000004     
  0.90335632218957462       0.87314456453876976       0.82683578772829991       0.73432965161531216       0.63150121149742700       0.99415641113328446       0.99999999999999978     
  0.89896790822495531       0.86948748587346403       0.82375362655640627       0.73040180841807290       0.62324026767324414       0.99411539944369376        1.0000000000000000     
  0.88576431242834697       0.86299861324458949       0.81564330599462076       0.72723077559685245       0.61664738018609200       0.99406894107518395       0.99999576786040423     
  0.88374787775420927       0.86003763021968904       0.79488022812239878       0.72484641022407137       0.61148086504475219       0.99298024270914587        1.0000000000000000     
  0.87641387081425515       0.83885116990501996       0.79480099418836458       0.72361710920641620       0.60759389420724774       0.99290511223835975       0.99999999999999900     
  0.87593116487243461       0.82969595768514537       0.79434199956783347       0.72299464306327588       0.60507585739225178       0.99281113452346803       0.99999999999999867     
  0.84880824353608897       0.82446818417174961       0.79301864891148877       0.71507743742433216       0.60358933135007975       0.99298713043485942        1.0000000000000009     
  0.84929194640723082       0.82526948501355180       0.79428520471761010       0.71644007359672224       0.60377092359021711       0.99387766113737597       0.99999999999999845     
  0.85015820403559894       0.82688738023827879       0.79149119604412743       0.71816191818794595       0.57803137545583305       0.99384842005761731        1.0000000000000011     
  0.84732837321430854       0.82862923626397056       0.78227731791386956       0.72180800322505989       0.57862030896907246       0.99507395220929717       0.99999999999999911     
  0.84976745319997338       0.82635904608360866       0.78563822803055738       0.72686952976883668       0.57948783039471308       0.99509992107211087       0.99999999999999922     
  0.85077433917329071       0.82999615919764369       0.78366915158292683       0.73060542653227578       0.53129027896463166       0.99513530491443658       0.99999999999999811     
  0.85382782055184014       0.83356929759046627       0.80536484793214802       0.73692518925433637       0.53664233410753659       0.99521525407003397        1.0000000000000002     
  0.84626244365063774       0.83599798150041671       0.81170854699464468       0.71096277525722096       0.53252212690404321       0.99498060691970558       0.99999999999999989     
  0.85048096259983563       0.82184775165098867       0.82518130860183847       0.71909905470122715       0.54757630811108982       0.99498038455023108       0.99999999999999789     
  0.87251836884496881       0.84384845483504467       0.84293477725095012       0.73372328755033323       0.55517132100749755       0.99512999057745311        1.0000000000000016     
  0.89134569104132766       0.86384247604222697       0.85955897952866844       0.74887514481395201       0.56368690718684134       0.99604719667541941       0.99999999999999833     
  0.90800647067367846       0.88199648509633854       0.87515191494885203       0.76443239519635453       0.57315916561681124       0.99610239447470550       0.99999999999999900     
  0.92279420503634346       0.89850194954905782       0.88976662952901941       0.78028018943942035       0.58362809829808393       0.99616733863844087       0.99999999999999767     
  0.93578010147606772       0.91344584211017532       0.90340756102321818       0.79629969760601305       0.59512518457458830       0.99624221552959913        1.0000000000000000     
  0.94704423649980540       0.92686420875913456       0.91606095106267238       0.81238223612304050       0.60768844902074759       0.99632785596404716        1.0000000000000011     
  0.95672165941376575       0.93879075358579189       0.92770776319686477       0.82842172197446251       0.62135561844856380       0.99642470970973029        1.0000000000000011     
  0.96498176695087767       0.94928279292013507       0.93833426780625140       0.84430694625070013       0.63615289129675312       0.99653390364851391        1.0000000000000016     
  0.97199842674027714       0.95842813337891164       0.94794165256718466       0.85992360529675949       0.65209688960980716       0.99720938542243864       0.99999999999999967     
  0.97792529257440652       0.96633068236113395       0.95654358208089019       0.87514539585282780       0.66917802462982512       0.99734640365843097       0.99999999999999933     
  0.98289288661098617       0.97310355342457389       0.96415538582841764       0.88984811135797770       0.69504964174075379       0.99749833028254253       0.99999999999999867     
  0.98700905518186743       0.97885552980401891       0.97046540514805524       0.90390772550856235       0.78642375998482428       0.99766563093127580        1.0000000000000020     
  0.99036617899440837       0.98368571958395967       0.97606952127169688       0.91720213764416603       0.80343412988456353       0.99784750152839763        1.0000000000000013     
  0.99304909158963206       0.98768438097811462       0.98027367149062550       0.92961906119663917       0.82081573640247607       0.99804209477562966       0.99999999999999833     
  0.99513956343529286       0.99093454478095511       0.98269356616051362       0.94105451412080998       0.83839242059477936       0.99824632596949037       0.99999999999999889     
  0.99672016425462751       0.99351736838897264       0.98673877132475840       0.95142514555991431       0.85595926409251466       0.99864221533943331       0.99999999999999822     
  0.99787402295035399       0.99551456368644065       0.98960610166175000       0.96067191134870666       0.87328623251005499       0.99902922361043811       0.99999999999999922     
  0.99868286891997049       0.99700967253030925       0.99176577655857601       0.96876322295796591       0.89012431178538221       0.99918130751215006       0.99999999999999933     
  0.99922433011885936       0.99808738555411747       0.99411590272925410       0.97569869732321290       0.90621866053102806       0.99932203666056407        1.0000000000000007     
  0.99956833276614065       0.99883110915586126       0.99557523214635391       0.98150790605976101       0.92131857466480549       0.99945077739818133       0.99999999999999922     
  0.99977441571793757       0.99931957999406029       0.99695526892143360       0.98625106917377214       0.93519636850207233       0.99956727296548042        1.0000000000000004     
  0.99988931565552208       0.99962309990236387       0.99802749951118130       0.99001598687646497       0.94766526245967897       0.99967135168696419       0.99999999999999800     
  0.99994933486806403       0.99979973799133826       0.99877102667607531       0.99291297644380316       0.95859280577462636       0.99976231382347980        1.0000000000000007     
  0.99997769631726718       0.99989674855634170       0.99925020714751445       0.99506886271753869       0.96791443295709245       0.99983885557866092       0.99999999999999956     
  0.99999032981295266       0.99994621808714568       0.99954654267377097       0.99661917900904762       0.97564099313693375       0.99989971145287937       0.99999999999999800     
  0.99999558927064025       0.99997084361138400       0.99972475930279703       0.99769856616614694       0.98185799101101989       0.99994455698490015        1.0000000000000033     
  0.99999777329325923       0.99998317186132202       0.99982807340889435       0.99843105783372665       0.98672034558198307       0.99997231386461338        1.0000000000000031     
  0.99999877595769027       0.99998980884720001       0.99988929889671330       0.99892451682604821       0.99043407060833522       0.99998816175014116        1.0000000000000016     
  0.99999931169531286       0.99999379603214611       0.99992769152796845       0.99926287547735138       0.99322721253944213       0.99999587684513702       0.99999999999999989     
  0.99999962934247022       0.99999637321924961       0.99995393678036815       0.99950511023040356       0.99532307023697686       0.99999893424371888        1.0000000000000004     
  0.99999982026326395       0.99999806994924401       0.99997271946657029       0.99968687701606673       0.99691169936018864       0.99999983047842267       0.99999999999999944     
  0.99999992624827305       0.99999911881674219       0.99998585707394183       0.99982469221285286       0.99815711309855248       0.99999998795353651       0.99999999999999878     
  0.99999997633896187       0.99999968056962263       0.99999401863318471       0.99991911059894945       0.99939148240936915       0.99999999969716569        1.0000000000000018     
  0.99999999493687808       0.99999992040603169       0.99999819241628141       0.99996901746974609       0.99930361507051013       0.99999999999471256       0.99999999999999989     
  0.99999999959160046       0.99999999168934484       0.99999973815462317       0.99998713065933831       0.99993460418159219       0.99999999999999967       0.99999999999999600     
  0.99999999999875366       0.99999999995658340       0.99999999719660526       0.99999964442032185       0.99993105906979707        1.0000000000000009       0.99999999999999956     
