  0.58345712276578399       0.58885494635673230       0.59457595586128353       0.60109543661325593       0.61583743008208602       0.65837573244089154       0.74197279220801804     
  0.57904752521271485       0.58461235243977783       0.59095539448732082       0.59894008462964132       0.61680957227280264       0.66467247401679486       0.75459933448839722     
  0.57505941606140953       0.58056732151389945       0.58734500736663209       0.59667869673352114       0.61756120566297190       0.67062757097572745       0.76669195753793762     
  0.57148708455642450       0.57684612184600936       0.58391690788840556       0.59447416531001163       0.61825303948154942       0.67639799747583595       0.77840773126153884     
  0.56831211768855916       0.57346872523043380       0.58073548579610879       0.59239512243904602       0.61896126236647098       0.68206349537228517       0.78981093371354671     
  0.56550114954828956       0.57043208648053845       0.57781813495606749       0.59047765802281926       0.61971919055963698       0.68766212617882549       0.80093007026040541     
  0.56302261441220480       0.56772009702786397       0.57517168799152540       0.58874309826441262       0.62055303582863752       0.69321087418775640       0.81173801909817178     
  0.56085437552477069       0.56531317367972689       0.57279222230974136       0.58720335319844852       0.62147113105727569       0.69871830436899451       0.82223785840015617     
  0.55896648071204791       0.56318981689677727       0.57067070538105424       0.58585501068820933       0.62245879294763617       0.70417029126957920       0.83242736342384938     
  0.55733581124090337       0.56132845006758847       0.56880330693906622       0.58470494367519688       0.62352943181443121       0.70956565858319887       0.84231723857851848     
  0.55593734306313047       0.55971107965620392       0.56716323928098478       0.58374269874633311       0.62466921983105050       0.71494608127845305       0.85191911922446950     
  0.55474487167980024       0.55831782349688142       0.56574424682393776       0.58294880513110814       0.62590437045864333       0.72032370950336022       0.86124052652015815     
  0.55374087274889849       0.55713176582883184       0.56452178433783773       0.58231984951223215       0.62721302517169020       0.72569815665917314       0.87028426919630597     
  0.55290595614653748       0.55613043863322986       0.56348692217583762       0.58185696571718915       0.62862142867758786       0.73108397705416339       0.87904586439655563     
  0.55222348629934581       0.55530386403841470       0.56263556017065786       0.58156379901393507       0.63013564374555220       0.73650039112471355       0.88751737850188173     
  0.55167802923156362       0.55463921063672628       0.56196416567871099       0.58143930579077252       0.63176002204026271       0.74195799748809410       0.89568816977282029     
  0.55126025659641942       0.55412562773204455       0.56146378789817220       0.58148046089648830       0.63350206117889896       0.74746460437237350       0.90354582359878077     
  0.55096193476289457       0.55375239472955728       0.56112749184206467       0.58168541485014991       0.63536729301892469       0.75302650393104775       0.91107738429030993     
  0.55076663165003725       0.55351159734221611       0.56094979672270529       0.58205066387347759       0.63736065082876370       0.75864820846114567       0.91827263566495643     
  0.55067310023104732       0.55339560053124226       0.56092472994651743       0.58257597448527265       0.63948545574063054       0.76433150199112565       0.92512143314457673     
  0.55067794818948068       0.55340258951715215       0.56104727202565963       0.58326259637415045       0.64174713839528297       0.77007854429999933       0.93161679158705357     
  0.55077638318721112       0.55353066923630789       0.56131973510542388       0.58410986147841759       0.64415039691069165       0.77588914708903545       0.93775348181087714     
  0.55096585233438333       0.55377809371174647       0.56174634157476333       0.58511658906862363       0.64669917303422364       0.78176503052215884       0.94353228986221160     
  0.55124900926972786       0.55414541608412415       0.56232627490185583       0.58628485924112028       0.64939864856438756       0.78770094165442528       0.94894925301285837     
  0.55162992273629063       0.55463593789864851       0.56306180065184175       0.58761692445741265       0.65225455179084979       0.79369521547530786       0.95400752182567639     
  0.55211274009299804       0.55525254119418277       0.56394686566209917       0.58911396469192190       0.65527092882973037       0.79974395911014762       0.95871205131019466     
  0.55270051587893887       0.55599747527779320       0.56498137954879601       0.59077562445281762       0.65844961494975318       0.80584080448048268       0.96306930791372636     
  0.55340016231340317       0.55687290516739918       0.56616990651379917       0.59260243633921306       0.66179287620213978       0.81197896514835577       0.96708840608612168     
  0.55421622558950234       0.55788291882423946       0.56751661265775677       0.59459638263324777       0.66530433849066806       0.81815262728222771       0.97077976670340294     
  0.55515486348694287       0.55903152141606627       0.56902610962335043       0.59676122435238887       0.66898913657603687       0.82435547531675524       0.97415637643711206     
  0.55621874313562014       0.56032587060382877       0.57069736758516276       0.59909248376198898       0.67284427540922320       0.83057544419652285       0.97723146967302932     
  0.55741269743746713       0.56176609746860195       0.57252650999665688       0.60160882085061762       0.67686300029025470       0.83681225794641112       0.98001998332031959     
  0.55873963674767901       0.56335410607126246       0.57453060792366817       0.60431672159115213       0.68105008342326967       0.84304888961197688       0.98253749252794209     
  0.56020134430507107       0.56508726637111595       0.57668966071014716       0.60718265159839657       0.68541429818462141       0.84927520095466869       0.98479989235967569     
  0.56179741688597906       0.56696166980953477       0.57898525422698799       0.61021797530679200       0.68993573659759011       0.85547999855518664       0.98682368868806924     
  0.56352196712338565       0.56896805744712731       0.58143721033270257       0.61341320868226001       0.69461247355922495       0.86165214692402203       0.98862566646988392     
  0.56537941818849935       0.57110365906144445       0.58404517069495265       0.61674555100964579       0.69943904189773443       0.86777935899487679       0.99022247360426963     
  0.56734877746909107       0.57335481879250694       0.58675920697908235       0.62018114605352204       0.70437615670438247       0.87384926088282455       0.99163085156691644     
  0.56939982131324285       0.57569505031910351       0.58954598179776196       0.62382366566012160       0.70941804374785933       0.87984791931518957       0.99286671871793486     
  0.57150101314181578       0.57808998831231062       0.59242065102649921       0.62755157654238980       0.71458451475133844       0.88576107790421010       0.99394602542034627     
  0.57360721943680371       0.58048183878563342       0.59532564162220947       0.63132647095389571       0.71984249582720650       0.89157381452277429       0.99488384373465100     
  0.57563701316993732       0.58282050917323236       0.59821388712587487       0.63509362096031341       0.72518184689132914       0.89726441093827403       0.99569442273749065     
  0.57746928919796481       0.58499407174295692       0.60102829010750181       0.63890209273554244       0.73053133729978303       0.90279615582602701       0.99639130826895184     
  0.57890707169114286       0.58690289665725137       0.60371565026930007       0.64271672561257076       0.73594137372428969       0.90813500341559039       0.99698630885313622     
   1.0000000000000000        1.0000000000000000        1.0000000000000000        1.0000000000000000        1.0000000000000000        1.0000000000000000        1.0000000000000000     
   1.0000000000000000        1.0000000000000000        1.0000000000000000        1.0000000000000000        1.0000000000000000        1.0000000000000000        1.0000000000000000     
   1.0000000000000000        1.0000000000000000        1.0000000000000000        1.0000000000000000        1.0000000000000000        1.0000000000000000        1.0000000000000000     
   1.0000000000000000        1.0000000000000000        1.0000000000000000        1.0000000000000000        1.0000000000000000        1.0000000000000000        1.0000000000000000     
   1.0000000000000000        1.0000000000000000        1.0000000000000000        1.0000000000000000        1.0000000000000000        1.0000000000000000        1.0000000000000000     
   1.0000000000000000        1.0000000000000000        1.0000000000000000        1.0000000000000000        1.0000000000000000        1.0000000000000000        1.0000000000000000     
   1.0000000000000000        1.0000000000000000        1.0000000000000000        1.0000000000000000        1.0000000000000000        1.0000000000000000        1.0000000000000000     
   1.0000000000000000        1.0000000000000000        1.0000000000000000        1.0000000000000000        1.0000000000000000        1.0000000000000000        1.0000000000000000     
   1.0000000000000000        1.0000000000000000        1.0000000000000000        1.0000000000000000        1.0000000000000000        1.0000000000000000        1.0000000000000000     
   1.0000000000000000        1.0000000000000000        1.0000000000000000        1.0000000000000000        1.0000000000000000        1.0000000000000000        1.0000000000000000     
   1.0000000000000000        1.0000000000000000        1.0000000000000000        1.0000000000000000        1.0000000000000000        1.0000000000000000        1.0000000000000000     
   1.0000000000000000        1.0000000000000000        1.0000000000000000        1.0000000000000000        1.0000000000000000        1.0000000000000000        1.0000000000000000     
   1.0000000000000000        1.0000000000000000        1.0000000000000000        1.0000000000000000        1.0000000000000000        1.0000000000000000        1.0000000000000000     
   1.0000000000000000        1.0000000000000000        1.0000000000000000        1.0000000000000000        1.0000000000000000        1.0000000000000000        1.0000000000000000     
   1.0000000000000000        1.0000000000000000        1.0000000000000000        1.0000000000000000        1.0000000000000000        1.0000000000000000        1.0000000000000000     
   1.0000000000000000        1.0000000000000000        1.0000000000000000        1.0000000000000000        1.0000000000000000        1.0000000000000000        1.0000000000000000     
   1.0000000000000000        1.0000000000000000        1.0000000000000000        1.0000000000000000        1.0000000000000000        1.0000000000000000        1.0000000000000000     
   1.0000000000000000        1.0000000000000000        1.0000000000000000        1.0000000000000000        1.0000000000000000        1.0000000000000000        1.0000000000000000     
   1.0000000000000000        1.0000000000000000        1.0000000000000000        1.0000000000000000        1.0000000000000000        1.0000000000000000        1.0000000000000000     
   1.0000000000000000        1.0000000000000000        1.0000000000000000        1.0000000000000000        1.0000000000000000        1.0000000000000000        1.0000000000000000     
   1.0000000000000000        1.0000000000000000        1.0000000000000000        1.0000000000000000        1.0000000000000000        1.0000000000000000        1.0000000000000000     
   1.0000000000000000        1.0000000000000000        1.0000000000000000        1.0000000000000000        1.0000000000000000        1.0000000000000000        1.0000000000000000     
   1.0000000000000000        1.0000000000000000        1.0000000000000000        1.0000000000000000        1.0000000000000000        1.0000000000000000        1.0000000000000000     
   1.0000000000000000        1.0000000000000000        1.0000000000000000        1.0000000000000000        1.0000000000000000        1.0000000000000000        1.0000000000000000     
   1.0000000000000000        1.0000000000000000        1.0000000000000000        1.0000000000000000        1.0000000000000000        1.0000000000000000        1.0000000000000000     
   1.0000000000000000        1.0000000000000000        1.0000000000000000        1.0000000000000000        1.0000000000000000        1.0000000000000000        1.0000000000000000     
   1.0000000000000000        1.0000000000000000        1.0000000000000000        1.0000000000000000        1.0000000000000000        1.0000000000000000        1.0000000000000000     
   1.0000000000000000        1.0000000000000000        1.0000000000000000        1.0000000000000000        1.0000000000000000        1.0000000000000000        1.0000000000000000     
   1.0000000000000000        1.0000000000000000        1.0000000000000000        1.0000000000000000        1.0000000000000000        1.0000000000000000        1.0000000000000000     
   1.0000000000000000        1.0000000000000000        1.0000000000000000        1.0000000000000000        1.0000000000000000        1.0000000000000000        1.0000000000000000     
   1.0000000000000000        1.0000000000000000        1.0000000000000000        1.0000000000000000        1.0000000000000000        1.0000000000000000        1.0000000000000000     
   1.0000000000000000        1.0000000000000000        1.0000000000000000        1.0000000000000000        1.0000000000000000        1.0000000000000000        1.0000000000000000     
   1.0000000000000000        1.0000000000000000        1.0000000000000000        1.0000000000000000        1.0000000000000000        1.0000000000000000        1.0000000000000000     
   1.0000000000000000        1.0000000000000000        1.0000000000000000        1.0000000000000000        1.0000000000000000        1.0000000000000000        1.0000000000000000     
   1.0000000000000000        1.0000000000000000        1.0000000000000000        1.0000000000000000        1.0000000000000000        1.0000000000000000        1.0000000000000000     
   1.0000000000000000        1.0000000000000000        1.0000000000000000        1.0000000000000000        1.0000000000000000        1.0000000000000000        1.0000000000000000     
   1.0000000000000000        1.0000000000000000        1.0000000000000000        1.0000000000000000        1.0000000000000000        1.0000000000000000        1.0000000000000000     
