   5.8791775455796076        5.7981150126637804        5.6166015269940379        5.2028563515302295        4.6487639722682292        6.6283315626560313        12.310096584631486     
   5.8809356878877033        5.8037520736591111        5.6269550115506775        5.2090178391861306        4.6192096506055114        6.5941766582458596        12.468113001344094     
   5.8750933941903298        5.8012752021174965        5.6285706322287705        5.2081628057514342        4.5861374579568617        6.5525776707518402        12.585409545300811     
   5.8624832899486021        5.7915373583073180        5.6222970862625612        5.2000630522961320        4.5491517288433689        6.5064891461879029        12.677550613864813     
   5.8437993917911086        5.7752513587345788        5.6087266517567880        5.1850006085184095        4.5080554385116534        6.4565559495397915        12.749065548232931     
   5.8196386372406881        5.7530296048210001        5.5885097657176166        5.1633392029642016        4.4628214684932859        6.4032683520859877        12.803120520262430     
   5.7905027204526336        5.7253904665867168        5.5622320021950831        5.1354594476305460        4.4135402860070023        6.3469458832643175        12.842276557366732     
   5.7567987735136716        5.6927669388104292        5.5303378850800033        5.1017286433562710        4.3603368045111264        6.2878231179531410        12.868398550705633     
   5.7188533053210548        5.6555167687478640        5.4932208401068783        5.0625004852370488        4.3033748437406709        6.2260838575446398        12.882935242557313     
   5.6769226205458665        5.6139122126206473        5.4512260852677699        5.0181025479767802        4.2428333651315864        6.1618692699143844        12.887049031447606     
   5.6312101507940797        5.5680727853074705        5.4046319856140332        4.9688340685666885        4.1788923171415497        6.0952858059055384        12.881700628984444     
   5.5818753657925235        5.5182062902219906        5.3536607422797848        4.9149734024597178        4.1117375758282488        6.0264185219418671        12.867702108427046     
   5.5290376076497418        5.4644149576827505        5.2984989938749534        4.8567688246076486        4.0415448905023812        5.9553261349255697        12.845740434444943     
   5.4727827574643335        5.4068793417314547        5.2393221524928615        4.7944527674174386        3.9684829628023284        5.8820602539827407        12.816422308747423     
   5.4129787815954913        5.3457152982367537        5.1762842301453578        4.7282351198247694        3.8927089901027365        5.8066581697260533        12.780271267688548     
   5.3496210668879218        5.2810171189061625        5.1095188411191135        4.6583076239019672        3.8143776629934520        5.7291497818431720        12.737750310734164     
   5.2827589375272987        5.2128338838444934        5.0391325617688567        4.5848458172075297        3.7336318312157397        5.6495626780846759        12.689272419747605     
   5.2124248199184660        5.1411674826754776        4.9652038483339300        4.5079982897836546        3.6505980124363742        5.5679112163995876        12.635198306437108     
   5.1386256180896819        5.0659977646161565        4.8877894908632511        4.4278937555545381        3.5653874191464756        5.4842063692901206        12.575840308578330     
   5.0613322570830093        4.9872915011714110        4.8069210943231875        4.3446345415011711        3.4780900450877752        5.3984531077777902        12.511467784245481     
   4.9804538379662029        4.9050068383578838        4.7226039418003269        4.2582931203036685        3.3887728141205233        5.3106476707288186        12.442301845182435     
   4.8958649223472008        4.8190839033392647        4.6348197920669971        4.1689128295749622        3.2974814717823615        5.2207853400887334        12.368533275966968     
   4.8074206304909017        4.7294306810939375        4.5435165592652824        4.0764959575802138        3.2042284591554626        5.1288489849248853        12.290309878463281     
   4.7149620791509177        4.6359156524341412        4.4486034400698236        3.9809996188434642        3.1089920506700013        5.0348176073016742        12.207746555936110     
   4.6182996683965323        4.5383632183615026        4.3499420690860111        3.8823333464414911        3.0117119396863727        4.9386659807012121        12.120934849100957     
   4.5171962146668827        4.4365420306793277        4.2473373713024509        3.7803458079701788        2.9122832348272127        4.8403665029742973        12.029952845604644     
   4.4113466448400702        4.3301553657975713        4.1405244476489189        3.6748304213391729        2.8105463399708692        4.7398879599675094        11.934866388017596     
   4.3003588418896790        4.2188227577928483        4.0291493402619887        3.5654959384361216        2.7062773323427072        4.6371862049101829        11.835716145450080     
   4.1837345101752561        4.1020610217805640        3.9127540000121459        3.4519546999017190        2.5991748115205415        4.5322096756368619        11.732532322026165     
   4.0608490430207000        3.9792636078852182        3.7907556547111567        3.3337016877419230        2.4888469752036992        4.4249002421836661        11.625347195325899     
   3.9309234262972996        3.8496666001834461        3.6624239652883350        3.2100930541871771        2.3747999308224297        4.3151955712081413        11.514213293832139     
   3.7929824035577937        3.7123104980297712        3.5268433651577018        3.0803016242837349        2.2563939420486503        4.2030190580616935        11.399187228062322     
   3.6458111497276131        3.5660018009193433        3.3828741300021274        2.9432796393806999        2.1328298561208001        4.0882837936393486        11.280355782594446     
   3.4878956735400410        3.4092545753588932        3.2291046801272332        2.7977513004748440        2.0031343232402272        3.9708855585419185        11.157830138679721     
   3.3173766394357531        3.2402186066114274        3.0637715493269266        2.6421068460281982        1.8660788706436062        3.8507129385668719        11.031769822702469     
   3.1319100587464423        3.0566043166011947        2.8846535562481304        2.4743083778839878        1.7200922885092531        3.7276537564161885        10.902394686433642     
   2.9285335889197763        2.8555099384405818        2.6889742590780088        2.2917803614449594        1.5632698463724859        3.6015355932277777        10.770003104814968     
   2.7034781339770246        2.6332276973889099        2.4731918998236648        2.0912755594931078        1.3931386891834454        3.4721409566932597        10.635007148797209     
   2.4518831697734709        2.3849919714534931        2.2327034414812719        1.8685834834166495        1.2065529370569319        3.3392197846390292        10.497950572799722     
   2.1672956584063807        2.1044859586563662        1.9613911552887522        1.6181447375003013       0.99942022149679000        3.2023931338762219        10.359556476529963     
   1.8409337321558852        1.7830628216796112        1.6509850498196934        1.3324916104342985       0.76630271763529967        3.0611016165606979        10.220795518898603     
   1.4602790555620950        1.4084298063045446        1.2896454263167576        1.0009953538620835       0.49972587382257078        2.9145160773502852        10.082939680174485     
   1.0064596186216475       0.96207449829351788       0.85966825445989126       0.60778742195190183       0.18892597919198517        2.7614107950166797        9.9476557342356475     
  0.44822128735243622       0.41345401512329749       0.33218840530354427       0.12866195742622380      -0.17991059287834194        2.6000232609277076        9.8170988400535784     
 -0.27657765890874825      -0.29784894036286874      -0.34907574171335054      -0.48198365678798427      -0.63117277843577269        2.4283802926638547        9.6941166352722394     
 -0.23327861795356941      -0.25386197439274405      -0.30374138103007869      -0.43525104013785904      -0.59589755567957692        2.4015786711221159        9.5826591865956434     
 -0.19493323085425313      -0.21458206530299451      -0.26253475535404747      -0.39118787695750373      -0.56092135089762318        2.3736430481471698        9.4678588070123393     
 -0.16117199651689448      -0.17968001377241463      -0.22525293532349089      -0.34980407859792900      -0.52620397924485052        2.3445802561629399        9.3496026221766950     
 -0.13170156284864881      -0.14889150787041280      -0.19169538405766298      -0.31109216546051816      -0.49180030496981220        2.3143705643082573        9.2277489981639622     
 -0.10626815065620893      -0.12197897223104739      -0.16167029025863580      -0.27502824127941933      -0.45779248656036770        2.2829867959170520        9.1021955384919764     
  -8.4611761109367273E-002  -9.8715566957649950E-002 -0.13499697907545932      -0.24156723168330385      -0.42427203899495747        2.2503995690167806        8.9729457757058402     
  -6.6454830638084397E-002  -7.8875034775984676E-002 -0.11152418074105619      -0.21067674699275887      -0.39135004927198530        2.2165710017733140        8.8401055985947163     
  -5.1477218646337086E-002  -6.2193999952070499E-002  -9.1086187315895614E-002 -0.18231290432832595      -0.35913635049233844        2.1814463841230500        8.7037804274630624     
  -3.9325605531807091E-002  -4.8379954446578929E-002  -7.3499558806943754E-002 -0.15643170106161758      -0.32775220821974960        2.1449435844633657        8.5640391580981881     
  -2.9626525584453878E-002  -3.7116294508232214E-002  -5.8559874301154537E-002 -0.13298569743503785      -0.29731764115309156        2.1069779228303060        8.4209814940521746     
  -2.1998747754272348E-002  -2.8069843750954875E-002  -4.6039600524771601E-002 -0.11191540127837672      -0.26794737484983505        2.0674717752884395        8.2747750214500346     
  -1.6081062441257364E-002  -2.0912120703026543E-002  -3.5700089302724620E-002  -9.3163647743122566E-002 -0.23977414296945501        2.0263581115115432        8.1256230816458501     
  -1.1547057261732796E-002  -1.5327273369641336E-002  -2.7287632234902087E-002  -7.6654599616924127E-002 -0.21292522203963499        1.9835639016174840        7.9737230934721914     
  -8.1200218411413023E-003  -1.1029976985439220E-002  -2.0545720492850191E-002  -6.2297148302261289E-002 -0.18752200452605366        1.9390029550405352        7.8192484798404562     
  -5.5744852172664996E-003  -7.7738717545488799E-003  -1.5225458860584381E-002  -4.9980541082873413E-002 -0.16367751654227342        1.8925725162303544        7.6623390414163843     
  -3.7271536061129931E-003  -5.3527180850282945E-003  -1.1093986046009773E-002  -3.9571106823633108E-002 -0.14148901065187691        1.8441406910970508        7.5030837799819281     
  -2.4267542899466896E-003  -3.5955431264033579E-003  -7.9422883928288428E-003  -3.0918307219376870E-002 -0.12104248944928632        1.7935645209843847        7.3415224010193016     
  -1.5453643232912883E-003  -2.3586437975738612E-003  -5.5864078835677058E-003  -2.3850117933870995E-002 -0.10240095967438358        1.7406632874052566        7.1775932075081714     
  -9.7451060644728523E-004  -1.5197753683649023E-003  -3.8662917508545166E-003  -1.8180702578714208E-002  -8.5602219574643770E-002   1.6852282390471049        7.0111306870045329     
  -6.2386728205279210E-004  -9.7498292827099859E-004  -2.6441465555028256E-003  -1.3716647634717947E-002  -7.0657043398781386E-002   1.6270263564316114        6.8418113459696448     
  -4.2104206652971137E-004  -6.3802699667200413E-004  -1.8019210675128371E-003  -1.0266365559103699E-002  -5.7560341934356114E-002   1.5658004735212436        6.6691450958715688     
  -3.1123995967987826E-004  -4.4020507173156707E-004  -1.2394877402981091E-003  -7.6476060953044834E-003  -4.6269515846399718E-002   1.5012998472344365        6.4924880808833878     
  -2.5567878363813069E-004  -3.2983762627706193E-004  -8.7466193061539604E-004  -5.6942433510874029E-003  -3.6705022776060948E-002   1.4332576221683200        6.3109256842574206     
  -2.2925723189809683E-004  -2.7058374930758215E-004  -6.4258516017123119E-004  -4.2586877750462673E-003  -2.8785028099522738E-002   1.3614137461620730        6.1232634361245646     
  -2.1718335384353084E-004  -2.3911283624337276E-004  -4.9494487313041669E-004  -3.2142282651758006E-003  -2.2366102912213005E-002   1.2855258660346853        5.9278963951552175     
  -2.1155613956843890E-004  -2.2173413483329125E-004  -3.9833452537776877E-004  -2.4554451075347312E-003  -1.7271071301070862E-002   1.2053900780666140        5.7227135562897873     
  -2.0861307062051927E-004  -2.1120664079377538E-004  -3.3148847342206604E-004  -1.8979587902111725E-003  -1.3294169966898219E-002   1.1208910686220868        5.5050222488483440     
  -2.0676290383763485E-004  -2.0409668694863648E-004  -2.8226370992218180E-004  -1.4792399952333552E-003  -1.0225679659419061E-002   1.0320357984948161        5.2713040610035122     
  -2.0541528096574134E-004  -1.9889852246034322E-004  -2.4419710662377468E-004  -1.1547811679134075E-003  -7.8610128259203032E-003  0.93902107224533105        5.0171455692914719     
  -2.0438233013318104E-004  -1.9497520075745025E-004  -2.1404378069948439E-004  -8.9562642196459863E-004  -6.0205763869334381E-003  0.84230024575372298        4.7369948675191988     
  -2.0362569577171591E-004  -1.9201779815632725E-004  -1.9011584416617542E-004  -6.8434841412524526E-004  -4.5578889294054844E-003  0.74263365994583630        4.4239588966502312     
  -2.0316950198977769E-004  -1.8982280092148056E-004  -1.7130652683362290E-004  -5.1052904575353932E-004  -3.3635366497602793E-003  0.64102693157806268        4.0693601020549020     
  -2.0311488062818388E-004  -1.8823226493754430E-004  -1.5681081338244244E-004  -3.6845562136867744E-004  -2.3688591741001241E-003  0.53850479717823818        3.6623419912589581     
  -2.0374958263351167E-004  -1.8710542463793809E-004  -1.4585504361513534E-004  -2.5366118442175502E-004  -1.5321570720467741E-003  0.43535045037728359        3.1889677080338208     
  -2.0595819442194611E-004  -1.8632428077063241E-004  -1.3775639184093012E-004  -1.6252528833670546E-004  -8.3371202524559838E-004  0.33210407544821158        2.6324309881705004     
  -2.1430148277546928E-004  -1.8578093510680655E-004  -1.3186928297955971E-004  -9.1363706673435006E-005  -2.6541014568116374E-004  0.23092380134787233        1.9695961117097172     
