   5.3482688250960591     
   5.3452587041260777     
   5.3353334162617081     
   5.3188656489621602     
   5.2961779449346098     
   5.2676529549380255     
   5.2336711181534854     
   5.1945660687993689     
   5.1506520920224048     
   5.1022151684264818     
   5.0495011894134079     
   4.9927389016518324     
   4.9321252603139616     
   4.8678505055343733     
   4.8000814162411007     
   4.7289710167968755     
   4.6546538641728183     
   4.5772393360784118     
   4.4968182715668679     
   4.4134585939773343     
   4.3272031750282229     
   4.2380714442255565     
   4.1460478767430118     
   4.0510792279553147     
   3.9530700629795752     
   3.8518734118526279     
   3.7472864725235642     
   3.6390305655978921     
   3.5267390131957006     
   3.4099398217111521     
   3.2880371735575822     
   3.1602715200777869     
   3.0256905378820389     
   2.8831266789162497     
   2.7311142240126434     
   2.5678017887162854     
   2.3908742483781418     
   2.1973824238148656     
   1.9835192160830526     
   1.7442582138814706     
   1.4728352720117839     
   1.1596683114183686     
  0.79052830798474472     
  0.34373352912341720     
 -0.22175359856005572     
 -0.18399831984028214     
 -0.14874370382449997     
 -0.11591200221388867     
  -8.5448860192763335E-002
  -5.7304556222114986E-002
  -3.1426358958864919E-002
  -7.7779183436508092E-003
   1.3686808034002447E-002
   3.3015513689538631E-002
   5.0264254819062798E-002
   6.5502498106818310E-002
   7.8797641433048710E-002
   9.0227656573905454E-002
   9.9875152437471068E-002
  0.10782629594822085     
  0.11417089085442010     
  0.11899862474016333     
  0.12240189528233249     
  0.12447470346313906     
  0.12531120751926964     
  0.12500006608696337     
  0.12362927929065849     
  0.12128131906133695     
  0.11802549267855571     
  0.11393153271550845     
  0.10906399790309095     
  0.10348463630783948     
   9.7247493927131709E-002
   9.0402887442066607E-002
   8.2996734419597720E-002
   7.5072336556158401E-002
   6.6664514411118994E-002
   5.7782822419920693E-002
   4.8362505165209804E-002
   3.8329801711856272E-002
   2.7666578329884641E-002
