  0.67263227500469347       0.67893784450493555       0.69388781933179500       0.73560718027220118       0.89759097862806347        1.7510349982748290        6.1013245514449590     
  0.69459227468271112       0.70020803259633757       0.71399573322812271       0.75473644341554436       0.91734812478114425        1.7909436282668874        6.4095076404700206     
  0.71655232662421509       0.72151360015474253       0.73417786138598473       0.77349864006131253       0.93628346359077741        1.8304528622273135        6.7301053790027563     
  0.73836305147657055       0.74270727140187265       0.75428547302652804       0.79202461252958245       0.95472285273250701        1.8698431916856446        7.0639281799437832     
  0.75990778258109137       0.76368384224643759       0.77420888618264971       0.81033412074477740       0.97277756376387448        1.9092430891829972        7.4117283895637494     
  0.78108872635721116       0.78434945496031683       0.79390128796388792       0.82840041515054652       0.99049608764203556        1.9487050117638747        7.7742033534379091     
  0.80182395205138823       0.80462331375375351       0.81327629489912212       0.84618036758197523        1.0078948916609536        1.9882368553740735        8.1519946941248609     
  0.82205067900224515       0.82443684491741831       0.83222792874949625       0.86363118825652907        1.0249812519035943        2.0278457814363646        8.5457868200427178     
  0.84171820570161360       0.84373363780981225       0.85068686739682842       0.88070867509012396        1.0417478499833854        2.0675139976486521        8.9562154628070605     
  0.86077973407028174       0.86246389454041072       0.86868357829539344       0.89737133473786324        1.0581827529865369        2.1072195875930042        9.3839347234553099     
  0.87919490718213700       0.88058376760651202       0.88612796298957053       0.91358204898831796        1.0742734639493769        2.1469458798565859        9.8296585184272161     
  0.89692519804856685       0.89805356106674750       0.90296413623676586       0.92930400319545503        1.0900008181726002        2.1866609686169469        10.294075794967908     
  0.91393809205538346       0.91484007241844822       0.91918411522484866       0.94451090597268539        1.1053555940198903        2.2263677815629239        10.778036860199512     
  0.93020253667742792       0.93091046456410120       0.93475315928846769       0.95917426274085049        1.1203206500909721        2.2660434004658487        11.282304400729720     
  0.94569274031620343       0.94621386716907241       0.94963199757392591       0.97327228267803889        1.1348837604927313        2.3056774248060954        11.807730484937236     
  0.96038650542030901       0.96071069837126155       0.96379462721081433       0.98678642072735145        1.1490316815568167        2.3452600581566760        12.355192153418363     
  0.97426444553842706       0.97441013434685575       0.97722339007458814       0.99969772268233414        1.1627460153015545        2.3847646365864601        12.925525188428686     
  0.98731056877182433       0.98727025368756272       0.98990270462524255        1.0119908427614230        1.1760108204139541        2.4241821969326276        13.519593485830434     
  0.99951184923959424       0.99933399141157098        1.0018206474677074        1.0236528328849879        1.1888095812119941        2.4634957110486253        14.138263306984705     
   1.0108400421805090        1.0105683856121150        1.0129671060592351        1.0346699729809135        1.2011234667700637        2.5026794446837579        14.782344738707565     
   1.0211917026477211        1.0209764106055013        1.0233362176003911        1.0450347521823209        1.2129395083662438        2.5417220851820885        15.452743471816095     
   1.0306603291943506        1.0305456149273426        1.0329237047636979        1.0547387097421987        1.2242391719825896        2.5805902343101601        16.150287497667186     
   1.0392992675120847        1.0392662341765433        1.0417265613678717        1.0637762188371174        1.2350081807872018        2.6192774125020870        16.875830140938682     
   1.0470950453595214        1.0471390505529310        1.0497464621366501        1.0721450213903310        1.2452346159545760        2.6577748056029398        17.630283127653151     
   1.0540503559651113        1.0541734011364858        1.0569894340983939        1.0798467795609468        1.2549093151329878        2.6960800402043690        18.414606754265517     
   1.0601621088420605        1.0603824305545551        1.0634628250419800        1.0868808639111491        1.2640197231652359        2.7341824924009379        19.229690381388700     
   1.0654284916725727        1.0657774467729402        1.0691705936785205        1.0932421216155954        1.2725446974578549        2.7720361292582112        20.076259531654308     
   1.0698567601065969        1.0703702147014482        1.0741194129869400        1.0989317918896728        1.2804709565371344        2.8096408676478641        20.955111019675517     
   1.0734646292623822        1.0741745789155392        1.0783191101412841        1.1039491915332511        1.2877859364657605        2.8469883235993829        21.867094587516576     
   1.0762771159190576        1.0772057493958214        1.0817810338502665        1.1082978613501393        1.2944808473622165        2.8840832240577980        22.813157740241223     
   1.0783059723999466        1.0794680337590838        1.0845056767037380        1.1119707201564126        1.3005321064896516        2.9208917801672118        23.793883903462874     
   1.0795621340942601        1.0809673888522964        1.0864953213691699        1.1149632388599606        1.3059162894718375        2.9573656461820717        24.809917909519385     
   1.0800448945656145        1.0817009498746555        1.0877426658093485        1.1172630318768166        1.3106082022832302        2.9934953034637632        25.861729472039990     
   1.0797476468170946        1.0816621272921734        1.0882386271686142        1.1188531416080765        1.3145792234557174        3.0292511301204015        26.949789126310989     
   1.0786520316141353        1.0808326168259914        1.0879650524843596        1.1197126367595347        1.3177920480902814        3.0645898305636332        28.074374272611553     
   1.0767276477854308        1.0791830504252613        1.0868953828087224        1.1198166673463905        1.3202032139638733        3.0994649448379015        29.235667414115998     
   1.0739264618337647        1.0766677670167806        1.0849892537947567        1.1191149719203948        1.3217500508628357        3.1337644300065568        30.433503516912836     
   1.0701817074530391        1.0732243401337855        1.0821927694278934        1.1175416337745889        1.3223716893146906        3.1674665682160477        31.667739868698767     
   1.0654027994016222        1.0687696785521403        1.0784322110638229        1.1150054296664629        1.3219855248765435        3.2004949183302367        32.937996405864332     
   1.0594758196581551        1.0632011117040148        1.0736053951600240        1.1113867322299174        1.3204990516883901        3.2327901670793779        34.244023251409935     
   1.0522433735557397        1.0563704468563884        1.0675451002421399        1.1065098020710258        1.3177893120094359        3.2642616372683659        35.585174198717034     
   1.0434771819168582        1.0480355700268251        1.0599869379186015        1.1001170866713463        1.3136912687010682        3.2947185948352926        36.960236777343880     
   1.0327761377887645        1.0377724500167802        1.0504986898371074        1.0918344670137894        1.3080365359166168        3.3241308723086047        38.368219115771517     
   1.0192620166182627        1.0246898782162743        1.0382003674105524        1.0810440938298798        1.3005889226019993        3.3522638281364046        39.806058338752386     
  0.74493846034107980       0.75083099383974061       0.76501485693081017       0.80853268954899560        1.0345359864170254        3.2413855525154984        41.268034998903090     
  0.72556089670828527       0.73204193574448140       0.74784853514530558       0.79461397725304173        1.0273266961223555        3.2723962438661154        42.753847442694969     
  0.70879069873726142       0.71530053779435565       0.73155977237552205       0.78078490883189111        1.0194537595315520        3.3013781470408108        44.256283248398866     
  0.69416666472019917       0.70054284955411483       0.71660545145887378       0.76717158657467899        1.0109934246890686        3.3282899915873814        45.772579396630412     
  0.68114694129176756       0.68743377415933116       0.70313613655914586       0.75392014029781240        1.0020110849145010        3.3531268165879444        47.301361292570725     
  0.66916910990490508       0.67546266678826183       0.69099177005548473       0.74117171861101205       0.99259056340730822        3.3759890316032424        48.842706276687267     
  0.65826365994917901       0.66446316460801547       0.67980807561425927       0.72904573709526277       0.98278768478073386        3.3968897586552673        50.395394681140019     
  0.64853089441936673       0.65449532612942807       0.66943761344223329       0.71754733481257393       0.97253966730664521        3.4156442525279243        51.959646548186448     
  0.64005738992928152       0.64561933675410277       0.65989117888259730       0.70664538543222455       0.96178379048087859        3.4316698190589103        53.520698748158331     
  0.63295398823530102       0.63793115715566662       0.65122214506073328       0.69630369537827363       0.95049895643364057        3.4446839949542407        55.071614991492126     
  0.62727135733674999       0.63151045530125416       0.64349889973424301       0.68649725803501493       0.93868050435969907        3.4544344505873159        56.605412848489699     
  0.62291390461780849       0.62636108474501606       0.63678330762273061       0.67721451119769627       0.92629268048280111        3.4605148786635618        58.111888879706655     
  0.61965093054499198       0.62236950498440913       0.63110046710268364       0.66845513488595210       0.91325543746788995        3.4623537590694586        59.577364994768025     
  0.61720341226868136       0.61932398178610393       0.62642629607619538       0.66024586609454317       0.89948980800207445        3.4592883957597906        60.985450869431560     
  0.61535565248093682       0.61700311439916078       0.62267872758298148       0.65263487619348826       0.88493249042947919        3.4506296505417438        62.317898670386988     
  0.61397268485603507       0.61523777915669264       0.61972696991140841       0.64567961512803784       0.86952577222549032        3.4356350074050210        63.554042789030269     
  0.61296753206381005       0.61391507800637379       0.61742651216468813       0.63944608614743037       0.85324150774696028        3.4135640126807254        64.671441207959518     
  0.61227074140846804       0.61295346831365816       0.61565245675808788       0.63397923864967221       0.83609517718985982        3.3836339904335673        65.645453682591352     
  0.61181840079607586       0.61228563802264313       0.61430938375670596       0.62930150418075814       0.81816111123851842        3.3451216699997310        66.450798544229926     
  0.61154699319228734       0.61184973610819260       0.61332343389935795       0.62539801510747473       0.79953207057242504        3.2974140004663544        67.062528016621116     
  0.61139777625148972       0.61158594218548534       0.61262946526650930       0.62221796740101021       0.78049094071763470        3.2400080835350109        67.456302375952987     
  0.61132327137328768       0.61143834120644269       0.61216444407573967       0.61968961780541632       0.76139341238764935        3.1724812321763380        67.607609693471787     
  0.61128925477298368       0.61136181516304811       0.61186954361258572       0.61771960399311909       0.74251229036929900        3.0943893395206521        67.490481436218772     
  0.61127489276714930       0.61132430070768129       0.61169080354940419       0.61621994565398530       0.72414424392820353        3.0053977869059327        67.079837305798904     
  0.61126900048270050       0.61130587319637364       0.61158411482542474       0.61510298074483738       0.70673858665134281        2.9052721182360135        66.351330458248270     
  0.61126635281289843       0.61129583734851600       0.61151807473283770       0.61428644463659754       0.69060545497697967        2.7940057255237525        65.284677381338696     
  0.61126482472911514       0.61128920626308803       0.61147281201613424       0.61369287349024892       0.67608643329581863        2.6719123877239093        63.865939817190714     
  0.61126368481421045       0.61128398850413834       0.61143773247503308       0.61325333723721231       0.66344519994584172        2.5395146527613925        62.086780658290401     
  0.61126272626989653       0.61127951629754462       0.61140804660204606       0.61291364921584046       0.65282280279594818        2.3977086045341509        59.948458140057440     
  0.61126190222526300       0.61127560827759320       0.61138193191332113       0.61263574365746265       0.64419006090950393        2.2476803692219591        57.460565722486038     
  0.61126120142174867       0.61127222139494120       0.61135884645215399       0.61239775320453249       0.63736201115473645        2.0910128041314922        54.644808439118300     
  0.61126061750768401       0.61126933817561879       0.61133865668846288       0.61218911868523396       0.63203290391281952        1.9296119095940700        51.533274402656069     
  0.61126014369949855       0.61126694283731697       0.61132134996997500       0.61200629526597439       0.62787213214738635        1.7663477692968546        48.187362942177067     
  0.61125977053638469       0.61126500637681203       0.61130685650770733       0.61184820835202747       0.62456577261433088        1.6044907870884331        44.681863343636344     
  0.61125948579337652       0.61126348664784924       0.61129502160053173       0.61171406863405209       0.62187267465385077        1.4474341986075296        41.094341020923252     
  0.61125927664726165       0.61126233522095830       0.61128565434244697       0.61160306645665596       0.61964279504642306        1.2997183912933279        37.533239582573501     
  0.61135192850870335       0.61135451675824848       0.61137149505707655       0.61160648606534940       0.61788446670490715        1.1661080322057185        34.122001936174058     
