   1.1692822120798291E-004   1.0806604159135055E-003   4.1669483040024120E-003   6.5254675942888066E-003   4.1669483040023972E-003   1.0806604159135035E-003   1.1692822120798193E-004
   1.1682451730808866E-004   1.0797019757830266E-003   4.1632526282680393E-003   6.5196801425413554E-003   4.1632526282680393E-003   1.0797019757830257E-003   1.1682451730808788E-004
   1.1671666525219925E-004   1.0787051980473354E-003   4.1594091255043146E-003   6.5136611927240178E-003   4.1594091255043059E-003   1.0787051980473345E-003   1.1671666525219938E-004
   1.1660466504031394E-004   1.0776700827064289E-003   4.1554177957112103E-003   6.5074107448367694E-003   4.1554177957111998E-003   1.0776700827064224E-003   1.1660466504031337E-004
   1.1649207223471640E-004   1.0766294905647728E-003   4.1514053477710502E-003   6.5011272257966459E-003   4.1514053477710589E-003   1.0766294905647632E-003   1.1649207223471506E-004
   1.1638066461654471E-004   1.0755998520245969E-003   4.1474351361250094E-003   6.4949098490622702E-003   4.1474351361250102E-003   1.0755998520245954E-003   1.1638066461654418E-004
   1.1626984959208670E-004   1.0745756902851733E-003   4.1434860426259896E-003   6.4887255434806952E-003   4.1434860426260156E-003   1.0745756902851703E-003   1.1626984959208614E-004
   1.1615962716134246E-004   1.0735570053464994E-003   4.1395580672740654E-003   6.4825743090519902E-003   4.1395580672740767E-003   1.0735570053464992E-003   1.1615962716134210E-004
   1.1604762694945780E-004   1.0725218900055802E-003   4.1355667374809568E-003   6.4763238611647402E-003   4.1355667374809264E-003   1.0725218900055893E-003   1.1604762694945750E-004
   1.1593147858157720E-004   1.0714484370594496E-003   4.1314275806584770E-003   6.4698419152075960E-003   4.1314275806584684E-003   1.0714484370594501E-003   1.1593147858157620E-004
   1.1580999687027304E-004   1.0703256929066045E-003   4.1270983605125114E-003   6.4630623288748487E-003   4.1270983605124906E-003   1.0703256929066045E-003   1.1580999687027276E-004
   1.1568081144069167E-004   1.0691317503440777E-003   4.1224946044548525E-003   6.4558528175552056E-003   4.1224946044548507E-003   1.0691317503440756E-003   1.1568081144069066E-004
   1.1554510748025917E-004   1.0678775629733377E-003   4.1176585487796239E-003   6.4482795235542194E-003   4.1176585487796022E-003   1.0678775629733394E-003   1.1554510748025905E-004
   1.1540110720783543E-004   1.0665467003921636E-003   4.1125268390455961E-003   6.4402432334134752E-003   4.1125268390456117E-003   1.0665467003921642E-003   1.1540110720783536E-004
   1.1524881062342080E-004   1.0651391626005534E-003   4.1070994752528704E-003   6.4317439471329027E-003   4.1070994752528756E-003   1.0651391626005497E-003   1.1524881062341989E-004
   1.1508821772701397E-004   1.0636549495985114E-003   4.1013764574013923E-003   6.4227816647125721E-003   4.1013764574013862E-003   1.0636549495985027E-003   1.1508821772701371E-004
   1.1491814333118802E-004   1.0620831077845245E-003   4.0953155491970450E-003   6.4132902438467521E-003   4.0953155491970390E-003   1.0620831077845204E-003   1.1491814333118806E-004
   1.1473740224851673E-004   1.0604126835571184E-003   4.0888745143457528E-003   6.4032035422297824E-003   4.0888745143457146E-003   1.0604126835571195E-003   1.1473740224851666E-004
   1.1454480929157216E-004   1.0586327233148098E-003   4.0820111165533763E-003   6.3924554175559482E-003   4.0820111165533329E-003   1.0586327233148118E-003   1.1454480929157082E-004
   1.1433799408549879E-004   1.0567213198546114E-003   4.0746408832317048E-003   6.3809135852138758E-003   4.0746408832316797E-003   1.0567213198546101E-003   1.1433799408549815E-004
   1.1411636403658277E-004   1.0546729963757651E-003   4.0667426962337208E-003   6.3685449740507535E-003   4.0667426962337147E-003   1.0546729963757660E-003   1.1411636403658251E-004
   1.1387814136368378E-004   1.0524713224760421E-003   4.0582532011181937E-003   6.3552503706080319E-003   4.0582532011182075E-003   1.0524713224760397E-003   1.1387814136368398E-004
   1.1362154828566192E-004   1.0500998677532090E-003   4.0491090434440543E-003   6.3409305614272014E-003   4.0491090434440586E-003   1.0500998677532118E-003   1.1362154828566190E-004
   1.1334599220880236E-004   1.0475531554065168E-003   4.0392891050642001E-003   6.3255524753553522E-003   4.0392891050641767E-003   1.0475531554065176E-003   1.1334599220880183E-004
   1.1305147313310457E-004   1.0448311854359680E-003   4.0287933859786121E-003   6.3091161123926109E-003   4.0287933859785999E-003   1.0448311854359667E-003   1.1305147313310390E-004
   1.1273680587114163E-004   1.0419230042400690E-003   4.0175796498931864E-003   6.2915553302332001E-003   4.0175796498932064E-003   1.0419230042400672E-003   1.1273680587114128E-004
   1.1239902745434561E-004   1.0388012278150901E-003   4.0055423060727565E-003   6.2727047731129569E-003   4.0055423060727140E-003   1.0388012278150951E-003   1.1239902745434470E-004
   1.1203576750786154E-004   1.0354439489580578E-003   3.9925968819289805E-003   6.2524321564204248E-003   3.9925968819289476E-003   1.0354439489580565E-003   1.1203576750786054E-004
   1.1164584084426204E-004   1.0318402140674762E-003   3.9787011411677939E-003   6.2306713378499643E-003   3.9787011411677661E-003   1.0318402140674671E-003   1.1164584084426114E-004
   1.1122924746354667E-004   1.0279900231433248E-003   3.9638550837891888E-003   6.2074223174016577E-003   3.9638550837891922E-003   1.0279900231433279E-003   1.1122924746354583E-004
   1.1078183920971986E-004   1.0238550385804233E-003   3.9479108827638280E-003   6.1824535970054573E-003   3.9479108827638219E-003   1.0238550385804196E-003   1.1078183920971922E-004
   1.1030124570792745E-004   1.0194133531757643E-003   3.9307840655034626E-003   6.1556328920501311E-003   3.9307840655034513E-003   1.0194133531757628E-003   1.1030124570792700E-004
   1.0978272620845978E-004   1.0146211525233911E-003   3.9123056868316909E-003   6.1266956333129070E-003   3.9123056868316580E-003   1.0146211525233879E-003   1.0978272620845927E-004
   1.0922272514903475E-004   1.0094455758188222E-003   3.8923490378661588E-003   6.0954433938766360E-003   3.8923490378661393E-003   1.0094455758188150E-003   1.0922272514903436E-004
   1.0861650177994258E-004   1.0038428086561004E-003   3.8707451734304593E-003   6.0616116045186640E-003   3.8707451734304528E-003   1.0038428086561006E-003   1.0861650177994170E-004
   1.0795931535147378E-004   9.9776903662926594E-004   3.8473251483481705E-003   6.0249356960161817E-003   3.8473251483481501E-003   9.9776903662926290E-004   1.0795931535147375E-004
   1.0724523992649284E-004   9.9116949173084644E-004   3.8218777811487416E-003   5.9850849568408963E-003   3.8218777811487195E-003   9.9116949173084015E-004   1.0724523992649226E-004
   1.0646834956786143E-004   9.8398940595339655E-004   3.7941918903616183E-003   5.9417286754642569E-003   3.7941918903616396E-003   9.8398940595339807E-004   1.0646834956786106E-004
   1.0562271833844365E-004   9.7617401128946622E-004   3.7640562945163367E-003   5.8945361403578856E-003   3.7640562945163232E-003   9.7617401128946655E-004   1.0562271833844340E-004
   1.0470479067595747E-004   9.6769044693457236E-004   3.7313442847304941E-003   5.8433089246047280E-003   3.7313442847305037E-003   9.6769044693456856E-004   1.0470479067595718E-004
   1.0370923323697915E-004   9.5848942168200721E-004   3.6958657976806793E-003   5.7877493878291100E-003   3.6958657976806676E-003   9.5848942168200927E-004   1.0370923323697890E-004
   1.0262952749065871E-004   9.4851069072357877E-004   3.6573885337492541E-003   5.7274937473499495E-003   3.6573885337492429E-003   9.4851069072357508E-004   1.0262952749065846E-004
   1.0146034009357328E-004   9.3770496285256149E-004   3.6157224296127655E-003   5.6622443627915063E-003   3.6157224296127512E-003   9.3770496285255759E-004   1.0146034009357294E-004
   1.0018626360916680E-004   9.2592984124957481E-004   3.5703184134478001E-003   5.5911413841799300E-003   3.5703184134478014E-003   9.2592984124957828E-004   1.0018626360916613E-004
   9.8793668382024654E-005   9.1305935949748053E-004   3.5206907678721369E-003   5.5134241749998595E-003   3.5206907678721369E-003   9.1305935949747663E-004   9.8793668382024126E-005
   9.7272480319015206E-005   8.9900041198359042E-004   3.4664804843858709E-003   5.4285305256529196E-003   3.4664804843858883E-003   8.9900041198359259E-004   9.7272480319014095E-005
   9.5610847545862866E-005   8.8364346269300927E-004   3.4072652000479461E-003   5.3357990130822684E-003   3.4072652000479626E-003   8.8364346269300840E-004   9.5610847545863042E-005
   9.3809955249997968E-005   8.6699946522721333E-004   3.3430871511524762E-003   5.2352957795936648E-003   3.3430871511524428E-003   8.6699946522720813E-004   9.3809955249996870E-005
   9.1880470118263066E-005   8.4916700199962568E-004   3.2743264643463632E-003   5.1276161059381920E-003   3.2743264643463614E-003   8.4916700199961907E-004   9.1880470118262903E-005
   8.9839577368358518E-005   8.3030490023187269E-004   3.2015955658942128E-003   5.0137190555482811E-003   3.2015955658942245E-003   8.3030490023186737E-004   8.9839577368357773E-005
   8.7697943687128587E-005   8.1051174233736907E-004   3.1252745824429731E-003   4.8941999091751762E-003   3.1252745824429658E-003   8.1051174233736972E-004   8.7697943687127747E-005
   8.5445494981440078E-005   7.8969442270344643E-004   3.0450045054927323E-003   4.7684964572204816E-003   3.0450045054927297E-003   7.8969442270344578E-004   8.5445494981439631E-005
   8.3069786783307017E-005   7.6773792851444220E-004   2.9603418539553812E-003   4.6359142054745051E-003   2.9603418539553708E-003   7.6773792851444155E-004   8.3069786783306529E-005
   8.0569041311587988E-005   7.4462582936812524E-004   2.8712232733897349E-003   4.4963539404787815E-003   2.8712232733897280E-003   7.4462582936812404E-004   8.0569041311587554E-005
   7.7945036347424121E-005   7.2037455566672593E-004   2.7777121182369731E-003   4.3499148756917872E-003   2.7777121182369731E-003   7.2037455566672441E-004   7.7945036347423782E-005
   7.5193031141106454E-005   6.9494029300428773E-004   2.6796394433206486E-003   4.1963324418907997E-003   2.6796394433206477E-003   6.9494029300428274E-004   7.5193031141105519E-005
   7.2303544193214826E-005   6.6823541256886979E-004   2.5766673582879383E-003   4.0350775006303173E-003   2.5766673582879240E-003   6.6823541256886827E-004   7.2303544193214663E-005
   6.9267094004331133E-005   6.4017228554855414E-004   2.4684579727859723E-003   3.8656209134648634E-003   2.4684579727859450E-003   6.4017228554855111E-004   6.9267094004331174E-005
   6.6077754637319360E-005   6.1069614393587698E-004   2.3548001053441863E-003   3.6876319688660493E-003   2.3548001053441897E-003   6.1069614393588067E-004   6.6077754637319225E-005
   6.2732563123610278E-005   5.7977960372712048E-004   2.2355881652273428E-003   3.5009453110696272E-003   2.2355881652273346E-003   5.7977960372711701E-004   6.2732563123609790E-005
   5.9233889838058286E-005   5.4744457212525419E-004   2.1109066250236666E-003   3.3056932246869463E-003   2.1109066250236592E-003   5.4744457212525419E-004   5.9233889838058191E-005
   5.5588845905228720E-005   5.1375677073923522E-004   1.9810089024977768E-003   3.1022725635521621E-003   1.9810089024977738E-003   5.1375677073923283E-004   5.5588845905227934E-005
   5.1812838761675577E-005   4.7885859638844132E-004   1.8464440694730649E-003   2.8915431776391784E-003   1.8464440694730608E-003   4.7885859638844078E-004   5.1812838761675239E-005
   4.7930164749660674E-005   4.4297459790344968E-004   1.7080779699787290E-003   2.6748609842145018E-003   1.7080779699787298E-003   4.4297459790344562E-004   4.7930164749660417E-005
   4.3972823929722570E-005   4.0640052252450902E-004   1.5670509839556548E-003   2.4540118255316828E-003   1.5670509839556665E-003   4.0640052252450794E-004   4.3972823929722462E-005
   3.9977557112109226E-005   3.6947593189785605E-004   1.4246724365211689E-003   2.2310461130669338E-003   1.4246724365211722E-003   3.6947593189785432E-004   3.9977557112109063E-005
   3.5982882888209375E-005   3.3255681807194658E-004   1.2823150072337243E-003   2.0081134717550245E-003   1.2823150072337338E-003   3.3255681807194647E-004   3.5982882888209185E-005
   3.2031468005407993E-005   2.9603751070046523E-004   1.1414992026811924E-003   1.7875950246006168E-003   1.1414992026811980E-003   2.9603751070046415E-004   3.2031468005407850E-005
   2.8167756992230926E-005   2.6032876983932910E-004   1.0038088838925764E-003   1.5719711080669206E-003   1.0038088838925741E-003   2.6032876983932715E-004   2.8167756992230706E-005
   2.4439157345772409E-005   2.2586873954818341E-004   8.7093350263214517E-004   1.3638874143813312E-003   8.7093350263214213E-004   2.2586873954818194E-004   2.4439157345772199E-005
   2.0894261750553669E-005   1.9310651748816437E-004   7.4460474695828781E-004   1.1660557780769449E-003   7.4460474695828434E-004   1.9310651748816253E-004   2.0894261750553639E-005
   1.7578107328814591E-005   1.6245834051593604E-004   6.2642759604707285E-004   9.8098960676980826E-004   6.2642759604706938E-004   1.6245834051593536E-004   1.7578107328814595E-005
   1.4531583046798850E-005   1.3430210788294400E-004   5.1785920204518426E-004   8.1097081000603528E-004   5.1785920204518447E-004   1.3430210788294454E-004   1.4531583046798742E-005
   1.1786688965044787E-005   1.0893356682945007E-004   4.2003994489351313E-004   6.5778523003915269E-004   4.2003994489351183E-004   1.0893356682944922E-004   1.1786688965044717E-005
   9.3659436446723213E-006   8.6560835783783325E-005   3.3377231418008752E-004   5.2268957067716623E-004   3.3377231418008768E-004   8.6560835783783298E-005   9.3659436446723027E-006
   7.2794211788139822E-006   6.7277020358620280E-005   2.5941531840482159E-004   4.0624604151839709E-004   2.5941531840482126E-004   6.7277020358620320E-005   7.2794211788139399E-006
   5.5294919423244246E-006   5.1104027756943070E-005   1.9705343015592551E-004   3.0858692717422424E-004   1.9705343015592454E-004   5.1104027756942853E-005   5.5294919423244042E-006
   4.1031188735027724E-006   3.7921368362348706E-005   1.4622205019822459E-004   2.2898466228210478E-004   1.4622205019822375E-004   3.7921368362348387E-005   4.1031188735027512E-006
   2.9724500678061718E-006   2.7471632539794918E-005   1.0592862562020388E-004   1.6588490265844057E-004   1.0592862562020411E-004   2.7471632539794823E-005   2.9724500678061587E-006
   2.1037076835550093E-006   1.9442642646784723E-005   7.4969422039817543E-005   1.1740259259120110E-004   7.4969422039817380E-005   1.9442642646784662E-005   2.1037076835549975E-006
   1.4542249733645054E-006   1.3440069029636484E-005   5.1823932869214780E-005   8.1156609075720611E-005   5.1823932869214644E-005   1.3440069029636477E-005   1.4542249733644885E-006
