  0.99732918637164514       0.99425092470492182       0.98798810895884537       0.96758288678489657       0.93126443637754430       0.99143933760803071        1.0000000000000007     
  0.99772297420907829       0.99498869001483092       0.98903083998936692       0.96953862726492590       0.93215445967992228       0.99134163760926541       0.99999999999999900     
  0.99805527692463492       0.99562286310762249       0.98998400956130406       0.97134641548682643       0.93306168728326944       0.99124349507778042       0.99999999999999722     
  0.99833980072302075       0.99612032906658321       0.99084816484609617       0.97301437072991770       0.93515287801139391       0.99114479997187621       0.99999999999999911     
  0.99857927383815215       0.99658233656686235       0.99162838447622792       0.97455073102387391       0.93630083228321104       0.99104539445817086       0.99999999999999933     
  0.99857719901812503       0.99698001288285676       0.99232960675232951       0.97596337200655159       0.93736841442382812       0.99094520461374003        1.0000000000000011     
  0.99878621730655071       0.99732199227794061       0.99295777695285226       0.97726064796309597       0.93835767702582729       0.99084424807696736       0.99999999999999989     
  0.99892567871649107       0.99761397665608120       0.99338922572701516       0.97655236615382690       0.93928368281545227       0.99074288550947054       0.99999999999999756     
  0.99906716135434392       0.99779932149952921       0.99391045297291236       0.97775124358159815       0.94011763063161380       0.99064148105780458        1.0000000000000009     
  0.99918558703707938       0.99801918532375400       0.99435058864639736       0.97886539061402389       0.94090553879665717       0.99054038459854199        1.0000000000000007     
  0.99921886865172826       0.99820849336554218       0.99466066239674011       0.97988184398823008       0.94156783600511706       0.99043987628647279       0.99999999999999922     
  0.99930835409525942       0.99836941622535225       0.99493519463957325       0.98067394737997182       0.94211618513324491       0.99034019040169674        1.0000000000000002     
  0.99937932858094591       0.99848242928950104       0.99487817180047922       0.98123941698476136       0.94250814020516360       0.99024141992228798        1.0000000000000004     
  0.99942031952591737       0.99836649278590228       0.99495388647285021       0.98154908514954409       0.94284241323128393       0.99014400381273060        1.0000000000000018     
  0.99916285837486574       0.99822226247232815       0.99482671162722203       0.98157865560476554       0.94332145012038071       0.99004725371013036       0.99999999999999800     
  0.99891974068867007       0.99796052367815824       0.99395209040599297       0.98062752552178767       0.94316901401078534       0.98995148250315301        1.0000000000000000     
  0.99855749645734682       0.99716863489116048       0.99336326538056208       0.97994875360634837       0.94272394642077484       0.98985676253394161       0.99999999999999978     
  0.99767751883924383       0.99639462588136218       0.99233568774108816       0.97930714323242596       0.94196685812434566       0.98976282721159881        1.0000000000000007     
  0.99687865604992232       0.99560589789992149       0.99134713350129033       0.97776180734289497       0.94089193645557401       0.98967400469492861       0.99999999999999878     
  0.99604631228209795       0.99446498987313281       0.98926541222181075       0.97653544868979625       0.93950286813562789       0.98960304348714601       0.99999999999999867     
  0.99488279215040998       0.99262585135846571       0.98798735431042306       0.97532872421494843       0.93779838525780002       0.99038396709553467       0.99999999999999922     
  0.99309207607615324       0.99140482366066229       0.98661077502958783       0.97167645255625412       0.93583761790336417       0.99055104752254119        1.0000000000000002     
  0.99190144642958566       0.99010944668843537       0.98523481316693562       0.97006880459071476       0.93362961164529856       0.99047653671783820        1.0000000000000007     
  0.99067899659334546       0.98884558049130145       0.98318761669050347       0.96837759782051769       0.93111194979380152       0.99040133065377201       0.99999999999999800     
  0.98893320092845816       0.98696422843757881       0.98169938874131346       0.96670201868443084       0.92850723565739612       0.99032504478894434        1.0000000000000002     
  0.98768998925895246       0.98564553339829863       0.98023831988096932       0.96354908695203911       0.92577670053349481       0.99024745873554776       0.99999999999999789     
  0.98586057485143708       0.98359260447366847       0.97786156066962626       0.96016957772204847       0.92280988307256251       0.99016867314453150        1.0000000000000002     
  0.98460525852302982       0.98218604188344660       0.97578954758478398       0.95773163380783144       0.91991014291162421       0.99008890499463764        1.0000000000000009     
  0.98244882759841390       0.97993892032190055       0.97410261702565348       0.95243073544474932       0.91419432662969025       0.99000876154848383       0.99999999999999767     
  0.97919138940290273       0.97656306227857748       0.97204284794079454       0.94963504604034932       0.91052976320991086       0.98992977778958480       0.99999999999999800     
  0.97824754541728132       0.97564904042909673       0.97093812071740881       0.94637769338834776       0.90795175345716450       0.98985194609345761       0.99999999999999978     
  0.97754458498067143       0.97480844958591406       0.96761261040858348       0.94410536414491608       0.89052341382862510       0.98977721990336942       0.99999999999999578     
  0.97289600162443213       0.96968809187016980       0.96195092960196715       0.94316713128050200       0.88833803815050172       0.98971239909196396       0.99999999999999867     
  0.97221555930850501       0.96895102456350701       0.96065555062504782       0.94212853793776452       0.87053784057024119       0.98996124634884097       0.99999999999999623     
  0.96708039378518673       0.96410271736851094       0.95655534907132211       0.92773088699635287       0.86398287789990258       0.99084476183610659       0.99999999999999656     
  0.96646478021909710       0.96255167187395130       0.95365668540922277       0.91616664133764325       0.85014815058308957       0.99081583270135265       0.99999999999999989     
  0.95894031617629705       0.95455257112322633       0.94951978672250992       0.91109970777446292       0.84855067985536703       0.99079582798747179       0.99999999999999933     
  0.95566452517339451       0.95286064365573486       0.93863454366767607       0.91017691771567233       0.82731639779929844       0.99078664855587850       0.99999999999999989     
  0.95079922060053146       0.94861044765049263       0.93343714598607497       0.87223046116150826       0.79814003200823380       0.99078995678236925       0.99999999999999811     
  0.94154754734255075       0.93355855619225214       0.91019085967719404       0.87120797765297997       0.78429489357692872       0.99080715469207703        1.0000000000000000     
  0.93112741448103187       0.92026341217800234       0.90415644069225609       0.82193352783546270       0.75712738331549001       0.99083981391464226       0.99999999999999800     
  0.90952065919426495       0.89407679928066308       0.86822435103638451       0.80044598765177266       0.69511870166784839       0.99088890909364868       0.99999999999999811     
  0.86188661888808638       0.84252399617703899       0.81575103937589677       0.76029653541214715       0.65145312038095582       0.99095614945790678        1.0000000000000018     
  0.79541292496963067       0.77901038139834644       0.74211613752789352       0.65942427197345288       0.52856046148408076       0.99104273263064901        1.0000000000000011     
   0.0000000000000000        0.0000000000000000        0.0000000000000000        0.0000000000000000       0.18965105452320991       0.99114972525704670       0.99999999999999645     
   0.0000000000000000        0.0000000000000000        0.0000000000000000        0.0000000000000000       0.19227413121625622       0.99232469986633254       0.99999999999999878     
   0.0000000000000000        0.0000000000000000        0.0000000000000000        0.0000000000000000       0.19597620681366268       0.99243090574035919       0.99999999999999600     
   0.0000000000000000        0.0000000000000000        0.0000000000000000        0.0000000000000000       0.20081452626425794       0.99255464527515680       0.99999999999999800     
   0.0000000000000000        0.0000000000000000        0.0000000000000000        5.8219084396256435E-002  0.20691748835328425       0.99269633423696491       0.99999999999999611     
   0.0000000000000000        0.0000000000000000        0.0000000000000000       0.20346788025216039       0.21443779629897039       0.99285616564024282       0.99999999999999456     
   0.0000000000000000        0.0000000000000000        0.0000000000000000       0.36252347471160284       0.22357608560866521       0.99303428406848449        1.0000000000000016     
   0.0000000000000000        0.0000000000000000        0.0000000000000000       0.41995622451538006       0.23455822991302225       0.99323042514968218       0.99999999999999767     
   0.0000000000000000        0.0000000000000000        0.0000000000000000       0.47164841499540433       0.24762913003579093       0.99344469530227641        1.0000000000000000     
   0.0000000000000000        0.0000000000000000        0.0000000000000000       0.50898460864298023       0.26303016712406857       0.99443341363482862       0.99999999999999811     
   0.0000000000000000        0.0000000000000000        0.0000000000000000       0.54252352925721803       0.28099923150126266       0.99465050372535024        1.0000000000000002     
   0.0000000000000000        0.0000000000000000        0.0000000000000000       0.57678525661567093       0.30179264241092757       0.99488119677169451       0.99999999999999645     
   0.0000000000000000        0.0000000000000000        0.0000000000000000       0.61083929405019832       0.32558918593907149       0.99512456665763260       0.99999999999999667     
   0.0000000000000000        0.0000000000000000        0.0000000000000000       0.64820109777387824       0.35252243145217077       0.99537965829336095       0.99999999999999956     
   0.0000000000000000        0.0000000000000000        0.0000000000000000       0.68503288316371924       0.38264340505178024       0.99564535687939526        1.0000000000000058     
   0.0000000000000000        0.0000000000000000        0.0000000000000000       0.72161323467355765       0.41590646633391742       0.99592055372951849       0.99999999999999478     
   0.0000000000000000        0.0000000000000000        0.0000000000000000       0.75764212517054741       0.45220150451048602       0.99620422909335893        1.0000000000000002     
   0.0000000000000000        0.0000000000000000        0.0000000000000000       0.79442036229356527       0.49129112411899067       0.99688586497695797       0.99999999999999900     
   0.0000000000000000        0.0000000000000000        0.0000000000000000       0.83034855591954315       0.53289138276700054       0.99715833061862735       0.99999999999999933     
   0.0000000000000000        0.0000000000000000        0.0000000000000000       0.86737770410786841       0.57664803930807951       0.99744016569537730        1.0000000000000002     
   0.0000000000000000        0.0000000000000000        0.0000000000000000       0.89779134757654933       0.62211023112727082       0.99773143676332010       0.99999999999999956     
   0.0000000000000000        0.0000000000000000        0.0000000000000000       0.92308655240366511       0.66866514507493724       0.99803177722831793       0.99999999999999911     
   0.0000000000000000        0.0000000000000000        0.0000000000000000       0.94393540359469319       0.71546596540135032       0.99833999263417372        1.0000000000000004     
   0.0000000000000000        0.0000000000000000        0.0000000000000000       0.96058079485865566       0.76168314214345556       0.99865815111897449        1.0000000000000009     
   0.0000000000000000        0.0000000000000000        0.0000000000000000       0.97269561732039111       0.80594531583782203       0.99897377038971791       0.99999999999999867     
   0.0000000000000000        0.0000000000000000        0.0000000000000000       0.98201076030357271       0.84675968379912403       0.99927059834177334       0.99999999999999767     
   0.0000000000000000        0.0000000000000000        0.0000000000000000       0.98882864564357087       0.88333362672832072       0.99953023780070360       0.99999999999999967     
   0.0000000000000000        0.0000000000000000        0.0000000000000000       0.99290611287067554       0.91430888994537796       0.99973617560676764        1.0000000000000007     
   0.0000000000000000        0.0000000000000000        0.0000000000000000       0.99575211597180746       0.93928645556038937       0.99987735489128649        1.0000000000000040     
   0.0000000000000000        0.0000000000000000        0.0000000000000000       0.99732541249805939       0.95818020241439505       0.99995671626308824       0.99999999999999944     
   0.0000000000000000        0.0000000000000000        0.0000000000000000       0.99814610884288013       0.97162195192103584       0.99999021439557800       0.99999999999999767     
   0.0000000000000000        0.0000000000000000        0.0000000000000000       0.99864116902243305       0.98055784033229532       0.99999876128211873       0.99999999999999967     
   0.0000000000000000        0.0000000000000000        0.0000000000000000       0.99893419609542233       0.98617952775853968       0.99999993147848587       0.99999999999999911     
   0.0000000000000000        0.0000000000000000        0.0000000000000000       0.99915840145231904       0.98963259327956343       0.99999999925368943       0.99999999999999956     
   0.0000000000000000        0.0000000000000000        0.0000000000000000       0.99933182089460126       0.99185113419457793       0.99999999999719780       0.99999999999999889     
   0.0000000000000000        0.0000000000000000        0.0000000000000000       0.99950054742675742       0.99348854126672403        1.0000000000000018       0.99999999999999900     
   0.0000000000000000        0.0000000000000000        0.0000000000000000       0.99963490699171453       0.99521908959888017       0.99999999999999967       0.99999999999999956     
