  0.61348493121410874       0.61667752163707124       0.62261212230955254       0.63144775609396775       0.64016585817293659       0.66651814850512081       0.76574232074150661     
  0.61070550736158469       0.61355799323582283       0.61902589203877578       0.62817299250826808       0.63947699920793788       0.67268459751105281       0.78094207386906866     
  0.60838049855972931       0.61090826072873949       0.61591951946834012       0.62498238856449317       0.63838777715591033       0.67823374564972572       0.79526057934555217     
  0.60644037341989110       0.60866007364630326       0.61322139320909252       0.62203173140434376       0.63719039365894581       0.68346627423016615       0.80900419154399128     
  0.60482527629029892       0.60676125663560077       0.61087702942799549       0.61936140315133503       0.63600147356327774       0.68852029589611963       0.82227685421228147     
  0.60347970795096306       0.60516015353461172       0.60886944247162922       0.61697464643444944       0.63488320204134741       0.69347216192598926       0.83510850463522479     
  0.60235573487737959       0.60381108092113234       0.60714851642329148       0.61485541157011847       0.63387009205389133       0.69836912006902130       0.84750399883480498     
  0.60141878508030056       0.60267561611092657       0.60565241534662795       0.61298361854602224       0.63298443470369692       0.70324378349328931       0.85944928002784404     
  0.60064248129812570       0.60172319978532618       0.60434524663521494       0.61133823018547728       0.63223783428053504       0.70811766744135973       0.87091610766278349     
  0.60000305435896206       0.60092798806949088       0.60325032225515518       0.60989909282562771       0.63163678491036146       0.71300639838630420       0.88187164949932928     
  0.59948046595958759       0.60026810826456356       0.60231949343295843       0.60864815965576291       0.63118534906048152       0.71792266364798629       0.89228472517017998     
  0.59905631201682130       0.59972435966503557       0.60152104753040680       0.60756798614832208       0.63088419424019282       0.72287511262535964       0.90212766561543700     
  0.59871523475384236       0.59928064612163656       0.60085165249980410       0.60664617105691088       0.63073560473327506       0.72787331632954788       0.91138322482897960     
  0.59844336919546892       0.59892196124066011       0.60029709742606074       0.60587000621085552       0.63073964721703712       0.73292219612902954       0.92003974684654577     
  0.59822966270234923       0.59862128968158190       0.59983849586205507       0.60523030230898001       0.63089857561464457       0.73802706200770019       0.92809495708239986     
  0.59806538686439159       0.59836383605650212       0.59946303102640563       0.60471964053267568       0.63121371533782378       0.74319207368064188       0.93555433524184517     
  0.59794363103898551       0.59815993423741343       0.59916433505689137       0.60433080460074717       0.63168481802530141       0.74841945547849886       0.94242918185495783     
  0.59785932945601550       0.59798883819066329       0.59893779548053283       0.60405842825560130       0.63231076207908776       0.75371014533429337       0.94873783389687194     
  0.59780891943841696       0.59787836414344331       0.59877976963644397       0.60389888930545499       0.63309107953290344       0.75906458547372524       0.95450255647094129     
  0.59777931684887919       0.59781179894549186       0.59868694439067172       0.60384839621871689       0.63402510195302186       0.76448141420259219       0.95974871257530703     
  0.59772347116230307       0.59779115107351666       0.59865786160969636       0.60390611903973190       0.63511442977469657       0.76996058064572759       0.96450485945119113     
  0.59769666688908496       0.59781291722917174       0.59869213083316997       0.60407129939860482       0.63635955769092967       0.77550065650573308       0.96880021432611030     
  0.59772352946251495       0.59787341492716883       0.59878992201953796       0.60434413438162760       0.63776036678694170       0.78109922968722345       0.97266586413091882     
  0.59779750948676269       0.59797440397461976       0.59895325983085168       0.60472624096554384       0.63931854238916941       0.78675498903304786       0.97613268018384491     
  0.59791889519907260       0.59812127436887585       0.59918593963490452       0.60522198867277965       0.64103681382656053       0.79246689715781482       0.97923123190315764     
  0.59808642596949979       0.59832093996192715       0.59949242988592466       0.60583443295313888       0.64291666802688252       0.79823239589241002       0.98199099500844056     
  0.59829929989309827       0.59857894430255254       0.59987612781844935       0.60656563806565966       0.64495785069586520       0.80404724503473590       0.98443975250198690     
  0.59856118129753222       0.59890094841498964       0.60034160445557183       0.60742122690006650       0.64716015896128420       0.80990682330160180       0.98660515189025111     
  0.59887996646233699       0.59929342013175524       0.60089500329398216       0.60840446613424903       0.64952485676498317       0.81580773750559821       0.98851312452258611     
  0.59926678453607507       0.59976364408177951       0.60154354688456757       0.60952119510765479       0.65205428554691691       0.82174756959872497       0.99018827531312081     
  0.59972784824819225       0.60031533654377212       0.60229107986140473       0.61077355342767015       0.65474572266791486       0.82771947449883176       0.99165319239132899     
  0.60026950397852630       0.60095363396537282       0.60314308411261397       0.61216549558351929       0.65759818425916472       0.83371866953193041       0.99292899627029907     
  0.60089475447037810       0.60168159799610066       0.60410209493328537       0.61369767796105423       0.66060661805501730       0.83973687993375368       0.99403580657262969     
  0.60160579489241772       0.60250231122088183       0.60517097352825444       0.61536872984284074       0.66376628614897515       0.84576717756681496       0.99499199832521279     
  0.60240225245820833       0.60341595757478350       0.60635042896413605       0.61717890045700019       0.66706963416239207       0.85180139156765677       0.99581448021446850     
  0.60328130223368626       0.60442036737388871       0.60763938041238053       0.61913048623651767       0.67050758585377102       0.85782953173525811       0.99651882235418776     
  0.60423601985304287       0.60550940579762047       0.60903321006673838       0.62121382489632071       0.67406730303113760       0.86383173815840442       0.99711904561887876     
  0.60525509596848004       0.60667313296250625       0.61052430253179735       0.62341487903042569       0.67773234540489669       0.86978346310526733       0.99762838833715051     
  0.60632127868797314       0.60789647622810783       0.61210064092705807       0.62571386504358362       0.68148355168590857       0.87566452520185578       0.99805853773814124     
  0.60741222780445969       0.60916112271635992       0.61374357579126737       0.62808498595996809       0.68530026112510922       0.88144147124693850       0.99842009483694405     
  0.60849430932754411       0.61043751666580848       0.61541604710520881       0.63048781522833941       0.68915661805851436       0.88707875659585378       0.99872247437130457     
  0.60951712688486115       0.61167079238129041       0.61705463034620689       0.63286346714457753       0.69302529684229375       0.89254413498673635       0.99897386448237513     
  0.61037927324773078       0.61275058737278065       0.61854485479313648       0.63512714525608849       0.69688976350036647       0.89780584976516531       0.99918182055283500     
  0.61082766337420624       0.61341596036091373       0.61962571541844846       0.63710511876668330       0.70069788733638616       0.90282781365270759       0.99935260608823928     
   1.0000000000000000        1.0000000000000000        1.0000000000000000        1.0000000000000000        1.0000000000000000        1.0000000000000000        1.0000000000000000     
   1.0000000000000000        1.0000000000000000        1.0000000000000000        1.0000000000000000        1.0000000000000000        1.0000000000000000        1.0000000000000000     
   1.0000000000000000        1.0000000000000000        1.0000000000000000        1.0000000000000000        1.0000000000000000        1.0000000000000000        1.0000000000000000     
   1.0000000000000000        1.0000000000000000        1.0000000000000000        1.0000000000000000        1.0000000000000000        1.0000000000000000        1.0000000000000000     
   1.0000000000000000        1.0000000000000000        1.0000000000000000        1.0000000000000000        1.0000000000000000        1.0000000000000000        1.0000000000000000     
   1.0000000000000000        1.0000000000000000        1.0000000000000000        1.0000000000000000        1.0000000000000000        1.0000000000000000        1.0000000000000000     
   1.0000000000000000        1.0000000000000000        1.0000000000000000        1.0000000000000000        1.0000000000000000        1.0000000000000000        1.0000000000000000     
   1.0000000000000000        1.0000000000000000        1.0000000000000000        1.0000000000000000        1.0000000000000000        1.0000000000000000        1.0000000000000000     
   1.0000000000000000        1.0000000000000000        1.0000000000000000        1.0000000000000000        1.0000000000000000        1.0000000000000000        1.0000000000000000     
   1.0000000000000000        1.0000000000000000        1.0000000000000000        1.0000000000000000        1.0000000000000000        1.0000000000000000        1.0000000000000000     
   1.0000000000000000        1.0000000000000000        1.0000000000000000        1.0000000000000000        1.0000000000000000        1.0000000000000000        1.0000000000000000     
   1.0000000000000000        1.0000000000000000        1.0000000000000000        1.0000000000000000        1.0000000000000000        1.0000000000000000        1.0000000000000000     
   1.0000000000000000        1.0000000000000000        1.0000000000000000        1.0000000000000000        1.0000000000000000        1.0000000000000000        1.0000000000000000     
   1.0000000000000000        1.0000000000000000        1.0000000000000000        1.0000000000000000        1.0000000000000000        1.0000000000000000        1.0000000000000000     
   1.0000000000000000        1.0000000000000000        1.0000000000000000        1.0000000000000000        1.0000000000000000        1.0000000000000000        1.0000000000000000     
   1.0000000000000000        1.0000000000000000        1.0000000000000000        1.0000000000000000        1.0000000000000000        1.0000000000000000        1.0000000000000000     
   1.0000000000000000        1.0000000000000000        1.0000000000000000        1.0000000000000000        1.0000000000000000        1.0000000000000000        1.0000000000000000     
   1.0000000000000000        1.0000000000000000        1.0000000000000000        1.0000000000000000        1.0000000000000000        1.0000000000000000        1.0000000000000000     
   1.0000000000000000        1.0000000000000000        1.0000000000000000        1.0000000000000000        1.0000000000000000        1.0000000000000000        1.0000000000000000     
   1.0000000000000000        1.0000000000000000        1.0000000000000000        1.0000000000000000        1.0000000000000000        1.0000000000000000        1.0000000000000000     
   1.0000000000000000        1.0000000000000000        1.0000000000000000        1.0000000000000000        1.0000000000000000        1.0000000000000000        1.0000000000000000     
   1.0000000000000000        1.0000000000000000        1.0000000000000000        1.0000000000000000        1.0000000000000000        1.0000000000000000        1.0000000000000000     
   1.0000000000000000        1.0000000000000000        1.0000000000000000        1.0000000000000000        1.0000000000000000        1.0000000000000000        1.0000000000000000     
   1.0000000000000000        1.0000000000000000        1.0000000000000000        1.0000000000000000        1.0000000000000000        1.0000000000000000        1.0000000000000000     
   1.0000000000000000        1.0000000000000000        1.0000000000000000        1.0000000000000000        1.0000000000000000        1.0000000000000000        1.0000000000000000     
   1.0000000000000000        1.0000000000000000        1.0000000000000000        1.0000000000000000        1.0000000000000000        1.0000000000000000        1.0000000000000000     
   1.0000000000000000        1.0000000000000000        1.0000000000000000        1.0000000000000000        1.0000000000000000        1.0000000000000000        1.0000000000000000     
   1.0000000000000000        1.0000000000000000        1.0000000000000000        1.0000000000000000        1.0000000000000000        1.0000000000000000        1.0000000000000000     
   1.0000000000000000        1.0000000000000000        1.0000000000000000        1.0000000000000000        1.0000000000000000        1.0000000000000000        1.0000000000000000     
   1.0000000000000000        1.0000000000000000        1.0000000000000000        1.0000000000000000        1.0000000000000000        1.0000000000000000        1.0000000000000000     
   1.0000000000000000        1.0000000000000000        1.0000000000000000        1.0000000000000000        1.0000000000000000        1.0000000000000000        1.0000000000000000     
   1.0000000000000000        1.0000000000000000        1.0000000000000000        1.0000000000000000        1.0000000000000000        1.0000000000000000        1.0000000000000000     
   1.0000000000000000        1.0000000000000000        1.0000000000000000        1.0000000000000000        1.0000000000000000        1.0000000000000000        1.0000000000000000     
   1.0000000000000000        1.0000000000000000        1.0000000000000000        1.0000000000000000        1.0000000000000000        1.0000000000000000        1.0000000000000000     
   1.0000000000000000        1.0000000000000000        1.0000000000000000        1.0000000000000000        1.0000000000000000        1.0000000000000000        1.0000000000000000     
   1.0000000000000000        1.0000000000000000        1.0000000000000000        1.0000000000000000        1.0000000000000000        1.0000000000000000        1.0000000000000000     
   1.0000000000000000        1.0000000000000000        1.0000000000000000        1.0000000000000000        1.0000000000000000        1.0000000000000000        1.0000000000000000     
