   2.4960583455598933     
   2.5128721667788749     
   2.5149861980378527     
   2.5051219252349726     
   2.4851692393503293     
   2.4571762648688722     
   2.4240205070556851     
   2.3877272627685970     
   2.3494830830360192     
   2.3094686267867854     
   2.2677034876640447     
   2.2242190460167186     
   2.1791479175802833     
   2.1326766579765750     
   2.0849925727605827     
   2.0363142671657974     
   1.9868769467695939     
   1.9369165797958854     
   1.8866568549663276     
   1.8363098511681895     
   1.7860578158290061     
   1.7360446254479911     
   1.6863432506992229     
   1.6369739395081710     
   1.5879177129546476     
   1.5390938483779857     
   1.4903519889859447     
   1.4415574085789820     
   1.3925536423650080     
   1.3431517832065569     
   1.2931285656014828     
   1.2422086065490330     
   1.1900886489151383     
   1.1364152816579236     
   1.0807714650675060     
   1.0227352780882735     
  0.96162293193891002     
  0.89656150969915427     
  0.82633559760481479     
  0.74965681347095614     
  0.66514000246434379     
  0.57102089488126673     
  0.46525777303864041     
  0.34545340056409091     
  0.20965723161820768     
  0.26604664999855848     
  0.31365992879849208     
  0.35292428345078164     
  0.38442445364224315     
  0.40847973246735775     
  0.42559513607601440     
  0.43629936753432413     
  0.44113678571972426     
  0.44089231146149138     
  0.43643508795727132     
  0.42760126664165293     
  0.41460744053977888     
  0.39787608710072775     
  0.37783843983967225     
  0.35502552400967041     
  0.33027629374293294     
  0.30455272163305991     
  0.27900549777157801     
  0.25486735513312797     
  0.23334282412544191     
  0.21558268924421961     
  0.20228823522365250     
  0.19310592291621956     
  0.18685688016117041     
  0.18153821120628635     
  0.17459302285000280     
  0.16310700070041606     
  0.14508288812937500     
  0.12120404980889264     
   9.4766352443523938E-002
   6.9973665229177487E-002
   5.0114394012803605E-002
   3.6464294831098192E-002
   2.8347729417425277E-002
   2.4091315105902209E-002
   2.1928145666158139E-002
