   2.3945114272062686        2.3389327118329493        2.2529980695213165        2.2006649434202941        2.1758162304679831        4.9777776281052359        18.640068743039347     
   2.4067269545092054        2.3586427520213284        2.2815975241442326        2.2323898316135273        2.1715947978507679        4.9310203319863923        18.709271139686980     
   2.4136291680707829        2.3723342135326355        2.3040753828727829        2.2584888928953384        2.1515793585899030        4.7993573723577647        18.531203223646187     
   2.4162625018909152        2.3810416883136365        2.3212094433880424        2.2794349772506632        2.1180747070709351        4.6018424568982974        18.189947848707366     
   2.4154396885370812        2.3855826936776121        2.3336438714137078        2.2955013564562594        2.0713084414969511        4.3523628139892798        17.786786431146144     
   2.4117817536655357        2.3866078990758215        2.3419120890147815        2.3068682290359894        2.0119089913824153        4.0685041261501329        17.408723911213421     
   2.4057566950115388        2.3846321518569344        2.3464607522588294        2.3137136799664200        1.9411032747930523        3.7858698119496825        17.082059808440569     
   2.3976989376762661        2.3800380178600160        2.3476448685231248        2.3162408850030256        1.8611131703869073        3.5283395775744104        16.780010474896923     
   2.3878496287940014        2.3731124249875331        2.3457537122998602        2.3146285946048213        1.7742229880815548        3.3056382248731659        16.483748564806231     
   2.3763746688669962        2.3640692070001403        2.3410301323073597        2.3090323714735175        1.6824628084056319        3.1117486762370157        16.182513042570907     
   2.3633838830563114        2.3530648903022127        2.3336795809430613        2.2995929589277284        1.5872709572252692        2.9396295885091450        15.875294213072904     
   2.3489355921860340        2.3402111042943852        2.3238740618316127        2.2864317255235220        1.4896579060463990        2.7841913060743302        15.563099910315824     
   2.3330511601632740        2.3255901230471800        2.3117505238034037        2.2696677535224090        1.3907050866722774        2.6418368329071016        15.247443487862931     
   2.3157374998619091        2.3092536904289607        2.2974057789366751        2.2494506524053688        1.2914647041813270        2.5099517645780662        14.929898053348476     
   2.2969799075744879        2.2912291387297636        2.2809287110551208        2.2259178213096438        1.1928397004591302        2.3866679533044630        14.611873518328935     
   2.2767396482103432        2.2715164241884875        2.2623670022752118        2.1992254596496617        1.0957442115988596        2.2706778670340224        14.294569853988895     
   2.2549550630579507        2.2500877961675849        2.2417574897294381        2.1695534403896093        1.0010489956483852        2.1610621105993868        13.978971434972539     
   2.2315528432841885        2.2268995078249820        2.2191117910527316        2.1371113471989909       0.90953927525929146        2.0572017882703793        13.665868506609822     
   2.2064424164637266        2.2018868602491635        2.1944120157588971        2.1021654631873421       0.82185656037404442        1.9586484211166171        13.355882324639955     
   2.1795179085325982        2.1749551821937385        2.1676034465669853        2.0649831142272026       0.73860939369957157        1.8650785637808462        13.049494218225773     
   2.1506601571516009        2.1459966566438506        2.1386181539574411        2.0258252728345978       0.66029089902127547        1.7762555112073519        12.747063667841207     
   2.1197438547290632        2.1148877249185016        2.1073590075873252        1.9849477723914060       0.58726548590040062        1.6919964337856657        12.448861524794406     
   2.0866152890364860        2.0814849492704566        2.0737082874181869        1.9424750835733164       0.51982338392031624        1.6121798380485339        12.155091631273772     
   2.0511017840359824        2.0456490935517584        2.0374926334813850        1.8984782308740042       0.45817213661677381        1.5367046238300164        11.865900157330607     
   2.0129998382513068        2.0072050889902817        1.9985428487538630        1.8529649402955868       0.40245804256361417        1.4654903663230516        11.581397889852880     
   1.9720792175122972        1.9659581206014498        1.9566526590542530        1.8058737137289269       0.35272048096092729        1.3984710328182641        11.301675935967122     
   1.9280770120197588        1.9216864449590203        1.9115930295179067        1.7570368498208389       0.30890796796195519        1.3355839960419549        11.026804553013774     
   1.8807080286845734        1.8741390810756720        1.8631149083998773        1.7063532637941803       0.27095606793702565        1.2767720497963913        10.756836213331480     
   1.8296498276701636        1.8230210991328006        1.8109448275677444        1.6536994210192455       0.23878417087326814        1.2219724649484514        10.491808478759665     
   1.7745372041466778        1.7679980893251430        1.7547590043684380        1.5989289400992075       0.21227580963119272        1.1711189275850005        10.231759295486546     
   1.7149897095783986        1.7086964231452164        1.6941729410060640        1.5418450210802808       0.19132283296812161        1.1241435302863834        9.9767405679256971     
   1.6505810989550984        1.6446875610548095        1.6287638425744084        1.4821691945334239       0.17578633627783977        1.0809679883491785        9.7267962930110308     
   1.5808267095157724        1.5754731421531929        1.5580847970525906        1.4196119356399739       0.16547854507696372        1.0414912796842049        9.4819797833262491     
   1.5051688630224054        1.5004645812421902        1.4816221055446541        1.3538306818245196       0.16018222082841466        1.0056019100050413        9.2423385305013639     
   1.4229398837855840        1.4189645231611012        1.3987814605068454        1.2843808558386314       0.15969190008342929       0.97317497452486834        9.0079281799446154     
   1.3333430265827440        1.3301203253881104        1.3089421204783482        1.2106665622455892       0.16409372926809127       0.94406915033321437        8.7788093358192363     
   1.2354017940353621        1.2329846176492638        1.2113843047907820        1.1318413598154122       0.17291316858514408       0.91813874553332775        8.5550546200089013     
   1.1279557401901175        1.1264712832584691        1.1052020483506275        1.0469438902968775       0.18530020637459355       0.89523827628660535        8.3367396684566657     
   1.0096670148275082        1.0092726298311470       0.98897429889667421       0.95483954276563032       0.19983619421338053       0.87522216158033195        8.1239484712630343     
  0.87902583811477386       0.87954139835712219       0.86148661788925751       0.85414634581157367       0.21512161518330603       0.85795911420637072        7.9167808410253544     
  0.73408688477368078       0.73497822446739725       0.72148879619220474       0.74310235209674413       0.23012972947230292       0.84326607022712374        7.7153736907219690     
  0.57097553230504694       0.57275809615082796       0.56691921288717873       0.61965020578545416       0.24373174892053578       0.83093898279264977        7.5199043214901264     
  0.38572487574551811       0.38984233558734072       0.39454974597016973       0.48129895745515561       0.25559705197608640       0.82061197611637682        7.3305795042185249     
  0.17426400219485444       0.18253691788605600       0.20148134266050458       0.32427845242814024       0.26579563849389570       0.81184389111154853        7.1476609491198086     
  -6.6951509734102910E-002  -5.3899101417897770E-002  -1.8322763035411513E-002  0.14578458825273730       0.27797923546135989       0.80472704703330999        6.9714679627105847     
  -3.9508509951058889E-002  -2.6171728562067082E-002   1.2851338097454170E-002  0.18652493032904768       0.40992992655028576       0.81607893470067405        6.8024680156076025     
  -2.0644649538940699E-002  -7.8729805100283823E-003   3.2790607242643835E-002  0.21608990461596655       0.53629391542085936       0.82982553939839032        6.6376687316020435     
  -1.0204882014273444E-002   2.1507413364191181E-003   4.3430390788917063E-002  0.23545472779579105       0.65508301173573003       0.84593988641030260        6.4768563299299755     
  -3.8280746105983075E-003   7.0316434761099394E-003   4.7064684120685721E-002  0.24511652497729652       0.76473205654409648       0.86440785096285910        6.3198127659696750     
  -3.8076782080432404E-005   9.0153089649616380E-003   4.5914820586693453E-002  0.24564816879664914       0.86282865285859101       0.88523478846055004        6.1663825893390127     
   1.6776031544235479E-003   9.1870998529876395E-003   4.1863711776650360E-002  0.23794029715071302       0.94787327431941382       0.90847826265859744        6.0165390210559835     
   2.1366808405850956E-003   8.1852275867971194E-003   3.6272837703607307E-002  0.22325218569725602        1.0184931875219962       0.93425552375941667        5.8703783283933308     
   1.9307917350494573E-003   6.6040740748418781E-003   3.0011276755423363E-002  0.20311875047366768        1.0734288014619975       0.96279349756960653        5.7279806095735815     
   1.4805910551256743E-003   4.9251208476753777E-003   2.3699269939274365E-002  0.17926714532658308        1.1123726688581261       0.99441114900277361        5.5894192904674194     
   1.0197522395148514E-003   3.4389485629604836E-003   1.7838555964360053E-002  0.15347365183174214        1.1354554334051177        1.0294389179249135        5.4548646288091902     
   6.5331420010585257E-004   2.2649570647089367E-003   1.2789701835298923E-002  0.12738394551687038        1.1388780253680131        1.0683820331086737        5.3246117755504612     
   4.0181391741669572E-004   1.4185784369647779E-003   8.7293880920344766E-003  0.10237499279820116        1.1210022465211633        1.1119396032147597        5.1989506385275979     
   2.5126978949814658E-004   8.5623447863674958E-004   5.6734760169831850E-003   7.9520991883719375E-002   1.0816448486719767        1.1610197644938647        5.0780637775673316     
   1.7398169665644976E-004   5.1719824419948861E-004   3.5170566699317140E-003   5.9467304035873504E-002   1.0213923639629010        1.2168005470404331        4.9620549966774421     
   1.4085507656816184E-004   3.3548719071712041E-004   2.0962834011658453E-003   4.2471611607751300E-002  0.94183470427002047        1.2807781345963849        4.8509821917866836     
   1.2928731060928868E-004   2.5157917775725340E-004   1.2286343740221916E-003   2.8873199226586186E-002  0.84572906155622840        1.3544375678710461        4.7448488899703269     
   1.2615059645338945E-004   2.1945451575556968E-004   7.4575207016484531E-004   1.8568475916735792E-002  0.73695885652237547        1.4395128089618698        4.6436000491857694     
   1.2559810085364798E-004   2.0985274475445945E-004   5.0683539271147865E-004   1.1305532444574724E-002  0.62042725742852411        1.5376023123819722        4.5470835898172801     
   1.2562223325118295E-004   2.0806851145636532E-004   4.0497939174120303E-004   6.6384112773816692E-003  0.50187862879362222        1.6493979829352199        4.4550647819034133     
   1.2570274309755869E-004   2.0823022982350357E-004   3.6875629803073017E-004   3.8201460211651516E-003  0.38774686720102286        1.7741502677480629        4.3672392641123805     
   1.2575023627588245E-004   2.0856896041301654E-004   3.5813945135315900E-004   2.2633113336748899E-003  0.28446125224193813        1.9091531987808033        4.2832547727486263     
   1.2576696624247489E-004   2.0873732657896764E-004   3.5510232404602156E-004   1.4694538450777236E-003  0.19710336503774897        2.0490647383187248        4.2027080222227102     
   1.2576672098371238E-004   2.0874754606953365E-004   3.5341180548513371E-004   1.0855150330669099E-003  0.12792878157784893        2.1815870592456896        4.1250963050968599     
   1.2576059421451054E-004   2.0867314819792909E-004   3.5165626030538466E-004   8.9487674253031009E-004   7.7603989582440427E-002   2.2864264508149632        4.0498158477627673     
   1.2575474560493614E-004   2.0857981580365648E-004   3.4982103330920164E-004   7.8619282760049281E-004   4.4268271850661962E-002   2.3392050003551641        3.9760200322248282     
   1.2575108351268961E-004   2.0850602420487851E-004   3.4816921558696582E-004   7.1296645386714286E-004   2.4560314091019615E-002   2.3120960952944629        3.9023732377040266     
   1.2574928493046267E-004   2.0846178563922507E-004   3.4691755912036359E-004   6.6003419491474330E-004   1.3776350770248398E-002   2.1765895057196749        3.8271166165143859     
   1.2574851802932534E-004   2.0844057585347314E-004   3.4613054153061462E-004   6.2271453012046946E-004   8.1662000933535681E-003   1.9153021030147932        3.7478121085615741     
   1.2574815853603810E-004   2.0843224704616454E-004   3.4572188325465795E-004   5.9832497320227009E-004   5.1510599735778160E-003   1.5497299411366885        3.6613911038195490     
   1.2574786800380046E-004   2.0842943848078710E-004   3.4554815330768951E-004   5.8411098299737880E-004   3.3695062109083095E-003   1.1389646156663638        3.5642774756949578     
   1.2574747666226505E-004   2.0842827387241748E-004   3.4548912392795285E-004   5.7695853230761967E-004   2.2537746353633653E-003  0.75368746340905446        3.4529947152487428     
   1.2574685183370791E-004   2.0842715949069972E-004   3.4547291087473446E-004   5.7394641119914123E-004   1.5793090421388988E-003  0.44823432997929963        3.3257431629060683     
   1.2574577900212140E-004   2.0842537350122621E-004   3.4546744815477606E-004   5.7292532936368613E-004   1.2148623591787941E-003  0.24324663291910104        3.1876583561234382     
   1.2574376344695525E-004   2.0842203302915286E-004   3.4546162829162525E-004   5.7265664571110834E-004   1.0456148479483045E-003  0.12581542622134589        3.0616567192540427     
   1.2573931833989371E-004   2.0841466799941034E-004   3.4544940974495965E-004   5.7258999866109986E-004   9.7925978378924977E-004   6.5122434118608227E-002   2.9863462654456421     
   1.2572500342748543E-004   2.0839095138138104E-004   3.4541013844127297E-004   5.7251926815296355E-004   9.5701524207492095E-004   3.3022077611088115E-002   2.9595130783731567     
