  0.65460819959886496       0.67390369481198342       0.70278799439122042       0.73688656689984278       0.78426128761734049       0.97991627826822669        1.6771461096817459     
  0.66831948197739022       0.68550924711709094       0.71285221462708226       0.74965232424420136       0.80702378558266463        1.0276206367067446        1.8246050160638585     
  0.68365463667698489       0.69878695529036450       0.72411568065128107       0.76202225409653168       0.82913844952787707        1.0755300534246015        1.9814936290207827     
  0.70012762565434516       0.71323293552831191       0.73639906119361365       0.77454343731340680       0.85113274765850166        1.1237822928883145        2.1474627841117715     
  0.71738737645174722       0.72852755858110618       0.74949659352707121       0.78737888933193734       0.87315286428360206        1.1714887277642727        2.3236172267465411     
  0.73515272834772616       0.74444212800074305       0.76323643520030371       0.80055847673209601       0.89505476856588606        1.2183829688848991        2.5113805640431752     
  0.75319194909292420       0.76079729024580511       0.77746406169597515       0.81405199393225436       0.91668645867268017        1.2646826766710595        2.7115999640862816     
  0.77135760302444190       0.77743774380750119       0.79204258426629037       0.82781313491753172       0.93793220440721059        1.3111927325992685        2.9252507698595531     
  0.78949104720163454       0.79420762699306191       0.80683349827763695       0.84176445953464463       0.95865815745420391        1.3582302999257294        3.1530911502890020     
  0.80740652212557051       0.81095664381736787       0.82169126268038706       0.85580389008005087       0.97876324545590865        1.4059274395127552        3.3958810617840118     
  0.82495919377822668       0.82753117860745251       0.83644849451205072       0.86982743267649498       0.99814886651294699        1.4543648661694024        3.6544277774405542     
  0.84202313929031103       0.84377983063661843       0.85106320862976315       0.88372509595800142        1.0166121100627370        1.5035598656053133        3.9295241752222605     
  0.85850200545385880       0.85958557618626252       0.86546766174555745       0.89738540035549885        1.0340739848890432        1.5535556247300231        4.2221070891650569     
  0.87431401155994082       0.87484712513639495       0.87954462436987524       0.91073431950958117        1.0506324347557798        1.6043465344700487        4.5330474918961725     
  0.88939399318169921       0.88949212589438553       0.89319554949316271       0.92369207033913692        1.0663503448891556        1.6559432579545963        4.8633136919590259     
  0.90371853134577351       0.90347001850754116       0.90633382775876015       0.93618993345903956        1.0812989694775941        1.7083545503848347        5.2139069857033080     
  0.91724907911347464       0.91671839470796268       0.91888018787628256       0.94818533526926585        1.0955474811549180        1.7615685516477007        5.5858114040831177     
  0.92995916152391744       0.92919134824597627       0.93075918397887647       0.95959299473705739        1.1091493895618323        1.8155705740493713        5.9800334719753145     
  0.94182543853442691       0.94086328728431667       0.94199705137585354       0.97038438317372322        1.1221253354143574        1.8703434343484624        6.3976002065728332     
  0.95282681932737423       0.95170269270961039       0.95254135818147789       0.98051570566960333        1.1345017945533211        1.9258473280177808        6.8394980245945520     
  0.96291334340460122       0.96167997064350352       0.96236355670593499       0.98995980543051232        1.1463130326191264        1.9820718179776302        7.3068065476701847     
  0.97209051317797079       0.97075597721261719       0.97142017967112948       0.99874031929916518        1.1575720034900980        2.0389836383464601        7.8005533278305821     
  0.98034173598444152       0.97892970889940401       0.97967392633920625        1.0068513110772550        1.1682813860422363        2.0965474769597381        8.3217667141211145     
  0.98764647866331812       0.98618042214375623       0.98708541233075897        1.0142745842647003        1.1784456862174990        2.1547478416911092        8.8715648194648242     
  0.99401276417315820       0.99249707377170582       0.99365830534472432        1.0210020131076309        1.1880795771811989        2.2135799427971214        9.4511790708985366     
  0.99941451959159044       0.99787059254145216       0.99938323375425264        1.0270420713063209        1.1971908965889093        2.2730226941680010        10.061700171535216     
   1.0038344440837392        1.0022793532330445        1.0042277046730781        1.0323384619781477        1.2057537530812024        2.3330138747619733        10.704075861888146     
   1.0072463927649311        1.0057070193699611        1.0081459165830915        1.0368230788092303        1.2137462549481048        2.3935001994810636        11.379272663929381     
   1.0096363227403649        1.0081401551081259        1.0111084283597778        1.0404852997000396        1.2211595556299368        2.4544499252603540        12.088350939273026     
   1.0109782913965573        1.0095541281998885        1.0131170617325445        1.0433414938896874        1.2279892383444602        2.5158559717029414        12.832666925992998     
   1.0112148926797462        1.0099130473409308        1.0141230722307149        1.0453430725697059        1.2341955028596812        2.5776290739544865        13.612849220480548     
   1.0103114532818305        1.0091853812684264        1.0140635808518867        1.0464656092984048        1.2397450055419266        2.6397054864441563        14.429729296426967     
   1.0082013444102045        1.0073044975343932        1.0129044999885266        1.0466294059455117        1.2445746959276200        2.7019622368765135        15.283750077527658     
   1.0048297942445392        1.0042982018556696        1.0105688862289597        1.0458060435039616        1.2486430968192124        2.7642924401639686        16.175376464622104     
   1.0001110280130883        1.0001221402173379        1.0068271033852250        1.0439212967450295        1.2518610639614141        2.8265508681422959        17.105067765334297     
  0.99397013016390057       0.99465680614270724        1.0015035466880560        1.0409552815832868        1.2542076406158560        2.8885951567455579        18.072651730367529     
  0.98633627566780002       0.98759664381214096       0.99462432814931390        1.0367341943989949        1.2556284988854733        2.9502242128126386        19.077644839342433     
  0.97709410518772566       0.97836956907411099       0.98618471024439214        1.0310465424938682        1.2559435832102070        3.0112231832566918        20.119266316604126     
  0.96599091513126989       0.96660744453764436       0.97556646416188886        1.0236706113464609        1.2550164235207539        3.0713498340455323        21.196393747567580     
  0.95134797596191678       0.95151578534350512       0.96221180909167803        1.0145081016591717        1.2526457083478812        3.1302616040575644        22.307998126967814     
  0.93117152052880825       0.93329144728462932       0.94635981935787516        1.0032232180439757        1.2486409780548746        3.1878023858802709        23.451970772140371     
  0.90639214599882789       0.91126266098667685       0.92767347171208614       0.98919352073512623        1.2425836371071222        3.2436488357161788        24.625780703978162     
  0.87698132552043007       0.88489250698025401       0.90473342209723884       0.97247284728631100        1.2344370664952842        3.2974863652888828        25.826561823017396     
  0.84246291091260150       0.85332251522377378       0.87771333997630419       0.95226339668092619        1.2242922602799056        3.3486657227603498        27.048207562921540     
  0.81339492192556184       0.82783919613089496       0.85682908572238692       0.93308651566830236        1.2121058289908313        3.3966339162945864        28.284048279994455     
  0.77341117651833680       0.79122000470260967       0.82538049115232071       0.90953526888879255        1.1979073745508011        3.4403415089493152        29.526215765916039     
  0.73668997809282299       0.75744329553334333       0.79598973778336224       0.88672786080975985        1.1832960656249174        3.4792184321954602        30.765757943619100     
  0.70320425914878981       0.72601003318871937       0.76845328485929554       0.86470450087116835        1.1680585690366045        3.5129275073050796        31.996525716554682     
  0.67363994789066628       0.69707582357714193       0.74250712943736386       0.84349554076355715        1.1527549571833828        3.5414748285317450        33.215071564211051     
  0.64973372033188037       0.67127953917849237       0.71809913677864745       0.82314062817946321        1.1371337776948425        3.5651416998986782        34.420497760952948     
  0.63101128397236772       0.64973632543915472       0.69531624621171439       0.80358702244320712        1.1213040873232840        3.5839964563149049        35.609952443717141     
  0.61541730782777837       0.63223060272773257       0.67424471615441162       0.78458583818663108        1.1051311182025130        3.5972609897378547        36.771867888924419     
  0.60249193352644015       0.61750429415634012       0.65512298444339134       0.76588313026850152        1.0879922012154122        3.6039773216780997        37.891728897509871     
  0.59278585423765562       0.60512305584224135       0.63821617169041189       0.74737069630032316        1.0701701760372622        3.6035662966756417        38.957761561804602     
  0.58674094532487775       0.59537392534781719       0.62360507196220372       0.72900669552265840        1.0537189790807571        3.5955595093731323        39.958537835165934     
  0.58347974872884556       0.58864929200179839       0.61119187583808088       0.71072873508385837        1.0371016878510237        3.5791430698215225        40.877804471539640     
  0.58177274300465276       0.58459600926839783       0.60099377086988903       0.69247821104060403        1.0195345711420127        3.5531874686415539        41.694277124093453     
  0.58099188170409999       0.58236843684488848       0.59314360535900867       0.67432452646589902        1.0006624787145733        3.5164368422030470        42.383376473623812     
  0.58073153061537219       0.58126885935176120       0.58762829648668502       0.65645884160000112       0.98012297241362645        3.4676773741351119        42.918973549264351     
  0.58067136153535870       0.58083017447298546       0.58414550926489361       0.63918919469064805       0.95758569826257844        3.4057211094567252        43.273178348443643     
  0.58066048672702875       0.58069877559609684       0.58218299462802914       0.62313174747838862       0.93278473060841527        3.3295176441965584        43.417967487709959     
  0.58065895305660542       0.58066828492176426       0.58122382531808803       0.60922420886609141       0.90540851239110021        3.2381743188721366        43.325254167541701     
  0.58065877730614945       0.58066260525508151       0.58083887146863888       0.59816437715402393       0.87522066523990250        3.1312238293552954        42.970321181100395     
  0.58065874192679268       0.58066155360371852       0.58071481475859577       0.59013860991151845       0.84216224769050951        3.0086981217423352        42.333775972642393     
  0.58065872550660047       0.58066122998426650       0.58068121054436850       0.58518317017853672       0.80638265326444225        2.8710848183655386        41.402894861641549     
  0.58065871600181385       0.58066106139364759       0.58067209258452313       0.58256597594135584       0.76828743359677398        2.7192216083774778        40.170702026781484     
  0.58065871061804708       0.58066095903241399       0.58066870965188033       0.58138895777555921       0.72866127217829413        2.5551200024524774        38.634714756748153     
  0.58065870779184103       0.58066089885084726       0.58066686979111437       0.58094462037497296       0.68911104934351153        2.3815235223772384        36.800932807589291     
  0.58065870644373951       0.58066086628351055       0.58066572498538727       0.58079217759583490       0.65235938985627173        2.2001880523974391        34.683235708427048     
  0.58065870586665558       0.58066085039027338       0.58066503793546431       0.58073425110442378       0.62215181920216600        2.0140396826969407        32.308085042750342     
  0.58065870564916244       0.58066084354723080       0.58066466413974949       0.58070555732317863       0.60117724405178807        1.8265171402278633        29.715127797259242     
  0.58065870557859345       0.58066084098375847       0.58066448520791325       0.58068877749841263       0.58950801493873350        1.6412187686443138        26.954032838933010     
  0.58065870555878074       0.58066084016970365       0.58066441177403483       0.58067901783583264       0.58428974464638472        1.4606268289377178        24.085928440902748     
  0.58065870555404708       0.58066083995259199       0.58066438655467034       0.58067385152108175       0.58226590025361447        1.2859435805751984        21.177498742526499     
  0.58065870555313781       0.58066083990382722       0.58066437950480176       0.58067148044961681       0.58144143153804639        1.1186938230887613        18.300712623790094     
  0.58065870555300103       0.58066083989500905       0.58066437792657444       0.58067058227697987       0.58103895402357897       0.96212270347101259        15.525601232360653     
  0.58065870555298693       0.58066083989379880       0.58066437764771595       0.58067031362994648       0.58083213842282722       0.82345012756512903        12.927799467409018     
  0.58065870555298604       0.58066083989367856       0.58066437760936762       0.58067025277294904       0.58073547054278374       0.71374495287736650        10.568960584797743     
  0.58065870555298538       0.58066083989367012       0.58066437760554312       0.58067024270882373       0.58069658747983155       0.64203043564606077        8.4881663797064313     
  0.58065870555298538       0.58066083989366946       0.58066437760528267       0.58067024153230629       0.58068381002475844       0.60573544115694222        6.7161549172926804     
  0.58075172881015258       0.58075386315089272       0.58075740086255101       0.58076326469437045       0.58077362506096342       0.59082935091403366        5.2854596868932040     
