   1.1277234346659559E-004   1.0655666542114257E-003   4.1687228104966461E-003   6.5604178601868556E-003   4.1687228104966495E-003   1.0655666542114244E-003   1.1277234346659445E-004
   1.1267232542392939E-004   1.0646216007718398E-003   4.1650255609485525E-003   6.5545994109706953E-003   4.1650255609485265E-003   1.0646216007718337E-003   1.1267232542392854E-004
   1.1256830665955705E-004   1.0636387451946534E-003   4.1611804214184683E-003   6.5485482237859233E-003   4.1611804214184830E-003   1.0636387451946486E-003   1.1256830665955612E-004
   1.1246028717347767E-004   1.0626180874798920E-003   4.1571873919065078E-003   6.5422642986324780E-003   4.1571873919065156E-003   1.0626180874798931E-003   1.1246028717347721E-004
   1.1235169615572657E-004   1.0615920294597557E-003   4.1531732352542731E-003   6.5359471251978047E-003   4.1531732352542887E-003   1.0615920294597592E-003   1.1235169615572532E-004
   1.1224424820131957E-004   1.0605767720503674E-003   4.1492013328825973E-003   6.5296964483256281E-003   4.1492013328825713E-003   1.0605767720503678E-003   1.1224424820131888E-004
   1.1213737177858489E-004   1.0595669149463438E-003   4.1452505576511558E-003   6.5234790197346596E-003   4.1452505576511627E-003   1.0595669149463382E-003   1.1213737177858445E-004
   1.1203106688752320E-004   1.0585624581476868E-003   4.1413209095600111E-003   6.5172948394249088E-003   4.1413209095600059E-003   1.0585624581476826E-003   1.1203106688752229E-004
   1.1192304740144416E-004   1.0575418004329254E-003   4.1373278800480541E-003   6.5110109142715086E-003   4.1373278800480306E-003   1.0575418004329330E-003   1.1192304740144325E-004
   1.1181102719365789E-004   1.0564833405805843E-003   4.1331869605541523E-003   6.5044942511494324E-003   4.1331869605541558E-003   1.0564833405805846E-003   1.1181102719365728E-004
   1.1169386320082064E-004   1.0553762779799160E-003   4.1288558967977687E-003   6.4976783534962321E-003   4.1288558967977800E-003   1.0553762779799164E-003   1.1169386320082027E-004
   1.1156926929624318E-004   1.0541990114094450E-003   4.1242501802178314E-003   6.4904302281869625E-003   4.1242501802178306E-003   1.0541990114094502E-003   1.1156926929624237E-004
   1.1143838854326938E-004   1.0529623414799246E-003   4.1194120650948768E-003   6.4828163717841154E-003   4.1194120650948629E-003   1.0529623414799252E-003   1.1143838854326817E-004
   1.1129950634688126E-004   1.0516500672752337E-003   4.1142781700080665E-003   6.4747370394440187E-003   4.1142781700080370E-003   1.0516500672752261E-003   1.1129950634688108E-004
   1.1115262270708121E-004   1.0502621887953686E-003   4.1088484949573885E-003   6.4661922311665581E-003   4.1088484949573772E-003   1.0502621887953656E-003   1.1115262270708015E-004
   1.1099773762386678E-004   1.0487987060403465E-003   4.1031230399428513E-003   6.4571819469518279E-003   4.1031230399428513E-003   1.0487987060403363E-003   1.1099773762386647E-004
   1.1083370803389544E-004   1.0472488183994018E-003   4.0970595506839525E-003   6.4476396902373610E-003   4.0970595506839317E-003   1.0472488183994053E-003   1.1083370803389432E-004
   1.1065939087382033E-004   1.0456017252618312E-003   4.0906157729000909E-003   6.4374989644606631E-003   4.0906157729000761E-003   1.0456017252618232E-003   1.1065939087381954E-004
   1.1047364308029821E-004   1.0438466260168685E-003   4.0837494523107238E-003   6.4266932730592773E-003   4.0837494523107030E-003   1.0438466260168629E-003   1.1047364308029744E-004
   1.1027417852663908E-004   1.0419619194430530E-003   4.0763760803547407E-003   6.4150896229082021E-003   4.0763760803547520E-003   1.0419619194430422E-003   1.1027417852663787E-004
   1.1006042568117003E-004   1.0399422052349938E-003   4.0684745298919219E-003   6.4026547657262825E-003   4.0684745298918907E-003   1.0399422052350009E-003   1.1006042568116940E-004
   1.0983066994887473E-004   1.0377712824766153E-003   4.0599814195013796E-003   6.3892889566697737E-003   4.0599814195013710E-003   1.0377712824766135E-003   1.0983066994887392E-004
   1.0958319673473553E-004   1.0354329502517900E-003   4.0508333677623095E-003   6.3748924508949621E-003   4.0508333677622957E-003   1.0354329502517935E-003   1.0958319673473504E-004
   1.0931743450708053E-004   1.0329218082551586E-003   4.0410092475344443E-003   6.3594320001206291E-003   4.0410092475344399E-003   1.0329218082551551E-003   1.0931743450708023E-004
   1.0903338326591003E-004   1.0302378564867093E-003   4.0305090588177812E-003   6.3429076043467758E-003   4.0305090588177673E-003   1.0302378564867088E-003   1.0903338326590951E-004
   1.0872989994787769E-004   1.0273702943357046E-003   4.0192905473317893E-003   6.3252527670109547E-003   4.0192905473317841E-003   1.0273702943357080E-003   1.0872989994787721E-004
   1.0840412689462370E-004   1.0242921202753166E-003   4.0072480773750375E-003   6.3063012467069347E-003   4.0072480773750280E-003   1.0242921202753147E-003   1.0840412689462244E-004
   1.0805377797945683E-004   1.0209817330840477E-003   3.9942971403864958E-003   6.2859200503098287E-003   3.9942971403864611E-003   1.0209817330840501E-003   1.0805377797945651E-004
   1.0767771013903334E-004   1.0174283321511737E-003   3.9803954820855558E-003   6.2640426812570890E-003   3.9803954820855445E-003   1.0174283321511765E-003   1.0767771013903255E-004
   1.0727592337335287E-004   1.0136319174766941E-003   3.9655431024722392E-003   6.2406691395488151E-003   3.9655431024722531E-003   1.0136319174766937E-003   1.0727592337335215E-004
   1.0684441696070879E-004   1.0095546869230115E-003   3.9495921115646430E-003   6.2155666872163199E-003   3.9495921115646256E-003   1.0095546869230124E-003   1.0684441696070820E-004
   1.0638090477441200E-004   1.0051750392686637E-003   3.9324580008016276E-003   6.1886023311346419E-003   3.9324580008016389E-003   1.0051750392686654E-003   1.0638090477441118E-004
   1.0588081456108239E-004   1.0004497720706943E-003   3.9139717530610463E-003   6.1595100850539430E-003   3.9139717530610246E-003   1.0004497720706915E-003   1.0588081456108190E-004
   1.0534071713068703E-004   9.9534648349688449E-004   3.8940066055011954E-003   6.1280904592867294E-003   3.8940066055011841E-003   9.9534648349688406E-004   1.0534071713068616E-004
   1.0475604022984620E-004   9.8982197110428780E-004   3.8723935409998764E-003   6.0940774675832289E-003   3.8723935409998816E-003   9.8982197110428368E-004   1.0475604022984526E-004
   1.0412221160518080E-004   9.8383303244994370E-004   3.8489635424349450E-003   6.0572051236935098E-003   3.8489635424349376E-003   9.8383303244994262E-004   1.0412221160518021E-004
   1.0343351593996779E-004   9.7732566448016623E-004   3.8235053384036190E-003   6.0171409448051870E-003   3.8235053384036068E-003   9.7732566448016124E-004   1.0343351593996639E-004
   1.0268423791748218E-004   9.7024586414126376E-004   3.7958076575031132E-003   5.9735524481059803E-003   3.7958076575031088E-003   9.7024586414126105E-004   1.0268423791748120E-004
   1.0186866222100145E-004   9.6253962837953406E-004   3.7656592283307287E-003   5.9261071507834742E-003   3.7656592283307252E-003   9.6253962837953785E-004   1.0186866222100067E-004
   1.0098335966049115E-004   9.5417455536278800E-004   3.7329332880447945E-003   5.8746055631502979E-003   3.7329332880448036E-003   9.5417455536278540E-004   1.0098335966048943E-004
   1.0002318645089856E-004   9.4510204234267610E-004   3.6974396923828449E-003   5.8187484506753160E-003   3.6974396923828371E-003   9.4510204234267978E-004   1.0002318645089754E-004
   9.8981855743829374E-005   9.3526268596016147E-004   3.6589460428018352E-003   5.7581700822649335E-003   3.6589460428018247E-003   9.3526268596015919E-004   9.8981855743828168E-005
   9.7854223754230817E-005   9.2460788346690698E-004   3.6172621950393133E-003   5.6925712233880680E-003   3.6172621950393050E-003   9.2460788346690492E-004   9.7854223754229380E-005
   9.6625430658621575E-005   9.1299722692331903E-004   3.5718388434481086E-003   5.6210874187325923E-003   3.5718388434481190E-003   9.1299722692331751E-004   9.6625430658620856E-005
   9.5282331228537626E-005   9.0030650930590943E-004   3.5221900638019248E-003   5.5429539578300598E-003   3.5221900638019317E-003   9.0030650930590910E-004   9.5282331228536420E-005
   9.3815209425548012E-005   8.8644392542339882E-004   3.4679566947160849E-003   5.4576056198995353E-003   3.4679566947160810E-003   8.8644392542340067E-004   9.3815209425546968E-005
   9.2212634616204684E-005   8.7130146916841375E-004   3.4087161933850502E-003   5.3643774393163030E-003   3.4087161933850601E-003   8.7130146916841310E-004   9.2212634616203735E-005
   9.0475749863852995E-005   8.5488994115168779E-004   3.3445108140894111E-003   5.2633359126427895E-003   3.3445108140894055E-003   8.5488994115168887E-004   9.0475749863852507E-005
   8.8614842738595897E-005   8.3730654686986461E-004   3.2757208453540916E-003   5.1550795089412823E-003   3.2757208453540799E-003   8.3730654686986266E-004   8.8614842738594962E-005
   8.6646487658932208E-005   8.1870789517864725E-004   3.2029589742470924E-003   5.0405724283675672E-003   3.2029589742470785E-003   8.1870789517864693E-004   8.6646487658930961E-005
   8.4580972194964351E-005   7.9919119157467907E-004   3.1266054892933313E-003   4.9204131399838685E-003   3.1266054892933261E-003   7.9919119157468069E-004   8.4580972194963253E-005
   8.2408580308262111E-005   7.7866463086669600E-004   3.0463012291081525E-003   4.7940364230092221E-003   3.0463012291081556E-003   7.7866463086669394E-004   8.2408580308261230E-005
   8.0117309833705369E-005   7.5701480664192933E-004   2.9616025237457822E-003   4.6607440635376826E-003   2.9616025237457874E-003   7.5701480664192716E-004   8.0117309833704895E-005
   7.7705446176277486E-005   7.3422551798428624E-004   2.8724459917854029E-003   4.5204363167255027E-003   2.8724459917853990E-003   7.3422551798427832E-004   7.7705446176276903E-005
   7.5174703930995588E-005   7.1031296580985792E-004   2.7788950146478107E-003   4.3732129274164436E-003   2.7788950146478159E-003   7.1031296580986020E-004   7.5174703930994856E-005
   7.2520510844480070E-005   6.8523394767570737E-004   2.6807805752108315E-003   4.2188079093605953E-003   2.6807805752108319E-003   6.8523394767570965E-004   7.2520510844479758E-005
   6.9733722409973264E-005   6.5890205869592784E-004   2.5777646392300762E-003   4.0566892900581967E-003   2.5777646392300610E-003   6.5890205869592827E-004   6.9733722409972803E-005
   6.6805194120717569E-005   6.3123089398460302E-004   2.4695091724611061E-003   3.8863250970095067E-003   2.4695091724611044E-003   6.3123089398460454E-004   6.6805194120716770E-005
   6.3729210659988395E-005   6.0216645048805041E-004   2.3558029035011994E-003   3.7073828474021350E-003   2.3558029035011994E-003   6.0216645048804943E-004   6.3729210659987988E-005
   6.0502914369423802E-005   5.7168172667942019E-004   2.2365401966489640E-003   3.5196962998299470E-003   2.2365401966489727E-003   5.7168172667942084E-004   6.0502914369423884E-005
   5.7128591375714829E-005   5.3979832378019056E-004   2.1118055604655286E-003   3.3233984474178558E-003   2.1118055604655264E-003   5.3979832378019165E-004   5.7128591375714334E-005
   5.3613100058928336E-005   5.0658104545479280E-004   1.9818525206341669E-003   3.1188882695406968E-003   1.9818525206341700E-003   5.0658104545479204E-004   5.3613100058927950E-005
   4.9971300242546862E-005   4.7217029964281853E-004   1.8472303828020380E-003   2.9070302215105769E-003   1.8472303828020369E-003   4.7217029964281891E-004   4.9971300242546292E-005
   4.6226624725137406E-005   4.3678749886440698E-004   1.7088053597204107E-003   2.6891874828581424E-003   1.7088053597204135E-003   4.3678749886440785E-004   4.6226624725137162E-005
   4.2409936217008771E-005   4.0072425960948444E-004   1.5677183169641397E-003   2.4671554607700835E-003   1.5677183169641349E-003   4.0072425960948640E-004   4.2409936217008493E-005
   3.8556669681847941E-005   3.6431540081094285E-004   1.4252791372302669E-003   2.2429955486829730E-003   1.4252791372302634E-003   3.6431540081094198E-004   3.8556669681847555E-005
   3.4703974678359625E-005   3.2791194231776761E-004   1.2828610846366678E-003   2.0188688848770948E-003   1.2828610846366700E-003   3.2791194231776723E-004   3.4703974678359205E-005
   3.0893001486954559E-005   2.9190270611653761E-004   1.1419853132831458E-003   1.7971693456013873E-003   1.1419853132831476E-003   2.9190270611653739E-004   3.0893001486954342E-005
   2.7166614983061163E-005   2.5669271510993637E-004   1.0042363586903200E-003   1.5803905519484703E-003   1.0042363586903178E-003   2.5669271510993664E-004   2.7166614983061028E-005
   2.3570537700469771E-005   2.2271399372749185E-004   8.7130439208018531E-004   1.3711923664171612E-003   8.7130439208018531E-004   2.2271399372749190E-004   2.3570537700469592E-005
   2.0151635236314933E-005   1.9040936700947237E-004   7.4492183895529321E-004   1.1723011480687330E-003   7.4492183895529202E-004   1.9040936700947232E-004   2.0151635236314794E-005
   1.6953343997697327E-005   1.6018925816392883E-004   6.2669436197653936E-004   9.8624376627705996E-004   6.2669436197654012E-004   1.6018925816392921E-004   1.6953343997697201E-005
   1.4015099670010935E-005   1.3242628826133117E-004   5.1807973382290236E-004   8.1531435244736289E-004   5.1807973382290138E-004   1.3242628826133092E-004   1.4015099670010798E-005
   1.1367764963564067E-005   1.0741207379161104E-004   4.2021882006922540E-004   6.6130831376633279E-004   4.2021882006922448E-004   1.0741207379161065E-004   1.1367764963563959E-005
   9.0330580819069680E-006   8.5351826358793639E-005   3.3391445204595643E-004   5.2548908492090936E-004   3.3391445204595719E-004   8.5351826358793977E-005   9.0330580819068833E-006
   7.0206950634701456E-006   6.6337351154154988E-005   2.5952579113777560E-004   4.0842188669208820E-004   2.5952579113777522E-004   6.6337351154155001E-005   7.0206950634700643E-006
   5.3329620349429829E-006   5.0390249399171505E-005   1.9713734590577845E-004   3.1023971220480953E-004   1.9713734590577790E-004   5.0390249399171437E-005   5.3329620349429414E-006
   3.9572852995332948E-006   3.7391714375721977E-005   1.4628431926391695E-004   2.3021109927189943E-004   1.4628431926391665E-004   3.7391714375722072E-005   3.9572852995332694E-006
   2.8668028686393846E-006   2.7087931731458897E-005   1.0597373561926748E-004   1.6677337867531070E-004   1.0597373561926724E-004   2.7087931731459008E-005   2.8668028686393511E-006
   2.0289374369357635E-006   1.9171084060342742E-005   7.5001347976156457E-005   1.1803139838463989E-004   7.5001347976156051E-005   1.9171084060342776E-005   2.0289374369357427E-006
   1.4025387240113627E-006   1.3252349375797493E-005   5.1846002234785210E-005   8.1591282150959550E-005   5.1846002234785149E-005   1.3252349375797522E-005   1.4025387240113579E-006
