  0.98903966517976383       0.98289368588711390       0.96685645923315455       0.92958390515758194       0.82902766936337824       0.94238304097337178       0.99999519683411675     
  0.99311975668841102       0.98599115208772981       0.97113250638928095       0.93479364781180285       0.83020250078224878       0.94035876228275983       0.99999412661459852     
  0.99469354687446432       0.98849739560742467       0.97472129551902931       0.93945940231187541       0.83020589778906351       0.93841431218570648       0.99999292432321407     
  0.99588569308552655       0.99051671757163584       0.97898182914802079       0.94285058043754921       0.82886788826782654       0.93841907234863609       0.99999159965373940     
  0.99678722729892644       0.99214653522077711       0.98146050715606081       0.94633505535962836       0.82599891373610257       0.93640572518845411       0.99999234255837088     
  0.99747199933062203       0.99346534514363116       0.98361522580321625       0.94889966994135178       0.81949564551522536       0.93398460463979405       0.99999103701876790     
  0.99799318751961763       0.99453326763187289       0.98549284890339139       0.95062921947014389       0.80840801740422008       0.93136788935957238       0.99998963972635668     
  0.99839173894508271       0.99540452107548616       0.98711119924759183       0.95167404556749746       0.79324902518092799       0.92986486416813141       0.99998816126196821     
  0.99869815982698162       0.99610566442919990       0.98803302347699506       0.95214974212823111       0.77480903697625558       0.93138452643341396       0.99998661156118906     
  0.99893564507028521       0.99668965333299742       0.98926137241584466       0.95170013547155807       0.75508802814925102       0.93021743420729641       0.99998786850366939     
  0.99912090718653090       0.99717079068677872       0.98958739168256582       0.95096874621445981       0.73509879974989678       0.92969051209885056       0.99998641142047584     
  0.99926684224407070       0.99756838742895182       0.99012124995361073       0.95061523972397144       0.71522918363279397       0.92654730657411011       0.99998490561861886     
  0.99938205219939968       0.99789758440420429       0.98937728398764646       0.95002792463096231       0.69567826479831618       0.92300714959172414       0.99998335657053039     
  0.99947488624617298       0.99816214601351083       0.98898016688651125       0.94873053723444056       0.67683498912776940       0.91906432127485771       0.99998176804713179     
  0.99954719608054632       0.99838232773646662       0.98672881624649789       0.94452477091771192       0.65809848064431453       0.91468947689098179       0.99998359120908253     
  0.99960861833869941       0.99852922659821652       0.98547383239433795       0.94299813289980738       0.63921675432330305       0.91174125801519701       0.99998214065001056     
  0.99965918016710464       0.99841388672804476       0.98448974064082850       0.93913805731806910       0.62099520894547644       0.90722740152554426       0.99998066234609384     
  0.99968765609425969       0.99785392649740068       0.98360420006681926       0.93585859597158083       0.60319031712905269       0.90457909385636881       0.99997915659879688     
  0.99971125486430112       0.99747826107254478       0.98123527488546003       0.93254450844548553       0.58556238991150578       0.89843208894687387       0.99998140849576356     
  0.99971434215646671       0.99702532053700688       0.98012333314804134       0.92679479612176052       0.56807621556278387       0.89268832625325201       0.99998007236662900     
  0.99967248397786279       0.99552544644007412       0.97758621886526886       0.92140479265108222       0.55265112042442710       0.88707278840435000       0.99997872133880017     
  0.99891029881919091       0.99287879357179631       0.97637842178432821       0.91550480092282704       0.53559324260141761       0.88432674929062716       0.99997735574508106     
  0.99849907010515881       0.99197027346558364       0.97415575496875662       0.90104967779298328       0.51878634329445139       0.87693849355800302       0.99998006288514862     
  0.99798911196882534       0.98938763356617077       0.97197135209372798       0.89459620070414658       0.50235042241812322       0.87566307021624046       0.99997890781870469     
  0.99652994824370367       0.98621130699348580       0.97060015717015680       0.86677516188497572       0.48652600755100095       0.87231737858830061       0.99997775503185760     
  0.99392395179410009       0.98464705882694348       0.96690143835859588       0.85991503242331313       0.47123897946861487       0.86669515876649061       0.99997660470572369     
  0.99216566953422691       0.98373939250278419       0.96560893653165258       0.85343872256749531       0.45720767559719788       0.86481494295418160       0.99997977779270963     
  0.99134598058009837       0.98098573985935222       0.96162538642150641       0.84093776832007350       0.48023827695466981       0.85642001933938972       0.99997887846851785     
  0.98698524638478624       0.97837251665698832       0.95863984150303960       0.83543762717421810       0.46879719260782016       0.84795581131012521       0.99997799423367684     
  0.98569350443050896       0.97684362800111746       0.95701154016483714       0.82729157130698727       0.47203322550975729       0.84190628852171501       0.99998134943752703     
  0.98371557546619204       0.97507127587772435       0.95446576774271474       0.82225576501195630       0.46230184376186401       0.84217309839665444       0.99998071780882214     
  0.98218359548179568       0.97134638053760736       0.95052509394765061       0.81797347623253513       0.45307505487497302       0.83467109596535338       0.99998009450849024     
  0.97853468680061206       0.96864520486670891       0.94782001164966168       0.81340022600106299       0.45929649393795546       0.83694528668406210       0.99998354989263305     
  0.97737606409910827       0.96650796670390526       0.94533893083993537       0.80927669606130470       0.45537250911234162       0.83508939961707929       0.99998315871144350     
  0.97226624995797073       0.96506583251362521       0.94223244191480515       0.80566930140324577       0.45100654872654661       0.84102834218699540       0.99998275993602348     
  0.97104399249154039       0.96147825604179227       0.92306292996577466       0.79206254274880750       0.44742950413148752       0.84279941028857441       0.99998265325251490     
  0.96717493695375489       0.95427682926699353       0.91755536655608250       0.78822774869851220       0.44979303924839820       0.84306467848371069       0.99998607700625908     
  0.96391590176888675       0.95104575946957526       0.91046178726271676       0.77987606394341724       0.44936162471140700       0.84111754586789345       0.99998593143413483     
  0.95839420337575698       0.94795102237226547       0.90252640814735363       0.77653048139615632       0.45067145517173368       0.84008260724510952       0.99998934203252898     
  0.95538661687217863       0.94285639078258399       0.89387626240404017       0.77307615149461884       0.45960332130823744       0.84012157965000678       0.99998947333728205     
  0.95155700073575766       0.93564568051539032       0.87841433084021858       0.76881145064030043       0.46366230006145759       0.84115315250335976       0.99998968592672222     
  0.93202956313926300       0.91298959025068960       0.87486497313230083       0.76502966186191346       0.46701903174010440       0.84338340855534688       0.99999280654236755     
  0.91516012965511995       0.91300569146682442       0.86382123069457717       0.76130260567083563       0.45875693033798914       0.84684692905192660       0.99999323388163486     
  0.91551615904051853       0.89395830663061615       0.85194844730151942       0.77258867395232500       0.47518483840149028       0.85007206702341198       0.99999372374302031     
  0.89805929234744586       0.87333212698771989       0.87333586994634371       0.76616302823373050       0.48638212900167677       0.85579984957836308       0.99999604379208351     
  0.92500664953202338       0.90355174035580610       0.90159816995209019       0.79319169209839757       0.50838470216460907       0.85882233092830029       0.99999652600331213     
  0.95238580119463956       0.93262145176058842       0.92533425268159031       0.82078268232309359       0.53227000311554273       0.86262170981987218       0.99999702547937075     
  0.96712049076434525       0.95335029418537331       0.94448188830423185       0.84798299921004017       0.55788996211762665       0.90601815580813505       0.99999837513671397     
  0.97719760755255414       0.96730235875159998       0.95929420771242702       0.87370872937458055       0.58511225375828968       0.90991703719336803       0.99999872220089248     
  0.98550835429110772       0.97751164772520560       0.97060737168223854       0.89724208733305943       0.61381832200700714       0.91424745754948511       0.99999903693143843     
  0.99125966276487676       0.98521509557367914       0.97928506942647708       0.91814482031811140       0.64389236907571246       0.91896173139118298       0.99999957481732993     
  0.99520261251243114       0.99086268105930486       0.98531902970876384       0.93619609393407166       0.68205289541779257       0.92400273800958532       0.99999972044282748     
  0.99765138484169624       0.99476619353031226       0.99040919984786746       0.95137177156836139       0.78487322708928586       0.92929756199450753       0.99999990141513262     
  0.99898021301337159       0.99726328546188647       0.99301762012232198       0.96381507380392317       0.81787163728189127       0.93475956286810080       0.99999994731209740     
  0.99958498731579948       0.99871065142495719       0.99523630551422437       0.97378151928328216       0.84471273925807444       0.94029271480924981       0.99999997531376228     
  0.99984339162321878       0.99944166362945297       0.99725188596489533       0.98157368292174885       0.87037425001639102       0.95914862165463044       0.99999999495159420     
  0.99994853619558899       0.99977806734508090       0.99850332527035357       0.98749752389264356       0.89434105670771025       0.96271945068055620       0.99999999829612940     
  0.99998605450710576       0.99991697549072134       0.99918429128844222       0.99184409921152117       0.91612249965793291       0.96617336701646772       0.99999999979787713     
  0.99999652299880815       0.99996965540390403       0.99962282141830272       0.99489166235604154       0.93530371371417664       0.96948782619829343       0.99999999995917821     
  0.99999875509968295       0.99998730596746677       0.99982046561748317       0.99690886443342486       0.95159819315756622       0.97266002220858505       0.99999999999407407     
  0.99999926575414622       0.99999294474427447       0.99990486605618378       0.99815987720204136       0.96488910124767036       0.97570820689182158       0.99999999999985989     
  0.99999950264488535       0.99999526345666334       0.99994066224229849       0.99888107967971229       0.97525214600043053       0.97866877983804734       0.99999999999999400     
  0.99999967029638293       0.99999669813658687       0.99995846621341633       0.99928454083869300       0.98294636181307538       0.98158615521487069        1.0000000000000009     
  0.99999979470536371       0.99999776034649790       0.99997028267708576       0.99951698879314554       0.98838039367928410       0.98573439731087298       0.99999999999999711     
  0.99999988338235624       0.99999856257674280       0.99997950662517610       0.99966551220631050       0.99205055651797902       0.99037122604519567        1.0000000000000016     
  0.99999994177596541       0.99999915156356189       0.99998642328045317       0.99977067972444966       0.99446301707566787       0.99288900689401738       0.99999999999999845     
  0.99999997565214549       0.99999955661950746       0.99999146821695717       0.99984819588664864       0.99608532625188839       0.99517697764115776        1.0000000000000016     
  0.99999999196225575       0.99999980489357654       0.99999509322464797       0.99990387064991304       0.99726689962746395       0.99696479462667598        1.0000000000000000     
  0.99999999803828998       0.99999993194349124       0.99999752187014945       0.99994238339063590       0.99818570032406562       0.99821211578041802       0.99999999999999989     
  0.99999999967141495       0.99999998242495214       0.99999896375591102       0.99996796677546518       0.99888413395729791       0.99900104002511780        1.0000000000000000     
  0.99999999996503075       0.99999999688326957       0.99999966571493981       0.99998415976753197       0.99936957859056685       0.99947109854506044       0.99999999999999944     
  0.99999999999782485       0.99999999965082875       0.99999992321538844       0.99999344300173243       0.99967586833032707       0.99974973104103670        1.0000000000000036     
  0.99999999999992772       0.99999999997741029       0.99999998848716054       0.99999786997043749       0.99985917927807877       0.99990916044932321        1.0000000000000024     
  0.99999999999999911       0.99999999999924316       0.99999999898264735       0.99999953558699195       0.99996192873687029       0.99998252201435023       0.99999999999999956     
  0.99999999999999922       0.99999999999998823       0.99999999995354494       0.99999990624544866       0.99998968283651768       0.99999662452859372       0.99999999999999833     
   1.0000000000000002        1.0000000000000002       0.99999999999908262       0.99999999368739545       0.99999824082523137       0.99999983391458291       0.99999999999999922     
  0.99999999999999933       0.99999999999999989       0.99999999999999400       0.99999999962997965       0.99999986512663364       0.99999999864898503       0.99999999999999989     
  0.99999999999999956        1.0000000000000004       0.99999999999999867       0.99999999999233014       0.99999994949583182       0.99999999999978306        1.0000000000000004     
  0.99999999999999944       0.99999999999999933       0.99999999999999978       0.99999999999999545       0.99999999998941469       0.99999999999999989       0.99999999999999867     
  0.99999999999999911       0.99999999999999933        1.0000000000000004       0.99999999999999989       0.99999999999999944        1.0000000000000004       0.99999999999999745     
   1.0000000000000000        1.0000000000000000       0.99999999999999978        1.0000000000000002        1.0000000000000004       0.99999999999999978        1.0000000000000002     
