  0.58375073930205268       0.59299790244807227       0.60279953553183663       0.60003253944089840       0.56201195821630912       0.51486223819738408       0.51897301823267017     
  0.57691753259345135       0.58540275886176008       0.59541150669273835       0.59694191034836674       0.56863608234293450       0.53503340212273487       0.55466513969260822     
  0.57143279367689648       0.57909610615190288       0.58885688663041225       0.59336017339809011       0.57411357413418307       0.55389443911210345       0.58990050502454117     
  0.56701915698505301       0.57381174194759343       0.58315028751072062       0.58980383001512471       0.57901216295324331       0.57181258082778730       0.62408183361706804     
  0.56348519237597516       0.56939146792730932       0.57820492541200330       0.58646249756652635       0.58356735747594757       0.58850893319014763       0.65716480426407531     
  0.56068500743300465       0.56572891675491588       0.57394635555930973       0.58341647468637103       0.58785788614345413       0.60378200421656669       0.68945546246748479     
  0.55850148687771772       0.56273891451996150       0.57030707713375961       0.58069623082675714       0.59190899845855727       0.61763182581432419       0.72079876966469814     
  0.55685439713985485       0.56034637501523443       0.56722882428809729       0.57831208267485212       0.59573088496812521       0.63065753043949235       0.75113286536107182     
  0.55565833296980471       0.55847403057990019       0.56465020660392085       0.57625277681875187       0.59931134066502256       0.64314962395526498       0.78014568805881268     
  0.55481560488184356       0.55704446903545179       0.56250895675204282       0.57449398361528470       0.60264488093573931       0.65526852656093693       0.80751087111856923     
  0.55423962663528226       0.55597790978984030       0.56072906232777997       0.57301533861817577       0.60571371197677870       0.66711627360275494       0.83294267681641332     
  0.55385382048887455       0.55519497576585275       0.55928574115498753       0.57178804479750167       0.60847040492079130       0.67874473634055288       0.85622400999110526     
  0.55360062182069536       0.55462917366097164       0.55816031649132225       0.57078302539897341       0.61091792186686245       0.69019522990337923       0.87723544959192590     
  0.55343467555962633       0.55422444157309769       0.55729246710755487       0.56997620244552683       0.61311933964449783       0.70148460153036341       0.89593998344723780     
  0.55332787202298506       0.55394032405371219       0.55663307097713088       0.56934418746769866       0.61511426184171913       0.71262699189712020       0.91238582646078681     
  0.55326433174409873       0.55374838672120674       0.55614064732698143       0.56886778391356885       0.61695905455189670       0.72362989281363099       0.92668593026664459     
  0.55323137797983812       0.55362248224297572       0.55577810986845388       0.56853103739599098       0.61870337417902632       0.73449238517725668       0.93899713295560905     
  0.55322081050136218       0.55354567349222961       0.55550960185567178       0.56831149872111231       0.62037837770966986       0.74521058525675865       0.94950428133055564     
  0.55322703926086614       0.55350601127584476       0.55533151076495568       0.56820177733601185       0.62201943466586973       0.75577871257985207       0.95840410651425911     
  0.55324441568050153       0.55349508964052307       0.55523987029023880       0.56818768584118162       0.62366063444056474       0.76618642727379060       0.96589165604094196     
  0.55326516161013461       0.55350542816112613       0.55522759479130768       0.56826368435039543       0.62533579359242719       0.77642788825424802       0.97215490456629516     
  0.55329197978514777       0.55352446034959468       0.55527759459233206       0.56844238452278417       0.62706811898099424       0.78649352207872503       0.97736601024607916     
  0.55331908807809571       0.55355883438397613       0.55537933393365424       0.56871895707137632       0.62887416786700889       0.79637400048625695       0.98168029254158440     
  0.55334829629673510       0.55360264264709425       0.55551246954551636       0.56909165904209935       0.63077190205722566       0.80606415280195332       0.98523596631421040     
  0.55337763013610397       0.55365371398061680       0.55567819591318646       0.56956255502329090       0.63278391228757602       0.81556213521819132       0.98815382720791078     
  0.55340752132650439       0.55371047334182499       0.55588055756727928       0.57013699848583110       0.63492327520367497       0.82486034040332934       0.99053772056550971     
  0.55343149332472907       0.55376751499286903       0.55611211791578397       0.57079148328685303       0.63719090510017606       0.83394728839528576       0.99247620469241438     
  0.55344600455633242       0.55382114671008464       0.55636141443379894       0.57151740771248427       0.63958969647645092       0.84281428278904946       0.99404520458783563     
  0.55344754804913610       0.55386803077840085       0.55662139638188612       0.57231066355788796       0.64212592486620546       0.85145674835419960       0.99530942171312020     
  0.55342866722201201       0.55390428570970152       0.55689015769923600       0.57318092469098547       0.64481073457839500       0.85987606370840897       0.99632355478187284     
  0.55337956528392906       0.55391983146297341       0.55715121903613785       0.57412251307103057       0.64763701299945775       0.86805842675075373       0.99713290290444834     
  0.55328972139423327       0.55390571249667087       0.55738849005357971       0.57512297071891283       0.65059669152268429       0.87599781837002377       0.99777557209764045     
  0.55314187343657750       0.55383116680753230       0.55758361713785809       0.57615826467933506       0.65367496205435915       0.88368316331785957       0.99828310364149719     
  0.55291804157600521       0.55371329034349659       0.55770971587134410       0.57721629863649127       0.65687654914427218       0.89110750965905383       0.99868178570819666     
  0.55259078143564477       0.55353189225233923       0.55770096375201206       0.57828676042944793       0.66017833831382799       0.89826646938159449       0.99899325476838097     
  0.55213204911225056       0.55323901110711404       0.55752132971029955       0.57935892144373669       0.66359101496504347       0.90514785918074747       0.99923524778582995     
  0.55150626075151421       0.55273644382745191       0.55714011395841256       0.58038060658608681       0.66712825642860984       0.91173928883213851       0.99942214893536807     
  0.55066858128903873       0.55178103046546612       0.55653687978849598       0.58129494350429445       0.67071601310404827       0.91802704410977354       0.99956564663447023     
  0.54953936252018087       0.55020583403194567       0.55551366686657733       0.58204339887257484       0.67432565662703714       0.92398948761795940       0.99967517958547158     
  0.54746943985781593       0.54773665271534500       0.55392979387255514       0.58258834634792300       0.67788635794143726       0.92960851067478223       0.99975834928282059     
  0.54338609966672169       0.54436535201071046       0.55180655165320847       0.58284448878167006       0.68133988723008654       0.93484412700012398       0.99982114793482890     
  0.53766646036141463       0.53993331681671042       0.54902466487190615       0.58263512268655948       0.68450210565402159       0.93966727020568652       0.99986826656327588     
  0.53037976063950254       0.53421186642755714       0.54515759131256514       0.58204431487526120       0.68745827880176602       0.94405785711161228       0.99990340223922325     
  0.52147358578800518       0.52691918382331981       0.54026898729191752       0.58087987028463761       0.69039238566643923       0.94797626285196313       0.99992940888795878     
   1.0000000000000000        1.0000000000000000        1.0000000000000000        1.0000000000000000        1.0000000000000000        1.0000000000000000        1.0000000000000000     
   1.0000000000000000        1.0000000000000000        1.0000000000000000        1.0000000000000000        1.0000000000000000        1.0000000000000000        1.0000000000000000     
   1.0000000000000000        1.0000000000000000        1.0000000000000000        1.0000000000000000        1.0000000000000000        1.0000000000000000        1.0000000000000000     
   1.0000000000000000        1.0000000000000000        1.0000000000000000        1.0000000000000000        1.0000000000000000        1.0000000000000000        1.0000000000000000     
   1.0000000000000000        1.0000000000000000        1.0000000000000000        1.0000000000000000        1.0000000000000000        1.0000000000000000        1.0000000000000000     
   1.0000000000000000        1.0000000000000000        1.0000000000000000        1.0000000000000000        1.0000000000000000        1.0000000000000000        1.0000000000000000     
   1.0000000000000000        1.0000000000000000        1.0000000000000000        1.0000000000000000        1.0000000000000000        1.0000000000000000        1.0000000000000000     
   1.0000000000000000        1.0000000000000000        1.0000000000000000        1.0000000000000000        1.0000000000000000        1.0000000000000000        1.0000000000000000     
   1.0000000000000000        1.0000000000000000        1.0000000000000000        1.0000000000000000        1.0000000000000000        1.0000000000000000        1.0000000000000000     
   1.0000000000000000        1.0000000000000000        1.0000000000000000        1.0000000000000000        1.0000000000000000        1.0000000000000000        1.0000000000000000     
   1.0000000000000000        1.0000000000000000        1.0000000000000000        1.0000000000000000        1.0000000000000000        1.0000000000000000        1.0000000000000000     
   1.0000000000000000        1.0000000000000000        1.0000000000000000        1.0000000000000000        1.0000000000000000        1.0000000000000000        1.0000000000000000     
   1.0000000000000000        1.0000000000000000        1.0000000000000000        1.0000000000000000        1.0000000000000000        1.0000000000000000        1.0000000000000000     
   1.0000000000000000        1.0000000000000000        1.0000000000000000        1.0000000000000000        1.0000000000000000        1.0000000000000000        1.0000000000000000     
   1.0000000000000000        1.0000000000000000        1.0000000000000000        1.0000000000000000        1.0000000000000000        1.0000000000000000        1.0000000000000000     
   1.0000000000000000        1.0000000000000000        1.0000000000000000        1.0000000000000000        1.0000000000000000        1.0000000000000000        1.0000000000000000     
   1.0000000000000000        1.0000000000000000        1.0000000000000000        1.0000000000000000        1.0000000000000000        1.0000000000000000        1.0000000000000000     
   1.0000000000000000        1.0000000000000000        1.0000000000000000        1.0000000000000000        1.0000000000000000        1.0000000000000000        1.0000000000000000     
   1.0000000000000000        1.0000000000000000        1.0000000000000000        1.0000000000000000        1.0000000000000000        1.0000000000000000        1.0000000000000000     
   1.0000000000000000        1.0000000000000000        1.0000000000000000        1.0000000000000000        1.0000000000000000        1.0000000000000000        1.0000000000000000     
   1.0000000000000000        1.0000000000000000        1.0000000000000000        1.0000000000000000        1.0000000000000000        1.0000000000000000        1.0000000000000000     
   1.0000000000000000        1.0000000000000000        1.0000000000000000        1.0000000000000000        1.0000000000000000        1.0000000000000000        1.0000000000000000     
   1.0000000000000000        1.0000000000000000        1.0000000000000000        1.0000000000000000        1.0000000000000000        1.0000000000000000        1.0000000000000000     
   1.0000000000000000        1.0000000000000000        1.0000000000000000        1.0000000000000000        1.0000000000000000        1.0000000000000000        1.0000000000000000     
   1.0000000000000000        1.0000000000000000        1.0000000000000000        1.0000000000000000        1.0000000000000000        1.0000000000000000        1.0000000000000000     
   1.0000000000000000        1.0000000000000000        1.0000000000000000        1.0000000000000000        1.0000000000000000        1.0000000000000000        1.0000000000000000     
   1.0000000000000000        1.0000000000000000        1.0000000000000000        1.0000000000000000        1.0000000000000000        1.0000000000000000        1.0000000000000000     
   1.0000000000000000        1.0000000000000000        1.0000000000000000        1.0000000000000000        1.0000000000000000        1.0000000000000000        1.0000000000000000     
   1.0000000000000000        1.0000000000000000        1.0000000000000000        1.0000000000000000        1.0000000000000000        1.0000000000000000        1.0000000000000000     
   1.0000000000000000        1.0000000000000000        1.0000000000000000        1.0000000000000000        1.0000000000000000        1.0000000000000000        1.0000000000000000     
   1.0000000000000000        1.0000000000000000        1.0000000000000000        1.0000000000000000        1.0000000000000000        1.0000000000000000        1.0000000000000000     
   1.0000000000000000        1.0000000000000000        1.0000000000000000        1.0000000000000000        1.0000000000000000        1.0000000000000000        1.0000000000000000     
   1.0000000000000000        1.0000000000000000        1.0000000000000000        1.0000000000000000        1.0000000000000000        1.0000000000000000        1.0000000000000000     
   1.0000000000000000        1.0000000000000000        1.0000000000000000        1.0000000000000000        1.0000000000000000        1.0000000000000000        1.0000000000000000     
   1.0000000000000000        1.0000000000000000        1.0000000000000000        1.0000000000000000        1.0000000000000000        1.0000000000000000        1.0000000000000000     
   1.0000000000000000        1.0000000000000000        1.0000000000000000        1.0000000000000000        1.0000000000000000        1.0000000000000000        1.0000000000000000     
   1.0000000000000000        1.0000000000000000        1.0000000000000000        1.0000000000000000        1.0000000000000000        1.0000000000000000        1.0000000000000000     
