   2.5677013436146479     
   2.5784822328674815     
   2.5755393933731221     
   2.5642097372010348     
   2.5468503289589375     
   2.5238177409394322     
   2.4962210288937068     
   2.4652862509428792     
   2.4318180624169949     
   2.3962375925109876     
   2.3587505355118168     
   2.3194194059439575     
   2.2783260654055857     
   2.2355453702239214     
   2.1911477279301410     
   2.1452123604736406     
   2.0978044471330013     
   2.0489658841268961     
   1.9987323368190799     
   1.9470970363755411     
   1.8940402807398187     
   1.8395127374119473     
   1.7834815601599732     
   1.7259288655503124     
   1.6668429918773686     
   1.6062099169255153     
   1.5439935884015221     
   1.4801300644392068     
   1.4144942606235948     
   1.3469068436463678     
   1.2771387654029616     
   1.2048851694964335     
   1.1297474882408705     
   1.0513040335318091     
  0.96908463162511471     
  0.88258835079934628     
  0.79123991157652451     
  0.69440062039197126     
  0.59133592026120563     
  0.48109968925316893     
  0.36247073251819512     
  0.23411926184641391     
   9.4281607657486208E-002
  -5.8963207467438689E-002
 -0.22613662243913377     
 -0.16103374528248487     
 -0.10249438549239374     
  -5.0210729288671194E-002
  -4.0514734043278662E-003
   3.6445194274588824E-002
   7.1801750361163708E-002
  0.10239048608527729     
  0.12866710714824495     
  0.15145513767759894     
  0.17057507031466035     
  0.18612147426594200     
  0.19812083266355443     
  0.20657535134824007     
  0.21146417901536266     
  0.21282837204709437     
  0.21085946642211734     
  0.20576876044697454     
  0.19786002575173120     
  0.18753522463018343     
  0.17535284468617254     
  0.16217080576850529     
  0.14884988753261214     
  0.13613697752011933     
  0.12483355006712758     
  0.11535601858075169     
  0.10759874276347312     
  0.10072983853040596     
   9.3476891952459326E-002
   8.4394172588594760E-002
   7.2566080315685136E-002
   5.8550346617087932E-002
   4.4533964723088688E-002
   3.3030494169067538E-002
   2.4976817283286414E-002
   1.9359681449941886E-002
   1.4545318159985264E-002
