  0.65221833671595464       0.67110295884653437       0.70337592050557196       0.74869889461025485       0.82010413520534664        1.0360946632059804        1.8037268597076554     
  0.66667236838193089       0.68349801144641409       0.71380412245497937       0.76172938206188123       0.84381268365903150        1.0846681819270367        1.9590087663304565     
  0.68288218238525333       0.69765867532754611       0.72545457522961909       0.77448273143398150       0.86646361730228616        1.1300207181043640        2.1231688264509812     
  0.70031424347205362       0.71307697447312302       0.73829221437611736       0.78751891141130725       0.88823219395109931        1.1753487772911633        2.2983724751052423     
  0.71863411541876998       0.72943532895660645       0.75207267603474326       0.80095653850951787       0.90869241481067498        1.2212477938677861        2.4855600463107272     
  0.73753377144873600       0.74648673722095049       0.76658822873585986       0.81468682766698119       0.92762637846179818        1.2679973101023194        2.6855787113876599     
  0.75668497845903571       0.76398097467390103       0.78165382428475516       0.82855264839971343       0.94528665516536681        1.3156777684498955        2.8992340209726102     
  0.77580999354745217       0.78167320702968479       0.79710153239419645       0.84243175607380349       0.96183455518848193        1.3643436654619541        3.1273667531620650     
  0.79471508729354223       0.79933552193245838       0.81275546146840594       0.85621512155089796       0.97771207008267835        1.4140050772016581        3.3707834454302805     
  0.81323092964743349       0.81678194746455135       0.82845859038391345       0.86984731165837981       0.99314041661780672        1.4646594610096562        3.6303063664678956     
  0.83122701268530463       0.83387572143169619       0.84407993813174886       0.88325872396588057        1.0082633159759253        1.5163095383596912        3.9068170138536966     
  0.84861332044167304       0.85049780196274161       0.85944704150891105       0.89637812458633637        1.0231071934700571        1.5689362992949571        4.2011837088725832     
  0.86533048247835875       0.86657548493111647       0.87455168223449153       0.90919362963659001        1.0377083769611668        1.6225639296672472        4.5144303656630669     
  0.88131276798345148       0.88203466280064957       0.88931619889887370       0.92164274395369183        1.0520455250085590        1.6771740471961765        4.8475177510903649     
  0.89652175090644037       0.89682178588094719       0.90363781231121021       0.93370924029691482        1.0661120872783147        1.7327723799382870        5.2014993354505137     
  0.91094093765058382       0.91089019544967842       0.91741676200787636       0.94535435408578239        1.0799012683816172        1.7893634580701945        5.5774741587839500     
  0.92453567752746424       0.92420602193826207       0.93056448108579104       0.95650165364866035        1.0934012533632591        1.8469332760713444        5.9765228293490162     
  0.93728487578084929       0.93674391818820646       0.94300667186477294       0.96711967968445955        1.1065949215405142        1.9054662534099209        6.3997519707390085     
  0.94917163666903304       0.94847288563095977       0.95466102213106985       0.97715030189169116        1.1194644509271248        1.9649442546339051        6.8483192839619367     
  0.96017190629844318       0.95936326185458609       0.96548577114084433       0.98661356143839829        1.1319806423274483        2.0253308822020317        7.3232872898310148     
  0.97027818245427377       0.96940242328428827       0.97548498712928589       0.99556840880037989        1.1441305594800144        2.0866149937558922        7.8258539009023540     
  0.97947656334973709       0.97856065798301339       0.98460905040094215        1.0038917717501104        1.1558899192684249        2.1487636110977522        8.3571594930075150     
  0.98775688463587030       0.98682695200433124       0.99283945896370907        1.0115372731929710        1.1672369720728102        2.2117418563874893        8.9183494195586572     
  0.99509585630510555       0.99420273541135284       0.99998258978008514        1.0184756155425203        1.1781515565657521        2.2755348982162826        9.5107741829334422     
   1.0014835526781938        1.0006860860744053        1.0061828233816881        1.0246786614142032        1.1886329179597859        2.3401495550861329        10.135702384892582     
   1.0069141123372776        1.0062683033806423        1.0113410008555248        1.0301109839184128        1.1986653045323268        2.4055609994174976        10.794380592181280     
   1.0113727920989894        1.0109359691253812        1.0152582473868650        1.0347319622317670        1.2082133923234259        2.4717054250792176        11.487887838165079     
   1.0148478771082603        1.0146369726633659        1.0183419808047001        1.0385063841872382        1.2172475113827557        2.5385285078625803        12.217329595086447     
   1.0173226937506765        1.0173843519653927        1.0204605336290868        1.0414108660615025        1.2257415033038477        2.6059997728621349        12.984096141535439     
   1.0187823517312247        1.0191441631321017        1.0216330334882464        1.0434423561240815        1.2336982278382622        2.6741259286619870        13.789457347226785     
   1.0191901191476247        1.0199212522424661        1.0216803678021575        1.0445618246438997        1.2410661375508087        2.7428027093396334        14.634246250530332     
   1.0185153367122268        1.0196903558141275        1.0205991172202191        1.0447467703577358        1.2478093377798332        2.8119629839134617        15.519443698399625     
   1.0167122620292552        1.0183541642473184        1.0183458909481187        1.0439557761721352        1.2538613219347658        2.8814749166398967        16.445616982128271     
   1.0137219617869200        1.0158165792327494        1.0148797489932941        1.0421167912519158        1.2591440496499469        2.9511025724521209        17.413457634762047     
   1.0094638850640933        1.0119977776635740        1.0100488378392332        1.0391548188032735        1.2635937110201534        3.0207764511959643        18.422932288028331     
   1.0038741106710547        1.0065664291345267        1.0036806921271166        1.0349191220840035        1.2671127387196761        3.0903336000143704        19.474005456459693     
  0.99677146918646353       0.99913499025057484       0.99562028732155317        1.0290556074267743        1.2695815963720389        3.1595659512743794        20.566291318012258     
  0.98832356393016885       0.98854199699965994       0.98571578441235685        1.0217766151816545        1.2708505039055245        3.2282436817333733        21.699022239553955     
  0.97699481213439854       0.97494252041492024       0.97381027289599043        1.0123463952194951        1.2707928279965506        3.2961107716252598        22.871045901342704     
  0.96147535167446019       0.95773929857978624       0.95949198602698760        1.0009368678874579        1.2691922588624127        3.3629611562963460        24.081341105288999     
  0.93862683129835600       0.93677753281327825       0.94243882754169261       0.98720807167356828        1.2658850732983691        3.4285123172260104        25.328116182662246     
  0.91092334166446576       0.91190057827409710       0.92228966628958609       0.97102180240838998        1.2606217373319848        3.4924173681832698        26.608790441717769     
  0.87812329062254968       0.88271080298659454       0.89789646920661670       0.95169010212140281        1.2531873165680125        3.5543462377236761        27.920507401521345     
  0.83986731463428199       0.84840665925173742       0.86885221717474537       0.92900595339769088        1.2430490337040494        3.6135918131022344        29.256841911225905     
  0.80715448463361195       0.81937962522765895       0.84461477515014660       0.90828983808957653        1.2309977215243846        3.6695325061600323        30.610524484788190     
  0.76440470619242562       0.77995688360904492       0.81013371230816078       0.88162906879939151        1.2163048099638816        3.7210373499313083        31.973068308453474     
  0.72582258957605084       0.74357337604050089       0.77810990902583232       0.85580131909035673        1.2002874230951945        3.7674348246508993        33.334737456651133     
  0.69122638054251961       0.71024113200648742       0.74818873911195427       0.83090891845283965        1.1829935295346412        3.8083309771054807        34.688893053388078     
  0.66125351517587050       0.68050077975151702       0.72045712608351498       0.80703458363800284        1.1646156978555484        3.8437008616246966        36.031783840094853     
  0.63749068298267142       0.65488944274813077       0.69501284287243903       0.78429230996771371        1.1452608867360095        3.8738229129528650        37.362410759003609     
  0.61954018145557010       0.63408049387683751       0.67201035339820003       0.76273571354204939        1.1255079735772384        3.8987453947668582        38.677644185923214     
  0.60531129826420482       0.61794882842922949       0.65157456118530166       0.74224994865534144        1.1048816917743398        3.9175958530184563        39.964866890304265     
  0.59450346904551732       0.60512314851897020       0.63394051704320586       0.72272864471203824        1.0824020753854444        3.9293049538602731        41.208252916081513     
  0.58779173943490437       0.59524078472713193       0.61926726670040355       0.70416449794995140        1.0601237614423673        3.9332063679918834        42.394876188562094     
  0.58424982293803418       0.58865799434542498       0.60740769965779129       0.68657384137757460        1.0373018362344020        3.9287562813901329        43.512127482879656     
  0.58230313586308002       0.58488435113258341       0.59811188166977636       0.66990074705124136        1.0136416688254899        3.9150293375443810        44.542107941468537     
  0.58125911554474541       0.58273842842568613       0.59128885910994999       0.65409624632467134       0.98897359589817413        3.8907511523156306        45.461373247133366     
  0.58082166487709619       0.58153038429159631       0.58671349772112091       0.63922436533704685       0.96316654679994196        3.8545096461847890        46.242845695910376     
  0.58069289757489184       0.58094753862635240       0.58386266052442970       0.62545854285435609       0.93624465920271072        3.8049222345705775        46.857667068652397     
  0.58066477937335903       0.58073385323035942       0.58219246051543849       0.61303205393291815       0.90818013142362575        3.7406241079786571        47.274910225232453     
  0.58065965122014629       0.58067681844863683       0.58130080071115819       0.60248212832415637       0.87894324025923709        3.6604136309978208        47.463435426914188     
  0.58065893624766407       0.58066515130716068       0.58089515955228310       0.59434029470389727       0.84851270267570345        3.5632442885726197        47.391955405696180     
  0.58065882198432539       0.58066293520083756       0.58074496101199469       0.58851862679435774       0.81693749126586501        3.4484983023079456        47.032810331529198     
  0.58065876408347450       0.58066218993790830       0.58069869491360238       0.58469869721562606       0.78431908928243810        3.3160731173280880        46.364245623984303     
  0.58065872424036702       0.58066170707236298       0.58068428674424299       0.58261520279482915       0.75087429235250180        3.1664296835397776        45.371569504974431     
  0.58065869779513402       0.58066135966363031       0.58067759174580047       0.58158948478527961       0.71702802681050393        3.0004700713500090        44.046443008864799     
  0.58065868117129760       0.58066111900726036       0.58067312528974036       0.58113053781635848       0.68365014328420570        2.8193949285880668        42.385483697820789     
  0.58065867135600568       0.58066096206813089       0.58066989236148303       0.58093282543926650       0.65253756541418639        2.6249610224207274        40.394618025415348     
  0.58065866594972559       0.58066086676136797       0.58066761343391282       0.58083513651658980       0.62609750978576406        2.4193479040596939        38.088934815923594     
  0.58065866320702819       0.58066081340588349       0.58066610048874601       0.58077538683572949       0.60658360603987582        2.2054564408021609        35.496904766574623     
  0.58065866194599591       0.58066078617081407       0.58066517485819491       0.58073469825739554       0.59414283439189308        1.9869225646419799        32.661774144502090     
  0.58065866143272249       0.58066077370985669       0.58066466391982308       0.58070717262133109       0.58749324315577867        1.7678818969256385        29.638000160818383     
  0.58065866124959642       0.58066076871739059       0.58066441423881465       0.58068955768684571       0.58426888984122261        1.5531871093475020        26.492689592943702     
  0.58065866119285958       0.58066076699231106       0.58066430832974791       0.58067918372144212       0.58267897966677062        1.3483118959520459        23.299817573330955     
  0.58065866117820941       0.58066076648597553       0.58066427026146861       0.58067373551609991       0.58179138447394829        1.1584433042040871        20.138778833467800     
  0.58065866117519238       0.58066076636288511       0.58066425896178508       0.58067128428539794       0.58125600018152657       0.98775896656427398        17.087086113733989     
  0.58065866117473253       0.58066076633934915       0.58066425626889517       0.58067037680272027       0.58094743302172613       0.84091012738249826        14.228519714628630     
  0.58065866117468279       0.58066076633608210       0.58066425576050607       0.58067011016709558       0.58078881764925272       0.72619517038422610        11.631276002834937     
  0.58065866117467935       0.58066076633577535       0.58066425568880575       0.58067005026462526       0.58071741061430648       0.65077680715602626        9.3390313996552408     
  0.58065866117467879       0.58066076633575592       0.58066425568200819       0.58067004053021476       0.58069018618998347       0.61117399337807421        7.3854078082039125     
  0.58075168443181580       0.58075378959294621       0.58075727893884510       0.58076306268324451       0.58077487514271831       0.59383629719307474        5.7811822789313023     
