   3.5620176505674914     
   3.5569524521736349     
   3.5439105715025097     
   3.5233958906245357     
   3.4958245579960061     
   3.4619969125523471     
   3.4229529391104014     
   3.3796999201506450     
   3.3329585592499198     
   3.2832956904544126     
   3.2310581776087646     
   3.1766365918588009     
   3.1200812248932652     
   3.0617598599991145     
   3.0017180999684601     
   2.9401007724876043     
   2.8770538332577651     
   2.8126529585634725     
   2.7470550925481203     
   2.6803301116471809     
   2.6126042181408677     
   2.5439068959332505     
   2.4743105713974813     
   2.4038618198677155     
   2.3325949438052254     
   2.2605089186840863     
   2.1875128350105664     
   2.1135316318216595     
   2.0386686434530068     
   1.9626319194412651     
   1.8851744609137639     
   1.8060042612804821     
   1.7247232615028938     
   1.6408224051270341     
   1.5536049143573689     
   1.4620515089148312     
   1.3651867251218039     
   1.2618444048349502     
   1.1503558451815794     
   1.0281226218895039     
  0.89172312078068283     
  0.73686802296643816     
  0.55792270955641021     
  0.34727150995428518     
   9.3144905626331889E-002
  0.12779771276675611     
  0.16053462870362520     
  0.19130456988469666     
  0.22005825059225118     
  0.24675628600151003     
  0.27135511138261093     
  0.29380298241317115     
  0.31400604155132067     
  0.33187616630670647     
  0.34731677475204592     
  0.36022565980485194     
  0.37055157792781673     
  0.37827905966023911     
  0.38342519813836423     
  0.38606775312936331     
  0.38620760189281728     
  0.38378008682168319     
  0.37874879868914868     
  0.37119428267766252     
  0.36124678876098937     
  0.34905162812403340     
  0.33484280134134803     
  0.31891652943184345     
  0.30158820284278770     
  0.28321258151762940     
  0.26419863419066836     
  0.24502602013248809     
  0.22608288494628656     
  0.20760858521924852     
  0.18983330840340143     
  0.17292112157182779     
  0.15686033685989464     
  0.14134711381219653     
  0.12562660683093330     
  0.10711401368197819     
   8.3461340511085530E-002
