   3.4144098347944962        3.2356944081198051        2.9843326018950891        2.7857283351471969        3.6389053993039755        8.8608125644563991        20.397825403340274     
   3.4255449030477756        3.2489839120240673        2.9968242063673158        2.7873182920488992        3.6090346812634246        8.8224228829478406        20.398804670541232     
   3.4306485446061705        3.2561595341618292        3.0034441511113559        2.7823881089706664        3.5699733715559074        8.7651963284345307        20.357203187000074     
   3.4298732133284338        3.2573262698702057        3.0040153921506447        2.7709045518820012        3.5224873970920214        8.6936553813721300        20.286404704117977     
   3.4233835421421612        3.2525417363155005        2.9984974551601935        2.7529299612203388        3.4673438464259685        8.6094830083721625        20.202983712051854     
   3.4112863930636474        3.2417968440991185        2.9868496500481738        2.7287288048841245        3.4057186609704329        8.5180312302811174        20.121452746754077     
   3.3937004539339481        3.2252058542766928        2.9692665372746405        2.6989011441309727        3.3391419696577174        8.4256186636114094        20.041368543703395     
   3.3708233882472389        3.2030434230423896        2.9462250228601938        2.6642457034904847        3.2691581199425732        8.3361534734662737        19.955945922711532     
   3.3427770115262923        3.1756538031914823        2.9182090639259504        2.6252989248957603        3.1971227487266263        8.2506991395645830        19.862822591015725     
   3.3098180963167034        3.1434526025434280        2.8857063937809770        2.5824868738664963        3.1242690274899156        8.1688793788800638        19.759697085701049     
   3.2723277484231703        3.1068771486669817        2.8491012104960509        2.5361245732795328        3.0515540750902064        8.0886014565334463        19.646992250238174     
   3.2306481789146719        3.0661835287342427        2.8088347245869647        2.4863570414999510        2.9796098265790851        8.0107607439080031        19.525138604794098     
   3.1850960785271485        3.0213816137726521        2.7651801413971504        2.4334787663713473        2.9087848355133175        7.9320323839518014        19.392721625462638     
   3.1359219067519222        2.9730795704179718        2.7183572004809267        2.3777948787074168        2.8391783252759728        7.8545365174094606        19.250442193257271     
   3.0833291227996638        2.9215346010108516        2.6684415163592980        2.3196441073146206        2.7707960863456025        7.7763575198204284        19.098029963665265     
   3.0275289310285145        2.8669435571670192        2.6157234401596212        2.2592917978632672        2.7035493352163331        7.6970620719501559        18.936779857924986     
   2.9682848283171985        2.8094514498287051        2.5603617926974449        2.1970351321976782        2.6372776956005803        7.6171482140231017        18.765953247110769     
   2.9060805679655166        2.7492023720433085        2.5024609749884146        2.1333204204075811        2.5718069761481552        7.5348343497060881        18.588733805147012     
   2.8411116923917712        2.6863805768596642        2.4421543190319634        2.0684713541696000        2.5069746431957149        7.4509268652847709        18.401827605618436     
   2.7734873481648568        2.6210989920421857        2.3795143365131470        2.0028041752020704        2.4426403502504002        7.3646255160528860        18.206421693543529     
   2.7033080849337887        2.5534876075636972        2.3146259858092373        1.9366000293979140        2.3786706739451948        7.2762809464076215        18.002619621552295     
   2.6306449161653465        2.4836505038686334        2.2475666171628630        1.8700162076342330        2.3149653045680298        7.1853853126679530        17.790375077890300     
   2.5555323552007829        2.4116265975513138        2.1784386877284252        1.8031700638387667        2.2514411446176985        7.0921607061216800        17.570726212335440     
   2.4780209630255139        2.3374377474671686        2.1072795823773522        1.7362720627171209        2.1880204701912764        6.9962545434116175        17.343121196152087     
   2.3981624317252876        2.2610782695512301        2.0341871544117214        1.6693845530956239        2.1246284186828679        6.8976593248068694        17.108404348275684     
   2.3159459079463693        2.1824963555179298        1.9592538908091814        1.6025215006364002        2.0611835828140301        6.7963972283844916        16.865487728380359     
   2.2313060915105196        2.1016097164133436        1.8825414978831005        1.5356397454469710        1.9975930121836238        6.6919332057931511        16.610026045393134     
   2.1441323880760348        2.0183328848490580        1.8040712275436341        1.4686321866170684        1.9337366136215857        6.5852106671605553        16.332423000094899     
   2.0542675390004566        1.9325442125247982        1.7237922451206795        1.4013360626893503        1.8694625812853007        6.4754912794099146        16.073731421934745     
   1.9614951158342524        1.8440484857162145        1.6415875371165884        1.3335638846341040        1.8045839055852892        6.3633683080386270        15.807882680233696     
   1.8655243077465109        1.7525746616661666        1.5572245283733173        1.2650555081181822        1.7388666422319656        6.2481986890697803        15.538392092301347     
   1.7659858007120297        1.6577950467423970        1.4703897747264576        1.1953895586381067        1.6720129539123267        6.1307614556184031        15.263795931745433     
   1.6624206410291062        1.5592671213916738        1.3807379178127293        1.1240362635815375        1.6036573988704887        6.0108385188374074        14.986985082490429     
   1.5542708137792725        1.4564304012995668        1.2877838279448661        1.0504045522144057        1.5333232611921681        5.8882626963137499        14.707446201045611     
   1.4408387016264392        1.3485927950015875        1.1908271445252641       0.97351015361823479        1.4604833419648966        5.7633530303378953        14.425429199498117     
   1.3212741034458195        1.2349466874611559        1.0883888137555193       0.89221798810125086        1.3844197947332950        5.6358983424327658        14.142699785605663     
   1.1945512186926195        1.1144576916546496       0.97918558918939491       0.80544870245116362        1.3042284981779264        5.5063773516963863        13.859933148404506     
   1.0593768570459761       0.98569390785435229       0.86184724279847758       0.71199926136203828        1.2188182493434983        5.3744786755399838        13.577442603648715     
  0.91418177149608704       0.84678287303804223       0.73450811606285749       0.60971101027933672        1.1269727099318232        5.2404473549823898        13.296363692907653     
  0.75700350012570783       0.69554687218289324       0.59487879098656482       0.49500533114581602        1.0264902576075321        5.1039893475247338        13.018644114767365     
  0.58523528034155048       0.52914818597728630       0.43939472772214772       0.36361899215831728       0.91423826103172856        4.9651422730612946        12.745405703639900     
  0.39518088590534867       0.34360815616962342       0.26334251174734774       0.21034602346710465       0.78657261346740048        4.8232756492822455        12.479410439955231     
  0.18102003490266649       0.13291119894435363        6.0121452585161772E-002   2.8577353738850050E-002  0.63885011845155515        4.6781418525886664        12.223658917845064     
  -6.7100779990172194E-002 -0.11234807462550385      -0.17945836296633383      -0.19049474727552412       0.46532861524910213        4.5291644610315256        11.981455598370214     
 -0.36686964087772445      -0.40867559577942075      -0.46975729954540479      -0.45979606919287341       0.25651832999403723        4.3765761515197257        11.757061414683310     
 -0.31548860201053247      -0.35702490525307046      -0.41817786805600032      -0.41061914857846926       0.27976172526313736        4.3064981267706113        11.555085633496750     
 -0.26874810572912794      -0.30927930821927285      -0.36946075697203118      -0.36357083146196612       0.30275019293337851        4.2352804801912862        11.351340378753655     
 -0.22653112714502363      -0.26539696342826885      -0.32364675846368313      -0.31869653753170635       0.32538735773153177        4.1628658798056861        11.145751794974263     
 -0.18878372036846156      -0.22532394446867185      -0.28078912557831170      -0.27601694084897843       0.34756689740915708        4.0891811175103827        10.938008773252118     
 -0.15545624634695349      -0.18906168679165203      -0.24095726956566454      -0.23557484906526591       0.36927826354071974        4.0141654296535947        10.728069442404045     
 -0.12645562287163334      -0.15658965087651552      -0.20422451912355877      -0.19742999312419432       0.39050680470894400        3.9377964548822098        10.515919431964670     
 -0.10161324875980218      -0.12777407156739706      -0.17066244389588875      -0.16166355942848129       0.41119363138987403        3.8600654512105339        10.301837234033959     
  -8.0620787586560924E-002 -0.10278705079461019      -0.14032967447560554      -0.12838482223548964       0.43122162363180128        3.7809412443264931        10.085928404718301     
  -6.3117802304794815E-002  -8.1396871107554364E-002 -0.11325682380545254       -9.7736764733909756E-002  0.45042577901735475        3.7003525370382544        9.8683826776348464     
  -4.8713404354741988E-002  -6.3385431301099207E-002  -8.9426938955108073E-002  -6.9871449262770960E-002  0.46855844689243031        3.6183027305263891        9.6493128774614636     
  -3.7004015745952273E-002  -4.8474361158727268E-002  -6.8797938426018598E-002  -4.4909516398558121E-002  0.48528380479945610        3.5346739040182031        9.4290378667051513     
  -2.7602095655709813E-002  -3.6318186659099874E-002  -5.1297437499998731E-002  -2.2909583298660722E-002  0.50027707182446790        3.4495605740591540        9.2079123060990486     
  -2.0151851113852929E-002  -2.6589816011782758E-002  -3.6777417677159564E-002  -3.8861192749671640E-003  0.51321265793997461        3.3630953965600883        8.9862752622125459     
  -1.4337216986643347E-002  -1.8943013439775207E-002  -2.5059781037115158E-002   1.2163181281429703E-002  0.52378687961285286        3.2756184852340198        8.7644490263299737     
  -9.8818678527485080E-003  -1.3050287319439966E-002  -1.5764728680997847E-002   2.5295539784492439E-002  0.53174441639470715        3.1871751087158158        8.5426023793642205     
  -6.5440595840625853E-003  -8.6096131044203234E-003  -8.7497346579975231E-003   3.5508544168112499E-002  0.53682455171283150        3.0978837885605803        8.3211634658329636     
  -4.1153017847717095E-003  -5.3539657660844481E-003  -3.7242069976906526E-003   4.2695261894305343E-002  0.53853588234826588        3.0078604518498935        8.1000563651072124     
  -2.4132581679384597E-003  -3.0473189807448415E-003  -3.3155491551289078E-004   4.6953804279406479E-002  0.53612239260030792        2.9172279260359044        7.8791948051937668     
  -1.2773710804210121E-003  -1.4854245908152235E-003   1.7599748746487480E-003   4.8592731251426928E-002  0.52900794477325119        2.8261460511934970        7.6583854075529265     
  -5.6434250567894870E-004  -4.9493270054030839E-004   2.8642164169857959E-003   4.7967940656191616E-002  0.51676494407801876        2.7348225983125518        7.4373136645986735     
  -1.5442305080145055E-004   7.7494900484253922E-005   3.2631038520667091E-003   4.5429882608723195E-002  0.49907497080506374        2.6434874724177315        7.2154333543358256     
   5.5955795953845743E-005   3.5591896531379091E-004   3.1883050810690493E-003   4.1408195785527450E-002  0.47589418774273290        2.5524472579639035        6.9924375615796857     
   1.4550309374861871E-004   4.4922543886404269E-004   2.8329132267993929E-003   3.6318906032455300E-002  0.44750348656686589        2.4620510987865232        6.7675194019707918     
   1.7094793099752372E-004   4.4086115698072418E-004   2.3396265735355255E-003   3.0571394346238980E-002  0.41433358548763610        2.3726538842496332        6.5397240210111853     
   1.6910027464517020E-004   3.8919469793322926E-004   1.8264034792648634E-003   2.4674345281108921E-002  0.37686970394233410        2.2845949284406548        6.3076472389252487     
   1.5972555003451795E-004   3.3217384058607954E-004   1.3634639274291828E-003   1.9063508141238174E-002  0.33601290898276298        2.1981667625511734        6.0694665138882806     
   1.5158727856610441E-004   2.8689583638287361E-004   9.9498535209817537E-004   1.4095171114818863E-002  0.29314927856734907        2.1135989413317451        5.8226346848108292     
   1.4677043167500759E-004   2.5870012638721737E-004   7.3133409240717169E-004   9.9848803807704705E-003  0.24973236292845596        2.0304653577498359        5.5638589212178893     
   1.4467896386232586E-004   2.4455997574307037E-004   5.6528553753361246E-004   6.8231871397927248E-003  0.20699137186478966        1.9477631826459696        5.2888269125951455     
   1.4411492584935357E-004   2.3932427295865935E-004   4.7485080540729329E-004   4.5586682035649532E-003  0.16638763838990864        1.8645108944578694        4.9918671480322701     
   1.4414219664392203E-004   2.3846459184741328E-004   4.3405795819445895E-004   3.0682710532341116E-003  0.12957373234895983        1.7785486869388301        4.6655637196077500     
   1.4430630898463199E-004   2.3909645923499772E-004   4.2077001689074764E-004   2.1779132074028315E-003   9.8026877655378264E-002   1.6861121376774397        4.3000640239089805     
   1.4444036231948094E-004   2.3990068225141381E-004   4.1924454728176704E-004   1.6972033899173165E-003   7.2629024012221058E-002   1.5814119440442787        3.8826499864067467     
   1.4450745795266227E-004   2.4036209972671765E-004   4.1989185623389567E-004   1.4478852051176183E-003   5.2908457147452209E-002   1.4569709268079276        3.3966449166875985     
   1.4451617060560039E-004   2.4038775771621947E-004   4.1785663539459743E-004   1.2858547125808102E-003   3.7544995797097053E-002   1.2791270811123470        2.8219971152884646     
   1.4448180219235333E-004   2.4009508659320628E-004   4.1228520507384411E-004   1.1194061954092618E-003   2.5179873708780536E-002   1.0184857852461484        2.1327937656957277     
