  0.60779385903477612       0.61680206187993469       0.62990028736185288       0.65652933603932462       0.74702711140306488        1.0544591286355454        2.0754453321313844     
  0.62396959290728138       0.63283813219050611       0.64617148687376402       0.67400767340686529       0.76792271624847497        1.0924420479962484        2.1917677720897215     
  0.64022930198007222       0.64872387679299015       0.66211306715564311       0.69103578633520579       0.78877824630417015        1.1305163412860981        2.3122988454950173     
  0.65652144989193462       0.66455966504702790       0.67787532095389302       0.70782957789707734       0.80892594629775272        1.1686292770652427        2.4377297538659009     
  0.67278579529253657       0.68034880956984767       0.69350037251735119       0.72436200503445669       0.82865516801268813        1.2067904395488145        2.5687060923480103     
  0.68895058694595712       0.69602207009029549       0.70895465969987803       0.74066064799468612       0.84865843361550808        1.2449259560590178        2.7046635880856220     
  0.70494300380475206       0.71151922294266345       0.72417555587235261       0.75663928975020911       0.86828233119465525        1.2831354506410244        2.8458675431727487     
  0.72075864952492752       0.72678052222131007       0.73913710537750876       0.77231547278408852       0.88755527110034493        1.3216283122521482        2.9931131011855392     
  0.73626689364962394       0.74173635436307883       0.75380149673989594       0.78767100049680316       0.90645899387849083        1.3599111172784704        3.1461283510094744     
  0.75137033926095020       0.75634216598130521       0.76814188073621903       0.80269916393085128       0.92503644691189935        1.3988784158432932        3.3058622616831821     
  0.76606021608630903       0.77058535804850425       0.78208889921425118       0.81739542338733295       0.94330213523808359        1.4376973170518499        3.4728247481004577     
  0.78027765779925717       0.78450629667835836       0.79565249189861720       0.83170844486875772       0.96124934004475759        1.4771571475764083        3.6457257336749991     
  0.79399430763385936       0.79786475291996961       0.80882916282678741       0.84561368570243434       0.97891279194839631        1.5163562855677595        3.8255486690724392     
  0.80718399459536072       0.81074212010387781       0.82161719464704486       0.85912223444031888       0.99625326795926761        1.5590732674620027        4.0124791140742841     
  0.81980287429954024       0.82312058475875338       0.83394082728662278       0.87225247081879043        1.0132647568975588        1.5954441427686112        4.2083403392724836     
  0.83197514809635165       0.83498649930899838       0.84581631619510533       0.88496829794800902        1.0299622160983377        1.6403412702880935        4.4122637418398059     
  0.84343424407219003       0.84631803824485796       0.85724286795591453       0.89719083335419114        1.0463369001731917        1.6750340277664577        4.6332559504509376     
  0.85426936212982396       0.85708480047718116       0.86818818054465507       0.90897660487797538        1.0623777944065855        1.7168340600054672        4.8429323434734277     
  0.86448537464806585       0.86729989984020861       0.87864889804934831       0.92031447815502054        1.0780694348159803        1.7556249041100651        5.0710448259567613     
  0.87407296136682711       0.87692709013772729       0.88861336747177511       0.93119279308480007        1.0933899884248699        1.7975103237893566        5.3099914137377935     
  0.88303270033150838       0.88598003350303256       0.89807450591368698       0.94163271219982569        1.1083311251285330        1.8366103211955469        5.5569091264946398     
  0.89136487514274609       0.89445783895816600       0.90701146983136893       0.95162409897626998        1.1228772283564847        1.8784178848201192        5.8153397258907811     
  0.89905465407562146       0.90235849807645874       0.91540242016813578       0.96110639968346001        1.1370126998664807        1.9177737965929615        6.0841138460810127     
  0.90610224937312767       0.90968353290195192       0.92325445663836025       0.97011279600039957        1.1507279400918491        1.9595782298205886        6.3638642508796837     
  0.91252303004796642       0.91643953027795011       0.93056172735259202       0.97863934672630970        1.1640108884945732        1.9991935327312931        6.6548355699779576     
  0.91832966705286578       0.92262290784520073       0.93732212101228107       0.98668113218231335        1.1768575126635885        2.0404792919356725        6.9559823695949579     
  0.92352606144136329       0.92822503912491972       0.94352427085898716       0.99422755600987467        1.1892397427683503        2.0801686399130443        7.2695839214249585     
  0.92811643714901126       0.93324101038807561       0.94916768698988585        1.0012620794287310        1.2011781433558886        2.1219464306742117        7.5945302437613886     
  0.93210682875479867       0.93767748568049603       0.95426155975885740        1.0077805049856980        1.2126067570446228        2.1617496222865213        7.9315166225716593     
  0.93550392328689524       0.94153887680988591       0.95881682152895387        1.0137760268073033        1.2236012088867045        2.2034722150040245        8.2805258194359848     
  0.93830365580159136       0.94481399597161408       0.96281414377525820        1.0192360667689180        1.2340346320591733        2.2435888292774031        8.6416712502286863     
  0.94050234594908311       0.94750463988739952       0.96621025972343533        1.0241274967297345        1.2439983224134681        2.2864438690029836        9.0143327491434775     
  0.94208735083831407       0.94960024194560588       0.96899471351049449        1.0284325538901007        1.2533895110530060        2.3244881825674657        9.3999238307561299     
  0.94304695422122697       0.95107138261603985       0.97116528598307938        1.0321139512160995        1.2621359542653654        2.3660150550993682        9.7971572921600121     
  0.94335462864870512       0.95188579509560589       0.97267586857461863        1.0351354441072791        1.2702968625210278        2.4038114437195546        10.207979201242768     
  0.94297328542791303       0.95202109426158588       0.97351960854080277        1.0374493956123427        1.2778937951979870        2.4459473197294312        10.629615883502948     
  0.94186432626328609       0.95141190640520568       0.97360747029593564        1.0390333395364020        1.2848029894891995        2.4826244311018559        11.061334599628225     
  0.93995376251384222       0.94999573348663624       0.97292128451152227        1.0398276550185779        1.2910514892091463        2.5235560171647022        11.505011013145005     
  0.93714741984955063       0.94767503896790251       0.97133975358888891        1.0397600912696547        1.2965580597516839        2.5595377230694929        11.958320378481524     
  0.93331636833985021       0.94432019815199308       0.96875829301011440        1.0387057051573436        1.3011311310168761        2.5993841095007828        12.418624661259528     
  0.92828981021980284       0.93974694177474205       0.96497146570765147        1.0365690400821319        1.3048148483687203        2.6335092777995119        12.887223546535269     
  0.92176188374852919       0.93376381679524012       0.95986393388662827        1.0332300664481722        1.3075475622606241        2.6744452428864713        13.363984417371029     
  0.91342764558425871       0.92598933502515679       0.95320797142624958        1.0285719522466952        1.3092232270500261        2.7088904514036201        13.848876205235463     
  0.90262361156752646       0.91602010319465188       0.94468876660292478        1.0223806184141608        1.3098227787760666        2.7537152216518703        14.339855019709480     
  0.65622239950320649       0.66939427958036368       0.69747809182685583       0.77623776047425819        1.0940752999978707        2.6770992453145812        14.827016382198606     
  0.64279445740372443       0.65713660153738462       0.68741665221749715       0.76974522000956103        1.0945069183743006        2.7156413710671639        15.307777086863705     
  0.62970795196617058       0.64511420186102930       0.67730274662520074       0.76291024254346940        1.0942852624989701        2.7528600621657788        15.791992768221748     
  0.61706319442961088       0.63336098518164896       0.66718183329099101       0.75578447330172993        1.0933754838367100        2.7885985215806794        16.279756747139501     
  0.60495010377894287       0.62192130734398354       0.65710428283750399       0.74841066861008720        1.0917868440839051        2.8228292390125826        16.767602304464251     
  0.59358623876925976       0.61087645789376432       0.64713903725703936       0.74084847564817280        1.0895575971404683        2.8556096225817220        17.255204888553443     
  0.58309229245043748       0.60031078576551822       0.63734726052587520       0.73313685303973564        1.0867246434023408        2.8869106885484972        17.744442786287831     
  0.57345833165530880       0.59038461838750356       0.62771716412904932       0.72523697465744086        1.0832241370244444        2.9164355148789558        18.231543617353172     
  0.56462381076721657       0.58100238923986836       0.61823429775023364       0.71710555303750945        1.0789689488122998        2.9438040130098524        18.714322338736910     
  0.55650572248110208       0.57220421878905470       0.60890951907309521       0.70873005581766568        1.0739187585271195        2.9687652361136636        19.190472598736051     
  0.54904333282997519       0.56399231954698703       0.59979229184737770       0.70010716085634961        1.0680432465118879        2.9910733748625264        19.658588019914557     
  0.54221274568531319       0.55634254142403405       0.59089572634232235       0.69120793103616418        1.0612504230540083        3.0103599751030914        20.113745077478843     
  0.53602290464485991       0.54923069506760835       0.58221859586526881       0.68197908711682731        1.0533996391346325        3.0260855005141774        20.552744724535710     
  0.53050667850993216       0.54264697338862156       0.57381086410844140       0.67236357476509512        1.0443428648980106        3.0376797672336133        20.970504858043626     
  0.52570669807745718       0.53660821296815353       0.56568542128134569       0.66230757158143327        1.0339203911945993        3.0444810552275765        21.360693613290806     
  0.52165243928745597       0.53115533724442998       0.55792154716481612       0.65176706345089241        1.0220054341399951        3.0457973258227149        21.717828580404792     
  0.51833532992073028       0.52634348948399656       0.55052943931963361       0.64072674026327658        1.0085140409098561        3.0410076611064798        22.034831406115710     
  0.51570047242028239       0.52221038584874746       0.54356326743000649       0.62917934708409873       0.99332190687921895        3.0292685410711249        22.303043731024211     
  0.51366865995266398       0.51877067206541772       0.53711103519534331       0.61715591919191393       0.97623788708569037        3.0100057572195880        22.510911934319946     
  0.51214476615137416       0.51600564028906548       0.53126594315249542       0.60483066612715441       0.95714535611180829        2.9825156951906422        22.658093476171711     
  0.51103636536189745       0.51385811416366423       0.52611998009854144       0.59239111899586694       0.93598068604864804        2.9462104036661834        22.734546119051650     
  0.51025920638263311       0.51224902102290759       0.52174817404174367       0.58003476692498268       0.91270838177843838        2.9006003620423870        22.732900908010574     
  0.50974080936659072       0.51108638158643904       0.51817153496545654       0.56813338382782341       0.88729424541914259        2.8451430604964654        22.646431183102713     
  0.50941616684577240       0.51028136591120454       0.51536384366273658       0.55695258722420604       0.85974935067793834        2.7794115409307931        22.466684689559258     
  0.50922833051886363       0.50975372751735049       0.51325499801894059       0.54673761378552821       0.83011092700356182        2.7030177831218349        22.186304526696972     
  0.50912947959406518       0.50942931948549475       0.51174148666709773       0.53773109913662298       0.79850541015513710        2.6157918062382923        21.800041850173741     
  0.50908256978932453       0.50924534930018073       0.51070973083342996       0.53011302010543671       0.76524233349682802        2.5177943908358951        21.303334268439556     
  0.50906241255400531       0.50914930880182085       0.51004376675091889       0.52395440401422932       0.73081355850146268        2.4093135907632894        20.694503179395912     
  0.50905436721213282       0.50910267285870092       0.50963904171023866       0.51923274641354356       0.69602120131224376        2.2909954986443331        19.973905393076386     
  0.50905107739720157       0.50908068178228449       0.50940596076360434       0.51580262335224136       0.66192611029240200        2.1636465661281692        19.144670366179810     
  0.50904948274668771       0.50906961571414189       0.50927568933430223       0.51344188832468585       0.62977676201716815        2.0285850810851258        18.213421884179692     
  0.50904850204152918       0.50906311410906091       0.50920128165130540       0.51189596128956083       0.60079450599744877        1.8874040278536586        17.189160145262587     
  0.50904781340093319       0.50905868646808794       0.50915531700674221       0.51091972702725652       0.57604990072605455        1.7425873230721529        16.092151211235546     
  0.50904731897294853       0.50905547341238688       0.50912402048486127       0.51030861551193607       0.55614733744473599        1.5969652562954373        14.945702685332993     
  0.50904697368601481       0.50905314405738145       0.50910140077934607       0.50991539039438460       0.54108893697464922        1.4535148773473083        13.773029115497881     
  0.50904674405106620       0.50905151531880422       0.50908494959294948       0.50965023249913810       0.53041273869505612        1.3157935623893977        12.608152804190155     
  0.50913962268032309       0.50914345131651229       0.50916631813943258       0.50955652857678024       0.52334456654010653        1.1882787124747145        11.489363850704374     
