   1.1277234346659712E-004   1.0655666542114456E-003   4.1687228104967328E-003   6.5604178601869571E-003   4.1687228104967198E-003   1.0655666542114452E-003   1.1277234346659609E-004
   1.1267232542393097E-004   1.0646216007718463E-003   4.1650255609486054E-003   6.5545994109708046E-003   4.1650255609485872E-003   1.0646216007718472E-003   1.1267232542393046E-004
   1.1256830665955843E-004   1.0636387451946716E-003   4.1611804214185368E-003   6.5485482237860153E-003   4.1611804214185498E-003   1.0636387451946690E-003   1.1256830665955808E-004
   1.1246028717347993E-004   1.0626180874799083E-003   4.1571873919065746E-003   6.5422642986325899E-003   4.1571873919065659E-003   1.0626180874799044E-003   1.1246028717347848E-004
   1.1235169615572785E-004   1.0615920294597778E-003   4.1531732352543130E-003   6.5359471251979044E-003   4.1531732352543104E-003   1.0615920294597759E-003   1.1235169615572703E-004
   1.1224424820132124E-004   1.0605767720503821E-003   4.1492013328826363E-003   6.5296964483257331E-003   4.1492013328826493E-003   1.0605767720503849E-003   1.1224424820132054E-004
   1.1213737177858710E-004   1.0595669149463603E-003   4.1452505576512087E-003   6.5234790197347499E-003   4.1452505576512139E-003   1.0595669149463598E-003   1.1213737177858623E-004
   1.1203106688752485E-004   1.0585624581477084E-003   4.1413209095600761E-003   6.5172948394250111E-003   4.1413209095600787E-003   1.0585624581477041E-003   1.1203106688752439E-004
   1.1192304740144616E-004   1.0575418004329443E-003   4.1373278800480974E-003   6.5110109142715962E-003   4.1373278800481009E-003   1.0575418004329436E-003   1.1192304740144496E-004
   1.1181102719366049E-004   1.0564833405805987E-003   4.1331869605542105E-003   6.5044942511495287E-003   4.1331869605541983E-003   1.0564833405805950E-003   1.1181102719365979E-004
   1.1169386320082270E-004   1.0553762779799316E-003   4.1288558967978407E-003   6.4976783534963101E-003   4.1288558967978398E-003   1.0553762779799292E-003   1.1169386320082231E-004
   1.1156926929624474E-004   1.0541990114094632E-003   4.1242501802178861E-003   6.4904302281870519E-003   4.1242501802178965E-003   1.0541990114094654E-003   1.1156926929624404E-004
   1.1143838854327080E-004   1.0529623414799391E-003   4.1194120650949219E-003   6.4828163717842030E-003   4.1194120650948985E-003   1.0529623414799387E-003   1.1143838854326988E-004
   1.1129950634688340E-004   1.0516500672752482E-003   4.1142781700081151E-003   6.4747370394441046E-003   4.1142781700081238E-003   1.0516500672752449E-003   1.1129950634688228E-004
   1.1115262270708243E-004   1.0502621887953862E-003   4.1088484949574284E-003   6.4661922311666830E-003   4.1088484949574396E-003   1.0502621887953803E-003   1.1115262270708163E-004
   1.1099773762386884E-004   1.0487987060403526E-003   4.1031230399429103E-003   6.4571819469519754E-003   4.1031230399429302E-003   1.0487987060403556E-003   1.1099773762386763E-004
   1.1083370803389666E-004   1.0472488183994218E-003   4.0970595506840055E-003   6.4476396902374555E-003   4.0970595506840089E-003   1.0472488183994190E-003   1.1083370803389603E-004
   1.1065939087382193E-004   1.0456017252618403E-003   4.0906157729001368E-003   6.4374989644607654E-003   4.0906157729001360E-003   1.0456017252618406E-003   1.1065939087382131E-004
   1.1047364308029969E-004   1.0438466260168804E-003   4.0837494523107906E-003   6.4266932730593440E-003   4.0837494523108002E-003   1.0438466260168809E-003   1.1047364308029882E-004
   1.1027417852664112E-004   1.0419619194430622E-003   4.0763760803548162E-003   6.4150896229083106E-003   4.0763760803548075E-003   1.0419619194430637E-003   1.1027417852663969E-004
   1.1006042568117195E-004   1.0399422052350137E-003   4.0684745298919800E-003   6.4026547657263606E-003   4.0684745298919653E-003   1.0399422052350153E-003   1.1006042568117087E-004
   1.0983066994887666E-004   1.0377712824766346E-003   4.0599814195014308E-003   6.3892889566698457E-003   4.0599814195014083E-003   1.0377712824766339E-003   1.0983066994887552E-004
   1.0958319673473823E-004   1.0354329502518095E-003   4.0508333677623564E-003   6.3748924508950497E-003   4.0508333677623520E-003   1.0354329502518052E-003   1.0958319673473692E-004
   1.0931743450708275E-004   1.0329218082551707E-003   4.0410092475344972E-003   6.3594320001207115E-003   4.0410092475345024E-003   1.0329218082551718E-003   1.0931743450708187E-004
   1.0903338326591188E-004   1.0302378564867199E-003   4.0305090588178384E-003   6.3429076043468816E-003   4.0305090588178367E-003   1.0302378564867227E-003   1.0903338326591054E-004
   1.0872989994788018E-004   1.0273702943357226E-003   4.0192905473318318E-003   6.3252527670110310E-003   4.0192905473318188E-003   1.0273702943357254E-003   1.0872989994787879E-004
   1.0840412689462527E-004   1.0242921202753318E-003   4.0072480773750930E-003   6.3063012467070093E-003   4.0072480773750974E-003   1.0242921202753283E-003   1.0840412689462446E-004
   1.0805377797945904E-004   1.0209817330840661E-003   3.9942971403865348E-003   6.2859200503098912E-003   3.9942971403865218E-003   1.0209817330840676E-003   1.0805377797945781E-004
   1.0767771013903521E-004   1.0174283321511908E-003   3.9803954820856061E-003   6.2640426812571939E-003   3.9803954820855966E-003   1.0174283321511923E-003   1.0767771013903423E-004
   1.0727592337335456E-004   1.0136319174767071E-003   3.9655431024722939E-003   6.2406691395489192E-003   3.9655431024722921E-003   1.0136319174767049E-003   1.0727592337335384E-004
   1.0684441696071031E-004   1.0095546869230284E-003   3.9495921115646898E-003   6.2155666872164101E-003   3.9495921115646829E-003   1.0095546869230262E-003   1.0684441696070972E-004
   1.0638090477441325E-004   1.0051750392686741E-003   3.9324580008016814E-003   6.1886023311347443E-003   3.9324580008016892E-003   1.0051750392686763E-003   1.0638090477441263E-004
   1.0588081456108392E-004   1.0004497720707088E-003   3.9139717530610931E-003   6.1595100850540237E-003   3.9139717530610801E-003   1.0004497720707075E-003   1.0588081456108321E-004
   1.0534071713068840E-004   9.9534648349689793E-004   3.8940066055012370E-003   6.1280904592868378E-003   3.8940066055012284E-003   9.9534648349690075E-004   1.0534071713068791E-004
   1.0475604022984770E-004   9.8982197110429669E-004   3.8723935409999462E-003   6.0940774675833113E-003   3.8723935409999441E-003   9.8982197110429582E-004   1.0475604022984673E-004
   1.0412221160518234E-004   9.8383303244995476E-004   3.8489635424349949E-003   6.0572051236935810E-003   3.8489635424350066E-003   9.8383303244995650E-004   1.0412221160518145E-004
   1.0343351593996894E-004   9.7732566448017447E-004   3.8235053384036437E-003   6.0171409448052902E-003   3.8235053384036515E-003   9.7732566448017555E-004   1.0343351593996801E-004
   1.0268423791748394E-004   9.7024586414126994E-004   3.7958076575031622E-003   5.9735524481060601E-003   3.7958076575031695E-003   9.7024586414127460E-004   1.0268423791748268E-004
   1.0186866222100279E-004   9.6253962837955119E-004   3.7656592283307768E-003   5.9261071507835626E-003   3.7656592283307690E-003   9.6253962837955032E-004   1.0186866222100230E-004
   1.0098335966049185E-004   9.5417455536279982E-004   3.7329332880448379E-003   5.8746055631503759E-003   3.7329332880448474E-003   9.5417455536279960E-004   1.0098335966049079E-004
   1.0002318645089976E-004   9.4510204234269052E-004   3.6974396923828939E-003   5.8187484506753871E-003   3.6974396923828770E-003   9.4510204234269193E-004   1.0002318645089873E-004
   9.8981855743830336E-005   9.3526268596017133E-004   3.6589460428018816E-003   5.7581700822650099E-003   3.6589460428018677E-003   9.3526268596017155E-004   9.8981855743829225E-005
   9.7854223754232091E-005   9.2460788346691923E-004   3.6172621950393545E-003   5.6925712233881279E-003   3.6172621950393540E-003   9.2460788346691814E-004   9.7854223754230885E-005
   9.6625430658622767E-005   9.1299722692332857E-004   3.5718388434481676E-003   5.6210874187326400E-003   3.5718388434481676E-003   9.1299722692333020E-004   9.6625430658622185E-005
   9.5282331228538575E-005   9.0030650930591908E-004   3.5221900638019756E-003   5.5429539578301431E-003   3.5221900638019868E-003   9.0030650930592049E-004   9.5282331228537708E-005
   9.3815209425548716E-005   8.8644392542341205E-004   3.4679566947161239E-003   5.4576056198996237E-003   3.4679566947161239E-003   8.8644392542341108E-004   9.3815209425547917E-005
   9.2212634616205768E-005   8.7130146916842405E-004   3.4087161933851061E-003   5.3643774393163611E-003   3.4087161933850983E-003   8.7130146916843056E-004   9.2212634616204833E-005
   9.0475749863854282E-005   8.5488994115169603E-004   3.3445108140894540E-003   5.2633359126428763E-003   3.3445108140894601E-003   8.5488994115169819E-004   9.0475749863853130E-005
   8.8614842738596601E-005   8.3730654686987481E-004   3.2757208453541367E-003   5.1550795089413430E-003   3.2757208453541332E-003   8.3730654686987578E-004   8.8614842738596276E-005
   8.6646487658933210E-005   8.1870789517865495E-004   3.2029589742471249E-003   5.0405724283676349E-003   3.2029589742471189E-003   8.1870789517865593E-004   8.6646487658932235E-005
   8.4580972194965313E-005   7.9919119157469240E-004   3.1266054892933820E-003   4.9204131399839448E-003   3.1266054892933734E-003   7.9919119157469045E-004   8.4580972194964540E-005
   8.2408580308262965E-005   7.7866463086670207E-004   3.0463012291082003E-003   4.7940364230092819E-003   3.0463012291081868E-003   7.7866463086670142E-004   8.2408580308262233E-005
   8.0117309833706697E-005   7.5701480664193410E-004   2.9616025237458208E-003   4.6607440635377259E-003   2.9616025237458330E-003   7.5701480664193573E-004   8.0117309833705654E-005
   7.7705446176278651E-005   7.3422551798428873E-004   2.8724459917854402E-003   4.5204363167255625E-003   2.8724459917854324E-003   7.3422551798428873E-004   7.7705446176277879E-005
   7.5174703930996225E-005   7.1031296580986703E-004   2.7788950146478511E-003   4.3732129274165069E-003   2.7788950146478554E-003   7.1031296580986811E-004   7.5174703930995981E-005
   7.2520510844481290E-005   6.8523394767571583E-004   2.6807805752108809E-003   4.2188079093606638E-003   2.6807805752108753E-003   6.8523394767571735E-004   7.2520510844480558E-005
   6.9733722409974266E-005   6.5890205869593695E-004   2.5777646392301031E-003   4.0566892900582591E-003   2.5777646392301018E-003   6.5890205869593250E-004   6.9733722409973426E-005
   6.6805194120718315E-005   6.3123089398461180E-004   2.4695091724611373E-003   3.8863250970095340E-003   2.4695091724611326E-003   6.3123089398460877E-004   6.6805194120717583E-005
   6.3729210659989221E-005   6.0216645048805691E-004   2.3558029035012232E-003   3.7073828474021983E-003   2.3558029035012297E-003   6.0216645048805615E-004   6.3729210659988747E-005
   6.0502914369425117E-005   5.7168172667942680E-004   2.2365401966490017E-003   3.5196962998299886E-003   2.2365401966490004E-003   5.7168172667942756E-004   6.0502914369424656E-005
   5.7128591375715520E-005   5.3979832378019804E-004   2.1118055604655594E-003   3.3233984474178983E-003   2.1118055604655494E-003   5.3979832378019718E-004   5.7128591375714978E-005
   5.3613100058929149E-005   5.0658104545479898E-004   1.9818525206341934E-003   3.1188882695407289E-003   1.9818525206341839E-003   5.0658104545479919E-004   5.3613100058928614E-005
   4.9971300242547397E-005   4.7217029964282526E-004   1.8472303828020594E-003   2.9070302215106147E-003   1.8472303828020525E-003   4.7217029964282363E-004   4.9971300242546902E-005
   4.6226624725137962E-005   4.3678749886441094E-004   1.7088053597204330E-003   2.6891874828581697E-003   1.7088053597204302E-003   4.3678749886441099E-004   4.6226624725137738E-005
   4.2409936217009259E-005   4.0072425960949100E-004   1.5677183169641540E-003   2.4671554607701091E-003   1.5677183169641557E-003   4.0072425960949019E-004   4.2409936217008798E-005
   3.8556669681848273E-005   3.6431540081094469E-004   1.4252791372302829E-003   2.2429955486830025E-003   1.4252791372302781E-003   3.6431540081094583E-004   3.8556669681847982E-005
   3.4703974678359801E-005   3.2791194231777038E-004   1.2828610846366852E-003   2.0188688848771230E-003   1.2828610846366854E-003   3.2791194231776951E-004   3.4703974678359645E-005
   3.0893001486954837E-005   2.9190270611654048E-004   1.1419853132831593E-003   1.7971693456014070E-003   1.1419853132831558E-003   2.9190270611653978E-004   3.0893001486954613E-005
   2.7166614983061583E-005   2.5669271510993930E-004   1.0042363586903289E-003   1.5803905519484840E-003   1.0042363586903265E-003   2.5669271510993816E-004   2.7166614983061275E-005
   2.3570537700470073E-005   2.2271399372749391E-004   8.7130439208019420E-004   1.3711923664171727E-003   8.7130439208019073E-004   2.2271399372749412E-004   2.3570537700469791E-005
   2.0151635236315109E-005   1.9040936700947430E-004   7.4492183895530069E-004   1.1723011480687441E-003   7.4492183895530036E-004   1.9040936700947365E-004   2.0151635236315048E-005
   1.6953343997697473E-005   1.6018925816393021E-004   6.2669436197654847E-004   9.8624376627706864E-004   6.2669436197654706E-004   1.6018925816393078E-004   1.6953343997697344E-005
   1.4015099670011052E-005   1.3242628826133288E-004   5.1807973382290767E-004   8.1531435244736809E-004   5.1807973382290615E-004   1.3242628826133223E-004   1.4015099670010972E-005
   1.1367764963564115E-005   1.0741207379161206E-004   4.2021882006922957E-004   6.6130831376634037E-004   4.2021882006922838E-004   1.0741207379161172E-004   1.1367764963564059E-005
   9.0330580819070679E-006   8.5351826358794926E-005   3.3391445204596066E-004   5.2548908492091554E-004   3.3391445204596028E-004   8.5351826358794492E-005   9.0330580819069544E-006
   7.0206950634701888E-006   6.6337351154155801E-005   2.5952579113777766E-004   4.0842188669209243E-004   2.5952579113777772E-004   6.6337351154155936E-005   7.0206950634701092E-006
   5.3329620349430193E-006   5.0390249399171905E-005   1.9713734590578078E-004   3.1023971220481164E-004   1.9713734590578053E-004   5.0390249399171816E-005   5.3329620349430134E-006
   3.9572852995333262E-006   3.7391714375722607E-005   1.4628431926391863E-004   2.3021109927190211E-004   1.4628431926391833E-004   3.7391714375722350E-005   3.9572852995333050E-006
   2.8668028686394036E-006   2.7087931731459252E-005   1.0597373561926865E-004   1.6677337867531278E-004   1.0597373561926847E-004   2.7087931731459249E-005   2.8668028686393782E-006
   2.0289374369357808E-006   1.9171084060342996E-005   7.5001347976156837E-005   1.1803139838464081E-004   7.5001347976156999E-005   1.9171084060342952E-005   2.0289374369357618E-006
   1.4025387240113839E-006   1.3252349375797635E-005   5.1846002234785780E-005   8.1591282150960309E-005   5.1846002234785780E-005   1.3252349375797632E-005   1.4025387240113720E-006
