  0.98172031588355568       0.96144794755671004       0.93813316650463097       0.90285859629985210       0.91543633307000483       0.99933508209598909        1.0000000000000000     
  0.98358093448678341       0.96543603818464030       0.94187984262284319       0.90532645923390609       0.91591933295594075       0.99935031190558410       0.99999999999999833     
  0.98525747581648460       0.96889963345493901       0.94534050691219329       0.90689531976341053       0.91630389645637156       0.99937157730474047       0.99999999999999878     
  0.98675969124287088       0.97156056350837650       0.94843703581769434       0.90857461931276151       0.91657092417985186       0.99941767372635359       0.99999999999999978     
  0.98802613478162005       0.97348053316687688       0.95127968583609102       0.91012015355466835       0.91728115696237089       0.99943244510971196       0.99999999999999800     
  0.98921120022388032       0.97565964999602683       0.95379158227011074       0.91145743729490736       0.91819132951891691       0.99947408973185858       0.99999999999999944     
  0.99025964723443383       0.97757661836074849       0.95598813179416753       0.91243727656169449       0.91828427940232937       0.99962506351614278        1.0000000000000000     
  0.99110428482759927       0.97923665347186173       0.95764438717269740       0.91278707107467683       0.91823846434816037       0.99962832651711986       0.99999999999999911     
  0.99177864113525971       0.98038729178850093       0.95866156220113630       0.91219664533193245       0.92612135295095499       0.99963166514451895        1.0000000000000004     
  0.99216526252263304       0.98010807613395690       0.95652157130512871       0.91132312767446610       0.92568849196946434       0.99967856517290465       0.99999999999999889     
  0.99067895466661104       0.97974757253512623       0.95392485614748102       0.90990538676458999       0.92514264678891966       0.99968610610543995        1.0000000000000009     
  0.98996114624520182       0.97941909735121579       0.95310624186837944       0.90793068480973182       0.92445798422411651       0.99968625461700134        1.0000000000000002     
  0.98948700075749629       0.97802103966156995       0.95178851256272401       0.90344084296553218       0.92368059552898252       0.99968723462036790        1.0000000000000004     
  0.98609181119894662       0.97696497608977539       0.95025863445572267       0.89369611339433930       0.92260030113194491       0.99968447187917819       0.99999999999999956     
  0.98465305656123869       0.97475982162975927       0.94320005231370641       0.88987057041309414       0.92134377708991355       0.99968642248361972       0.99999018993095090     
  0.98319881101205808       0.96926693122163265       0.94012317071192542       0.88510249751529757       0.92033007437953351       0.99968481435985479       0.99999999999999856     
  0.98045975055700152       0.96640942143440201       0.93643342241791694       0.87979800754078608       0.91847744741241466       0.99968467143087947       0.99999999999999600     
  0.97812754621268616       0.96412285554603205       0.93258754270883004       0.87334184668136949       0.92021967609655864       0.99971074137965643       0.99999999999999967     
  0.97396283481866985       0.96169525397217881       0.92880111794703546       0.86615641003479182       0.91805567275246835       0.99971170711769042       0.99999999999999789     
  0.96917281834870306       0.95385886859093383       0.92417873760019187       0.85832125300467277       0.91558209469698382       0.99974179045269007        1.0000000000000020     
  0.96650989528729891       0.95070671082898273       0.91940150793091924       0.85000371358046012       0.91536225856086595       0.99974036892867157       0.99999999999999956     
  0.96206284181234969       0.94727282117387179       0.90786286683090689       0.84139028625236822       0.91235650144340352       0.99974156685179105        1.0000000000000016     
  0.95728404501496356       0.94340045103850256       0.89899041101274546       0.83195032776955269       0.90913089573343031       0.99974109681767875       0.99999999999999967     
  0.95420597642500404       0.93711627150759991       0.89222262070994596       0.82327600108124344       0.90565885326783213       0.99973969782956162       0.99999999999999833     
  0.95001990540155645       0.92788796328497491       0.86613340086139778       0.81474535309809615       0.89862515959847544       0.99984477619303680       0.99999999999999778     
  0.94162248925680181       0.92255427362310471       0.85842628854215297       0.80548478629088471       0.89638678923109061       0.99984556410105507       0.99999999999999878     
  0.93764361500602822       0.90164331054819002       0.84842283706105481       0.79776550977497218       0.89080678119364864       0.99985961219341191       0.99999999999999967     
  0.91991669443254098       0.89407156832095125       0.84213223357436584       0.78857154495620174       0.88655189789511346       0.99987037319636896       0.99999999999999833     
  0.91485264094520646       0.88213878135419899       0.83630319614152282       0.78184209602991028       0.88231523210472873       0.99987363300441023       0.99999999999999845     
  0.90588406093956531       0.87697598896100892       0.81985592580006639       0.77566859294697477       0.87799742870512199       0.99987995090639015        1.0000000000000004     
  0.90118623952442056       0.86379846892352941       0.81428237853925101       0.75695915689673743       0.87404590722948250       0.99988169660353443       0.99999999999999978     
  0.88868793142392599       0.85893049469576566       0.80275831402919473       0.74808563939369066       0.87037615938537416       0.99988713470899349        1.0000000000000000     
  0.88453037818886737       0.85462161710837325       0.79972781647020497       0.74389950561669849       0.86518916103252486       0.99989053864818411        1.0000000000000000     
  0.87918289274263073       0.84809352350078582       0.79108472522102069       0.74108320398215344       0.86233266498485261       0.99989264406369638        1.0000000000000000     
  0.85616243171898720       0.82632043702434443       0.78687012857780370       0.73878333363235649       0.83984534390695886       0.99992180412225862       0.99999999999999900     
  0.82721414966374385       0.80921255754710841       0.76821106256509963       0.69978151855473392       0.82525373916226152       0.99992396129097871       0.99999999999999867     
  0.82838763856950737       0.79421967186279951       0.76209942994635371       0.67684069461450924       0.81893663668674754       0.99992621356419564        1.0000000000000009     
  0.82354309492778399       0.79111655352529386       0.73925214836557285       0.67230016699757411       0.80931628504202779       0.99992897529308833       0.99999999999999845     
  0.79952507948657559       0.76895939393031443       0.73505694748593664       0.67480718874380019       0.81006332415246296       0.99993145810287909        1.0000000000000011     
  0.80271337248226615       0.77126788961304593       0.73413116612362184       0.65454902826423589       0.80513567216877191       0.99993453989987136       0.99999999999999911     
  0.78062759130978365       0.75629358372359468       0.70746605182495048       0.62590683154100502       0.76436840637252712       0.99993731656718310       0.99999999999999922     
  0.75859662386262372       0.74712147710857735       0.69825586705982123       0.61529719774401981       0.73326046226821706       0.99995851679451009       0.99999999999999811     
  0.74585635440352926       0.72558158238154602       0.68330221414829329       0.56835989898333827       0.74017698290467826       0.99996098248216914        1.0000000000000002     
  0.71571860104627794       0.70805440884914950       0.64907778694814422       0.56183420100701387       0.67174019029546450       0.99996353414134409       0.99999999999999989     
  0.69291124912319446       0.65806443069834308       0.64991506213980654       0.50296465331371376       0.54757630811108982       0.99996616528016258       0.99999999999999789     
  0.72024841506367432       0.68346246388284748       0.67091035475425631       0.51927044557984148       0.55517132100749755       0.99996872799052083        1.0000000000000016     
  0.74699051261088623       0.70876935865607982       0.69230016967488350       0.53632400963965854       0.56368690718684134       0.99997134118403919       0.99999999999999833     
  0.77349374057763765       0.73387860563669094       0.71396372188365542       0.55412060063089563       0.57315916561681124       0.99997402395679025       0.99999999999999900     
  0.79980858249632547       0.75893951237658175       0.73586184452025394       0.57267049268900727       0.58362809829808393       0.99998500212482855       0.99999999999999767     
  0.82548109565017769       0.78388996049882431       0.75791187104161695       0.59197344209153258       0.59512518457458830       0.99998681531235956        1.0000000000000000     
  0.84997973643810121       0.80847547790269336       0.77998453289514380       0.61204461766856644       0.60775876482789715       0.99998856567012218        1.0000000000000011     
  0.87284140534136023       0.83234571698844317       0.80190267575332774       0.63290038475040611       0.64458900397335084       0.99999023444146184        1.0000000000000011     
  0.89370311685717474       0.85513016039500844       0.82344911613595528       0.65454116288044895       0.72445546065202193       0.99999180231251239        1.0000000000000016     
  0.91233239487442352       0.87649321877662256       0.84438982874488955       0.67695194718346141       0.73886650983817737       0.99999597601779067       0.99999999999999967     
  0.92863082410927533       0.89614955517198081       0.86447474239718658       0.70007181061996904       0.75404276974515116       0.99999680898515053       0.99999999999999933     
  0.94264478309739530       0.91390573959678312       0.88347168526952602       0.72381449980708434       0.76992290945999087       0.99999753555300841       0.99999999999999867     
  0.95452512513169840       0.92966220146077583       0.90091934587730738       0.74805060930290845       0.78642375998482428       0.99999815346197862        1.0000000000000020     
  0.96448147703475495       0.94340878751828550       0.91682656867848555       0.77259898896779611       0.80343412988456353       0.99999866370186674        1.0000000000000013     
  0.97274181582531472       0.95521404148368605       0.93093233857743729       0.79723056537976567       0.82081573640247607       0.99999907116960840       0.99999999999999833     
  0.97951719230499501       0.96519646248206470       0.93957411724996676       0.82164831345269851       0.83839242059477936       0.99999968145495721       0.99999999999999889     
  0.98499571047769641       0.97350976774793740       0.95157972197840435       0.84551577420123258       0.85594981180429941       0.99999980609364691       0.99999999999999822     
  0.98934184810706416       0.98031899069713813       0.96053285814501377       0.86846704840375799       0.87256052676430451       0.99999989005769097       0.99999999999999922     
  0.99270115772893819       0.98578860774412314       0.96803690842729440       0.89012730598422896       0.89012431178538221       0.99999994284794302       0.99999999999999933     
  0.99520907864285246       0.99007883448532152       0.97593662656976443       0.91014500834602563       0.90621866053102806       0.99999997336365609        1.0000000000000007     
  0.99701013969844687       0.99333921544413528       0.98050884231785562       0.92821161532337504       0.92131857466480549       0.99999998923967537       0.99999999999999922     
  0.99823163705798135       0.99573144370273636       0.98559491975382929       0.94409940827644778       0.93519636850207233       0.99999999856778166        1.0000000000000004     
  0.99902050577058810       0.99739684767741854       0.98999104290800144       0.95767881940207578       0.94766807544055465       0.99999999958743446       0.99999999999999800     
  0.99949499954274501       0.99850243201534605       0.99335841007797077       0.96892574845546520       0.95870375854724077       0.99999999989994770        1.0000000000000007     
  0.99975856804469809       0.99919154196118531       0.99580357402697495       0.97792331628212992       0.97010046329394239       0.99999999997992373       0.99999999999999956     
  0.99989358148704000       0.99958830440037905       0.99748283249987824       0.98484218919047983       0.98044285816316679       0.99999999999687306       0.99999999999999800     
  0.99995606719238272       0.99980100375638903       0.99855387100758530       0.98993758561490341       0.98607027537363501       0.99999999999965505        1.0000000000000033     
  0.99998253919653457       0.99990517382246924       0.99919338501816546       0.99350146531389860       0.99035651935782310       0.99999999999997391        1.0000000000000031     
  0.99999278589964968       0.99995335386761630       0.99954891717285765       0.99589101970209049       0.99362794200928051       0.99999999999999656        1.0000000000000016     
  0.99999666047955138       0.99997519193803863       0.99974003570232506       0.99740858300817381       0.99552306657940359       0.99999999999999978       0.99999999999999989     
  0.99999825409394216       0.99998570065330949       0.99984295077867524       0.99834590325696826       0.99692137647356316        1.0000000000000000        1.0000000000000004     
  0.99999904194470501       0.99999149704223123       0.99990139490869900       0.99892540308101785       0.99803140810614233        1.0000000000000016       0.99999999999999944     
  0.99999949285836853       0.99999510841166628       0.99993824128920694       0.99930351402071926       0.99889895812371565       0.99999999999999956       0.99999999999999878     
  0.99999976097100729       0.99999746032306758       0.99996427642344010       0.99957657096359132       0.99906575424423805        1.0000000000000007        1.0000000000000018     
  0.99999991083657003       0.99999893503976334       0.99998274805894982       0.99978689145972899       0.99930361507051013        1.0000000000000013       0.99999999999999989     
  0.99999997966256560       0.99999971596867077       0.99999440416918006       0.99984864548577734       0.99941807846712927        1.0000000000000016       0.99999999999999600     
  0.99999999910560533       0.99999998321711514       0.99999951704222434       0.99997838773929637       0.99997932616526430        1.0000000000000009       0.99999999999999956     
