  0.58162321147201557       0.58694773104958375       0.59287887601307843       0.59981754037126933       0.61445609590602246       0.65544365540768856       0.73685475810445733     
  0.57730499392815160       0.58279760620561005       0.58932483725241980       0.59773290012576752       0.61543499786263967       0.66162258427372056       0.74934389963979608     
  0.57343056500252720       0.57885886178919210       0.58578987326035725       0.59553396699868999       0.61614868278826995       0.66742020511848732       0.76126609701172931     
  0.56998899989449914       0.57526161719253166       0.58244936105263123       0.59338554823120415       0.61677108242173817       0.67297216540763483       0.77271558037854604     
  0.56695880270060572       0.57202707304047173       0.57936772418394555       0.59135560067080917       0.61737855168303490       0.67833390748587052       0.78376591297093201     
  0.56430524689075678       0.56913901791542731       0.57655439186501845       0.58946498672410252       0.61803316357010574       0.68352654976895866       0.79455733080582591     
  0.56198947519268982       0.56657480821499551       0.57399647708601087       0.58771601248212990       0.61863987625041783       0.68861669566482786       0.80513200401854845     
  0.55999588196384997       0.56430804727091655       0.57168800320656976       0.58612483828960316       0.61925796640635733       0.69367014589437892       0.81551037805819682     
  0.55827797796976442       0.56230721873375134       0.56961553018848532       0.58469334111334104       0.61989053562025065       0.69872466763800845       0.82570083084937285     
  0.55678759508709696       0.56054759103969065       0.56776862908666059       0.58342625413571880       0.62057891203352611       0.70381003484653470       0.83569894177651916     
  0.55550953602238240       0.55902103419250826       0.56611771423217194       0.58232855612932932       0.62134698865934257       0.70894614105800435       0.84549321461691951     
  0.55441399364797550       0.55773241980643418       0.56466722067572661       0.58138182611319011       0.62220376687037315       0.71414495538328560       0.85506665547374228     
  0.55348202400773472       0.55658265033809751       0.56341401249293588       0.58058244052663854       0.62319662099997875       0.71941802288402590       0.86440269686607996     
  0.55269638889470207       0.55560010010653671       0.56236363221754082       0.57993815057311537       0.62430075129797313       0.72477049878808220       0.87348130090608189     
  0.55203465711496968       0.55477356106218600       0.56147179111989709       0.57946324468379129       0.62552485999056195       0.73020757208298981       0.88228343098439654     
  0.55153803192492323       0.55409384935982364       0.56075086222618509       0.57914964197968777       0.62689837953125804       0.73573309313228963       0.89079056275722224     
  0.55110541170184324       0.55354990681877181       0.56020095810114023       0.57895197077542804       0.62842880143388202       0.74134811970131975       0.89898427013485882     
  0.55076275604077307       0.55312621622614189       0.55980499248100279       0.57890855204221336       0.63012112818066890       0.74705214663098773       0.90684848611098501     
  0.55051314710537158       0.55282558701236995       0.55956312189495672       0.57902043327714336       0.63197736463594523       0.75284390296716175       0.91436889780061503     
  0.55035195292584260       0.55263789363883808       0.55947111228414259       0.57928787838333096       0.63399595793129304       0.75872039731786789       0.92153307244849492     
  0.55027877946817783       0.55256507196522675       0.55952464004865432       0.57972404178851278       0.63618232140823716       0.76467942261246946       0.92833224456175167     
  0.55029323761523252       0.55260744801954631       0.55971688938839825       0.58032992274950745       0.63853768778213504       0.77071685378193633       0.93475957793599129     
  0.55039053292530149       0.55276503469671923       0.56004779633053314       0.58108741647630657       0.64106325882651449       0.77682769524743334       0.94081170196487285     
  0.55057483993015555       0.55303985243408127       0.56051936157074422       0.58201492659481457       0.64376133492953380       0.78300754578150689       0.94648820377994147     
  0.55085282803384261       0.55343707020740707       0.56113044202482643       0.58311478719149701       0.64663480884513558       0.78925195993917141       0.95179158027665833     
  0.55123061996591938       0.55395753546974646       0.56188213374306595       0.58439021384628620       0.64968568004859517       0.79555469677479196       0.95672628292642892     
  0.55171218584819681       0.55460021745360077       0.56277309345916893       0.58584273973080481       0.65291467298728623       0.80190753835106654       0.96129832622977707     
  0.55230236006980016       0.55536758737973058       0.56380988797891807       0.58747283155722041       0.65632291443141366       0.80830202334188872       0.96551684157970730     
  0.55300730055671832       0.55626699941009339       0.56500230192816681       0.58928265165871763       0.65991379805291273       0.81473046405041805       0.96939291752377921     
  0.55383465125447695       0.55730420206799758       0.56636228732490235       0.59127593380692900       0.66368710692879207       0.82118586681057415       0.97293961017084762     
  0.55478811264270544       0.55847959297776617       0.56788556553461378       0.59345229894808604       0.66763577472364521       0.82765702612819259       0.97617032951865779     
  0.55587202453750328       0.55979946343993603       0.56955529751353529       0.59581026847335739       0.67175766791187630       0.83413420505891844       0.97910002131719953     
  0.55708775965689572       0.56126835363801442       0.57137399846877091       0.59834090413724728       0.67604878415520331       0.84060531813566475       0.98174474300602566     
  0.55843853907715091       0.56288082485362989       0.57335041423234334       0.60103722750016464       0.68050291584259015       0.84705898373923216       0.98412127980516539     
  0.55992123715585773       0.56463109480234053       0.57547205680061364       0.60389165143111967       0.68512434286860313       0.85348275015805730       0.98624671956528709     
  0.56152959458102014       0.56651702809109183       0.57775017618242885       0.60689091329483802       0.68989704673399654       0.85986445269264111       0.98813855756270652     
  0.56326036583669647       0.56851907502193844       0.58015583770662948       0.61004504538141935       0.69480480318226556       0.86619108994343652       0.98981400218874971     
  0.56509198156895757       0.57063191154748150       0.58269224377727080       0.61332973751919329       0.69982909250165171       0.87244941500719841       0.99129074077397128     
  0.56700002709040453       0.57282313545840446       0.58531692092356269       0.61673573660108372       0.70495097242412907       0.87862634116895999       0.99258580542926023     
  0.56894486843701098       0.57505346183243278       0.58801756897837010       0.62021325578874253       0.71016459734948467       0.88470919693837169       0.99371595051426331     
  0.57088354773500538       0.57726821470896683       0.59071341563221980       0.62374861477204946       0.71544405592849403       0.89067885368578736       0.99469704330294462     
  0.57271989745128693       0.57944172880331879       0.59341306467049504       0.62733664951718415       0.72075181209960193       0.89651348037323653       0.99554398011802170     
  0.57437277732797698       0.58143632815230795       0.59605518666976021       0.63098229614683377       0.72608687114563575       0.90218568588815140       0.99627115833732360     
  0.57560236771126094       0.58314491754816311       0.59856724870304900       0.63464855882515181       0.73143497867226459       0.90765655386190081       0.99689128877057753     
   1.0000000000000000        1.0000000000000000        1.0000000000000000        1.0000000000000000        1.0000000000000000        1.0000000000000000        1.0000000000000000     
   1.0000000000000000        1.0000000000000000        1.0000000000000000        1.0000000000000000        1.0000000000000000        1.0000000000000000        1.0000000000000000     
   1.0000000000000000        1.0000000000000000        1.0000000000000000        1.0000000000000000        1.0000000000000000        1.0000000000000000        1.0000000000000000     
   1.0000000000000000        1.0000000000000000        1.0000000000000000        1.0000000000000000        1.0000000000000000        1.0000000000000000        1.0000000000000000     
   1.0000000000000000        1.0000000000000000        1.0000000000000000        1.0000000000000000        1.0000000000000000        1.0000000000000000        1.0000000000000000     
   1.0000000000000000        1.0000000000000000        1.0000000000000000        1.0000000000000000        1.0000000000000000        1.0000000000000000        1.0000000000000000     
   1.0000000000000000        1.0000000000000000        1.0000000000000000        1.0000000000000000        1.0000000000000000        1.0000000000000000        1.0000000000000000     
   1.0000000000000000        1.0000000000000000        1.0000000000000000        1.0000000000000000        1.0000000000000000        1.0000000000000000        1.0000000000000000     
   1.0000000000000000        1.0000000000000000        1.0000000000000000        1.0000000000000000        1.0000000000000000        1.0000000000000000        1.0000000000000000     
   1.0000000000000000        1.0000000000000000        1.0000000000000000        1.0000000000000000        1.0000000000000000        1.0000000000000000        1.0000000000000000     
   1.0000000000000000        1.0000000000000000        1.0000000000000000        1.0000000000000000        1.0000000000000000        1.0000000000000000        1.0000000000000000     
   1.0000000000000000        1.0000000000000000        1.0000000000000000        1.0000000000000000        1.0000000000000000        1.0000000000000000        1.0000000000000000     
   1.0000000000000000        1.0000000000000000        1.0000000000000000        1.0000000000000000        1.0000000000000000        1.0000000000000000        1.0000000000000000     
   1.0000000000000000        1.0000000000000000        1.0000000000000000        1.0000000000000000        1.0000000000000000        1.0000000000000000        1.0000000000000000     
   1.0000000000000000        1.0000000000000000        1.0000000000000000        1.0000000000000000        1.0000000000000000        1.0000000000000000        1.0000000000000000     
   1.0000000000000000        1.0000000000000000        1.0000000000000000        1.0000000000000000        1.0000000000000000        1.0000000000000000        1.0000000000000000     
   1.0000000000000000        1.0000000000000000        1.0000000000000000        1.0000000000000000        1.0000000000000000        1.0000000000000000        1.0000000000000000     
   1.0000000000000000        1.0000000000000000        1.0000000000000000        1.0000000000000000        1.0000000000000000        1.0000000000000000        1.0000000000000000     
   1.0000000000000000        1.0000000000000000        1.0000000000000000        1.0000000000000000        1.0000000000000000        1.0000000000000000        1.0000000000000000     
   1.0000000000000000        1.0000000000000000        1.0000000000000000        1.0000000000000000        1.0000000000000000        1.0000000000000000        1.0000000000000000     
   1.0000000000000000        1.0000000000000000        1.0000000000000000        1.0000000000000000        1.0000000000000000        1.0000000000000000        1.0000000000000000     
   1.0000000000000000        1.0000000000000000        1.0000000000000000        1.0000000000000000        1.0000000000000000        1.0000000000000000        1.0000000000000000     
   1.0000000000000000        1.0000000000000000        1.0000000000000000        1.0000000000000000        1.0000000000000000        1.0000000000000000        1.0000000000000000     
   1.0000000000000000        1.0000000000000000        1.0000000000000000        1.0000000000000000        1.0000000000000000        1.0000000000000000        1.0000000000000000     
   1.0000000000000000        1.0000000000000000        1.0000000000000000        1.0000000000000000        1.0000000000000000        1.0000000000000000        1.0000000000000000     
   1.0000000000000000        1.0000000000000000        1.0000000000000000        1.0000000000000000        1.0000000000000000        1.0000000000000000        1.0000000000000000     
   1.0000000000000000        1.0000000000000000        1.0000000000000000        1.0000000000000000        1.0000000000000000        1.0000000000000000        1.0000000000000000     
   1.0000000000000000        1.0000000000000000        1.0000000000000000        1.0000000000000000        1.0000000000000000        1.0000000000000000        1.0000000000000000     
   1.0000000000000000        1.0000000000000000        1.0000000000000000        1.0000000000000000        1.0000000000000000        1.0000000000000000        1.0000000000000000     
   1.0000000000000000        1.0000000000000000        1.0000000000000000        1.0000000000000000        1.0000000000000000        1.0000000000000000        1.0000000000000000     
   1.0000000000000000        1.0000000000000000        1.0000000000000000        1.0000000000000000        1.0000000000000000        1.0000000000000000        1.0000000000000000     
   1.0000000000000000        1.0000000000000000        1.0000000000000000        1.0000000000000000        1.0000000000000000        1.0000000000000000        1.0000000000000000     
   1.0000000000000000        1.0000000000000000        1.0000000000000000        1.0000000000000000        1.0000000000000000        1.0000000000000000        1.0000000000000000     
   1.0000000000000000        1.0000000000000000        1.0000000000000000        1.0000000000000000        1.0000000000000000        1.0000000000000000        1.0000000000000000     
   1.0000000000000000        1.0000000000000000        1.0000000000000000        1.0000000000000000        1.0000000000000000        1.0000000000000000        1.0000000000000000     
   1.0000000000000000        1.0000000000000000        1.0000000000000000        1.0000000000000000        1.0000000000000000        1.0000000000000000        1.0000000000000000     
   1.0000000000000000        1.0000000000000000        1.0000000000000000        1.0000000000000000        1.0000000000000000        1.0000000000000000        1.0000000000000000     
