   3.6717508268537808     
   3.6673039507335838     
   3.6571792411958683     
   3.6417808167494443     
   3.6211591178656128     
   3.5956438459548576     
   3.5656500190283267     
   3.5314604970127039     
   3.4932572024112432     
   3.4512840714921844     
   3.4058020158789271     
   3.3569812253402129     
   3.3050109337727012     
   3.2498033841461398     
   3.1915305107435077     
   3.1299230529408151     
   3.0654044700427430     
   2.9978085577141256     
   2.9271086378820201     
   2.8542698891330383     
   2.7792834778343045     
   2.7018260542149406     
   2.6222782224817887     
   2.5406315451640777     
   2.4568516932842175     
   2.3708853561429457     
   2.2826457409939218     
   2.1920176388171604     
   2.0988116256583975     
   2.0027835817455055     
   1.9036157253873627     
   1.8007595473951217     
   1.6936194630081551     
   1.5813114576868408     
   1.4667616952195959     
   1.3481778884911368     
   1.2293647448832048     
   1.1078952937922424     
  0.98189737698284663     
  0.84823846239518230     
  0.70233323565832806     
  0.53932291258096587     
  0.35260107951443104     
  0.13100795806066881     
 -0.14869594543951720     
 -0.11268993314869598     
  -7.8859724528127867E-002
  -4.7152744703578407E-002
  -1.7556422642212431E-002
   9.9424711731166404E-003
   3.5345355395423425E-002
   5.8648883982342644E-002
   7.9850976183320974E-002
   9.8960584500325383E-002
  0.11599427321918163     
  0.13096412055652892     
  0.14390109431405779     
  0.15484353277547760     
  0.16382877853169517     
  0.17091465730588071     
  0.17616951759573637     
  0.17968241987173855     
  0.18156491714673340     
  0.18192307147729470     
  0.18084735214355382     
  0.17842011735166452     
  0.17474960923171098     
  0.17000855817875038     
  0.16427284678941970     
  0.15765330066559560     
  0.15025725039770652     
  0.14218901349624022     
  0.13354135818843763     
  0.12438637484363194     
  0.11476317460343856     
  0.10467675749789143     
   9.4070424512985473E-002
   8.2798716686814045E-002
   7.0603581987952538E-002
   5.7187728756672961E-002
   4.2247345408943322E-002
