  0.77075342467925090       0.77706153830086511       0.78982427272622857       0.82771254085344226       0.98751504775168830        1.8547152995815412        6.3218795122402662     
  0.80347526551706427       0.80901281182077334       0.82127661535421770       0.85858843296307863        1.0184670176110209        1.9045374014652989        6.6450478806466249     
  0.83631918524634130       0.84108478340857185       0.85261404546474395       0.88889670979011259        1.0485450534416487        1.9539874862894078        6.9805221215023492     
  0.86905205099570693       0.87310681653602307       0.88380313655027520       0.91886705810261982        1.0781699194866252        2.0033829921012316        7.3288717258890195     
  0.90144650567063223       0.90492514591391704       0.91471928085821619       0.94845626402710781        1.1073804538193495        2.0527935953135188        7.6909589355932795     
  0.93330774601401023       0.93638583529325370       0.94526434123110303       0.97764409102977934        1.1361917535242911        2.1022731224934375        8.0675847971690029     
  0.96465334603731145       0.96736157116122079       0.97535542959042409        1.0064099185096809        1.1645851363376114        2.1517774638391711        8.4594562386181185     
  0.99541284978319300       0.99773941030006474        1.0049021815127781        1.0346660047078446        1.1925483307981570        2.2012786396982120        8.8672388981537384     
   1.0254687485342480        1.0274131155745749        1.0338107663039597        1.0623504100287320        1.2201045312886991        2.2507198523919763        9.2914791262500280     
   1.0547158689159417        1.0562873098765153        1.0620012017212603        1.0894023816760503        1.2471697504965822        2.3000462805887936        9.7328066190982625     
   1.0830615868413171        1.0842909978876583        1.0894031689924049        1.1157891505130098        1.2737156496856339        2.3492304918419067        10.191865300024899     
   1.1104265114547074        1.1113551361728951        1.1159446620676998        1.1414397439944786        1.2997093566824949        2.3982143662088378        10.669473209633008     
   1.1367539558360520        1.1374333476300666        1.1415795715924690        1.1663157515315852        1.3251194504704360        2.4469717975192848        11.166504176330136     
   1.1619927286912097        1.1624802216482808        1.1662544442362373        1.1903784868090401        1.3499162039403683        2.4954508267271658        11.684088199699056     
   1.1861051448544764        1.1864524636893088        1.1899296962865309        1.2135937060518018        1.3740684919494570        2.5436248478848951        12.223242199720438     
   1.2090655256317302        1.2093126774101040        1.2125740084175722        1.2359324727116283        1.3975578041008898        2.5914527409928390        12.785015118840843     
   1.2308455657953947        1.2310282945658553        1.2341534684533342        1.2573601831650068        1.4203330587495817        2.6388909009655444        13.370334030438810     
   1.2514193585433280        1.2515737073665523        1.2546416688405224        1.2778516315207860        1.4423554499083460        2.6858619777938992        13.980047646689265     
   1.2707666450229831        1.2709278360847596        1.2740176648804906        1.2973819595428422        1.4635893251399461        2.7323570211678967        14.614918221160114     
   1.2888691092004874        1.2890730780068402        1.2922629820159908        1.3159286742515333        1.4839987863178727        2.7783453538820306        15.275565127521311     
   1.3057177092884225        1.3060016687994473        1.3093673292904626        1.3334745449693719        1.5035530210854848        2.8238220778924221        15.963072517103830     
   1.3213067746442702        1.3217060377806666        1.3253206086146789        1.3500031133592436        1.5222184117208644        2.8687651956607678        16.678447798502340     
   1.3356361763582232        1.3361842300626645        1.3401160701645192        1.3654958086829929        1.5399621084035584        2.9131518752095262        17.422646577138835     
   1.3487122285679447        1.3494416420723010        1.3537528722356211        1.3799390773047464        1.5567530827587381        2.9569350010352418        18.196600753312911     
   1.3605469083349391        1.3614881427029359        1.3662343791928211        1.3933228703436862        1.5725695062656480        3.0001351024886347        19.001319402695191     
   1.3711521061032643        1.3723317379222308        1.3775628201416026        1.4056281195092679        1.5873838381819327        3.0427412174837385        19.837698052535917     
   1.3805361848439763        1.3819758696123994        1.3877342966951112        1.4168474679836578        1.6011621528658553        3.0847255768699493        20.706490454071719     
   1.3887080566180772        1.3904249517899152        1.3967461672988779        1.4269730334590396        1.6138736728421801        3.1260668097180906        21.608450642566051     
   1.3956784166818390        1.3976850970456021        1.4045982816033296        1.4359902930903636        1.6254884589411467        3.1667287647275928        22.544328287392627     
   1.4014577188267368        1.4037638947614859        1.4112928831118408        1.4438901119942884        1.6359881480041947        3.2067440685587347        23.515034849939994     
   1.4060408306038585        1.4086546851249846        1.4168178014342985        1.4506486584519656        1.6453344228474387        3.2461017621321862        24.521047032900327     
   1.4094217562358939        1.4123503885946473        1.4211630102068162        1.4562520511618753        1.6534926065461206        3.2847249150751443        25.562949372923335     
   1.4115818119848149        1.4148315733913779        1.4243086828611349        1.4606731710232972        1.6604208009781947        3.3226003549969447        26.641061461092029     
   1.4124981356347304        1.4160758378036358        1.4262322690513904        1.4638782103675143        1.6660710137700341        3.3598521465545694        27.755720398715081     
   1.4121352846092512        1.4160491735132290        1.4268983805375284        1.4658122208969939        1.6703977034368260        3.3967311493792560        28.907177381448083     
   1.4104447286426525        1.4147040093860479        1.4262558217379826        1.4664153930283110        1.6733340224342490        3.4331833069015296        30.095527608542437     
   1.4073587075056655        1.4119743855578766        1.4242305838565383        1.4656011704809035        1.6748013284113441        3.4685375112932046        31.320605786077106     
   1.4027825286657849        1.4077617126772624        1.4207124213236171        1.4632500804768018        1.6746868726002795        3.5027312466672673        32.582103630869916     
   1.3965756241950569        1.4019163865571251        1.4155401365795099        1.4591982882436503        1.6728708666956433        3.5358908717890380        33.879476126604011     
   1.3885310437471183        1.3942229786670852        1.4084957525823680        1.4532445141197561        1.6692047206527059        3.5684903241056185        35.212565335229861     
   1.3783156793144240        1.3843489624370966        1.3992549380079087        1.4450911234667649        1.6634619232234007        3.5998186766317910        36.580332132169431     
   1.3654229447636059        1.3717966432283308        1.3873396457874079        1.4343210053282680        1.6553705899531954        3.6295699520501294        37.981458544999491     
   1.3490524315551737        1.3557816451282583        1.3720162256248598        1.4203690762114534        1.6446028698760251        3.6578260429724181        39.414807994898112     
   1.3277692625101518        1.3349417899279254        1.3520995275952066        1.4023752281528077        1.6306852985510649        3.6843945852643469        40.877158549543530     
  0.92562705291137770       0.93375032773090516       0.95293269430175431        1.0081494778000430        1.2619238425010888        3.5448909074506232        42.363547088495267     
  0.89931498768679252       0.90830608577528982       0.92938737467310273       0.98848457440173887        1.2506934545861219        3.5758599099470056        43.872349376406810     
  0.87506307856740628       0.88442669698230891       0.90667367560985779       0.96897387516147382        1.2387187613549175        3.6046610333810305        45.396710807522503     
  0.85275963762773344       0.86231844441696037       0.88506020881756819       0.94971410971582504        1.2260824043699050        3.6311584171288476        46.933512186438136     
  0.83199953863002585       0.84174916629186669       0.86479920188925341       0.93081683771606549        1.2128555149037015        3.6552634213734492        48.481141530528333     
  0.81297378580668866       0.82265095034483593       0.84583988382600250       0.91243594792016547        1.1991513900890267        3.6771812533413217        50.039993612607311     
  0.79591972420916457       0.80533113115927890       0.82812926250477548       0.89468523718882376        1.1850325934636428        3.6969256542608027        51.608714653551985     
  0.78030127716015907       0.78950426083228886       0.81171495582725106       0.87757708843659510        1.1704379991857523        3.7141259476317203        53.180388440533811     
  0.76596376649803732       0.77489766185470921       0.79651289320628138       0.86109684133414444        1.1552968849552627        3.7283419705321110        54.746384702171781     
  0.75296176211764665       0.76149056366672419       0.78235720322119218       0.84525266333643678        1.1395705640220557        3.7391593302016291        56.299349265516128     
  0.74135021920422839       0.74934481531250963       0.76921476378385112       0.83007738410724885        1.1232648009207826        3.7464208555379961        57.832696349894277     
  0.73116495356715672       0.73848767751823341       0.75710325987214167       0.81556896156274250        1.1063278640163376        3.7496876700587820        59.335921395765361     
  0.72245472555091372       0.72896261894546288       0.74604946080431078       0.80169557447444373        1.0886711733481578        3.7483465575523325        60.794871219581850     
  0.71519083458101329       0.72080157494255148       0.73610194100830750       0.78844656872005103        1.0702236478198015        3.7417222348550578        62.193041328042519     
  0.70925187040319704       0.71395487807735980       0.72729760591607728       0.77582223514789606        1.0508842164481527        3.7289401185287181        63.511566872940953     
  0.70448747845070281       0.70832815193600318       0.71965496288820996       0.76386489746545561        1.0305893878976147        3.7093477268879567        64.730369054708945     
  0.70071624103468499       0.70378792818868019       0.71315801381151889       0.75264443921406432        1.0093058684842391        3.6821557928567445        65.826675030758324     
  0.69775408629597380       0.70017387247546281       0.70774604721746814       0.74224546560309468       0.98705869900429744        3.6465406579045387        66.775287970074757     
  0.69545421578738154       0.69732739637304986       0.70332646586059100       0.73277569797163744       0.96392318282548894        3.6017830471904699        67.551003209743925     
  0.69370938363766321       0.69512073313267519       0.69978182390209931       0.72432563275772788       0.93996481121039921        3.5470878217535842        68.128540490407786     
  0.69243939401934140       0.69345909776292469       0.69699223085683171       0.71696312341115054       0.91549932362374120        3.4820909048659794        68.484399333119697     
  0.69156405888009909       0.69226163554572906       0.69484821390291995       0.71071239161544142       0.89086549848726859        3.4063589957096556        68.594149359452103     
  0.69099971605312005       0.69144630716814992       0.69325477826406701       0.70554761296108137       0.86625618112802172        3.3194426635909027        68.431677319906015     
  0.69066372987383140       0.69092881675482298       0.69212705056187129       0.70139653641704602       0.84208070978757998        3.2210637467763519        67.972077434499155     
  0.69048109262805257       0.69062594077529782       0.69137486507148571       0.69815620393213373       0.81873580307277360        3.1108425756639693        67.190837186895266     
  0.69039125467771756       0.69046491964592116       0.69090821658175317       0.69571131350552140       0.79662592222957218        2.9889572936615223        66.069178357258991     
  0.69035130523749033       0.69038739176701347       0.69064157223869016       0.69394109681124738       0.77620716056063577        2.8557646354275734        64.594018243258319     
  0.69033547374786230       0.69035349230742926       0.69050131386627267       0.69272095146627100       0.75792649191256301        2.7118637191891302        62.757192709870552     
  0.69033007339546637       0.69033994848358560       0.69043161852308665       0.69192101354607172       0.74215910854347733        2.5582828947482774        60.560334019070183     
  0.69032849763038562       0.69033476809195360       0.69039682391777379       0.69141851621998618       0.72910262022540595        2.3961712688810368        58.012898861990628     
  0.69032803289688016       0.69033253304489661       0.69037770412127086       0.69110642003248568       0.71876299982506897        2.2273960760478388        55.138997243511071     
  0.69032782560368178       0.69033123331828739       0.69036521644391668       0.69090446427942964       0.71092533603181607        2.0540118239095784        51.971892773851025     
  0.69032768867014782       0.69033029792382505       0.69035588423997141       0.69076262093573348       0.70520919848787589        1.8791554391037830        48.573368258098505     
  0.69032759122222709       0.69032959933000659       0.69034859465641552       0.69065478175346262       0.70115295523580190        1.7064247375692079        45.018814818035615     
  0.69032752394582275       0.69032909171388157       0.69034296031821096       0.69056929765968478       0.69827752353391892        1.5393925916191913        41.385762158625049     
  0.69032747979986975       0.69032874006705591       0.69033878028758577       0.69050199776700671       0.69621340718068303        1.3829831916615163        37.784787713907889     
  0.69042000991880659       0.69042153082955127       0.69042882865317423       0.69054327794848425       0.69477812581185305        1.2421303430529818        34.340258417727178     
