   1.1692822120798195E-004   1.0806604159135078E-003   4.1669483040023981E-003   6.5254675942888222E-003   4.1669483040023911E-003   1.0806604159135007E-003   1.1692822120798112E-004
   1.1682451730808885E-004   1.0797019757830286E-003   4.1632526282680401E-003   6.5196801425413519E-003   4.1632526282680202E-003   1.0797019757830190E-003   1.1682451730808730E-004
   1.1671666525219900E-004   1.0787051980473373E-003   4.1594091255042886E-003   6.5136611927240230E-003   4.1594091255042894E-003   1.0787051980473267E-003   1.1671666525219818E-004
   1.1660466504031410E-004   1.0776700827064200E-003   4.1554177957111981E-003   6.5074107448367764E-003   4.1554177957111946E-003   1.0776700827064114E-003   1.1660466504031322E-004
   1.1649207223471556E-004   1.0766294905647654E-003   4.1514053477710519E-003   6.5011272257966919E-003   4.1514053477710467E-003   1.0766294905647539E-003   1.1649207223471490E-004
   1.1638066461654422E-004   1.0755998520245978E-003   4.1474351361250059E-003   6.4949098490622616E-003   4.1474351361249894E-003   1.0755998520245883E-003   1.1638066461654305E-004
   1.1626984959208688E-004   1.0745756902851688E-003   4.1434860426259948E-003   6.4887255434806926E-003   4.1434860426259905E-003   1.0745756902851660E-003   1.1626984959208547E-004
   1.1615962716134255E-004   1.0735570053464929E-003   4.1395580672740516E-003   6.4825743090520128E-003   4.1395580672740377E-003   1.0735570053464949E-003   1.1615962716134159E-004
   1.1604762694945781E-004   1.0725218900055832E-003   4.1355667374809689E-003   6.4763238611647272E-003   4.1355667374809377E-003   1.0725218900055741E-003   1.1604762694945685E-004
   1.1593147858157678E-004   1.0714484370594529E-003   4.1314275806584866E-003   6.4698419152075960E-003   4.1314275806584770E-003   1.0714484370594442E-003   1.1593147858157573E-004
   1.1580999687027336E-004   1.0703256929066110E-003   4.1270983605125062E-003   6.4630623288748383E-003   4.1270983605125010E-003   1.0703256929066049E-003   1.1580999687027211E-004
   1.1568081144069143E-004   1.0691317503440775E-003   4.1224946044548325E-003   6.4558528175551961E-003   4.1224946044548386E-003   1.0691317503440678E-003   1.1568081144069003E-004
   1.1554510748025982E-004   1.0678775629733362E-003   4.1176585487796083E-003   6.4482795235542159E-003   4.1176585487796083E-003   1.0678775629733280E-003   1.1554510748025827E-004
   1.1540110720783553E-004   1.0665467003921653E-003   4.1125268390456082E-003   6.4402432334134726E-003   4.1125268390455952E-003   1.0665467003921590E-003   1.1540110720783440E-004
   1.1524881062342066E-004   1.0651391626005531E-003   4.1070994752528938E-003   6.4317439471329504E-003   4.1070994752528721E-003   1.0651391626005460E-003   1.1524881062341940E-004
   1.1508821772701427E-004   1.0636549495985071E-003   4.1013764574013793E-003   6.4227816647125903E-003   4.1013764574013602E-003   1.0636549495984954E-003   1.1508821772701251E-004
   1.1491814333118827E-004   1.0620831077845219E-003   4.0953155491970337E-003   6.4132902438467504E-003   4.0953155491970277E-003   1.0620831077845193E-003   1.1491814333118744E-004
   1.1473740224851670E-004   1.0604126835571243E-003   4.0888745143457233E-003   6.4032035422297738E-003   4.0888745143457198E-003   1.0604126835571149E-003   1.1473740224851600E-004
   1.1454480929157174E-004   1.0586327233148140E-003   4.0820111165533572E-003   6.3924554175559256E-003   4.0820111165533607E-003   1.0586327233148068E-003   1.1454480929157037E-004
   1.1433799408549834E-004   1.0567213198546114E-003   4.0746408832316953E-003   6.3809135852138594E-003   4.0746408832316935E-003   1.0567213198545990E-003   1.1433799408549716E-004
   1.1411636403658248E-004   1.0546729963757625E-003   4.0667426962336939E-003   6.3685449740507587E-003   4.0667426962336878E-003   1.0546729963757536E-003   1.1411636403658208E-004
   1.1387814136368462E-004   1.0524713224760451E-003   4.0582532011182136E-003   6.3552503706080224E-003   4.0582532011181945E-003   1.0524713224760341E-003   1.1387814136368289E-004
   1.1362154828566222E-004   1.0500998677532142E-003   4.0491090434440474E-003   6.3409305614271667E-003   4.0491090434440569E-003   1.0500998677532064E-003   1.1362154828566099E-004
   1.1334599220880259E-004   1.0475531554065155E-003   4.0392891050641932E-003   6.3255524753553409E-003   4.0392891050641810E-003   1.0475531554065105E-003   1.1334599220880093E-004
   1.1305147313310463E-004   1.0448311854359693E-003   4.0287933859786242E-003   6.3091161123925718E-003   4.0287933859786112E-003   1.0448311854359615E-003   1.1305147313310336E-004
   1.1273680587114213E-004   1.0419230042400711E-003   4.0175796498932437E-003   6.2915553302331602E-003   4.0175796498932064E-003   1.0419230042400618E-003   1.1273680587114053E-004
   1.1239902745434661E-004   1.0388012278150977E-003   4.0055423060727660E-003   6.2727047731129014E-003   4.0055423060727366E-003   1.0388012278150854E-003   1.1239902745434432E-004
   1.1203576750786115E-004   1.0354439489580548E-003   3.9925968819289684E-003   6.2524321564204136E-003   3.9925968819289632E-003   1.0354439489580472E-003   1.1203576750786054E-004
   1.1164584084426204E-004   1.0318402140674704E-003   3.9787011411677705E-003   6.2306713378499703E-003   3.9787011411677930E-003   1.0318402140674578E-003   1.1164584084426037E-004
   1.1122924746354663E-004   1.0279900231433322E-003   3.9638550837891931E-003   6.2074223174016299E-003   3.9638550837891992E-003   1.0279900231433248E-003   1.1122924746354533E-004
   1.1078183920971979E-004   1.0238550385804289E-003   3.9479108827638436E-003   6.1824535970054894E-003   3.9479108827638150E-003   1.0238550385804172E-003   1.1078183920971901E-004
   1.1030124570792753E-004   1.0194133531757675E-003   3.9307840655034626E-003   6.1556328920501190E-003   3.9307840655034591E-003   1.0194133531757571E-003   1.1030124570792628E-004
   1.0978272620845936E-004   1.0146211525233892E-003   3.9123056868316936E-003   6.1266956333128732E-003   3.9123056868316597E-003   1.0146211525233807E-003   1.0978272620845883E-004
   1.0922272514903453E-004   1.0094455758188317E-003   3.8923490378661506E-003   6.0954433938766482E-003   3.8923490378661397E-003   1.0094455758188152E-003   1.0922272514903352E-004
   1.0861650177994281E-004   1.0038428086561030E-003   3.8707451734304502E-003   6.0616116045186658E-003   3.8707451734304398E-003   1.0038428086560983E-003   1.0861650177994122E-004
   1.0795931535147447E-004   9.9776903662926334E-004   3.8473251483481471E-003   6.0249356960162086E-003   3.8473251483481406E-003   9.9776903662925163E-004   1.0795931535147304E-004
   1.0724523992649285E-004   9.9116949173084384E-004   3.8218777811487308E-003   5.9850849568408773E-003   3.8218777811487178E-003   9.9116949173083777E-004   1.0724523992649182E-004
   1.0646834956786173E-004   9.8398940595339980E-004   3.7941918903616075E-003   5.9417286754642499E-003   3.7941918903616131E-003   9.8398940595339005E-004   1.0646834956786066E-004
   1.0562271833844381E-004   9.7617401128946297E-004   3.7640562945163276E-003   5.8945361403578648E-003   3.7640562945163193E-003   9.7617401128945820E-004   1.0562271833844276E-004
   1.0470479067595786E-004   9.6769044693457496E-004   3.7313442847305050E-003   5.8433089246047037E-003   3.7313442847304906E-003   9.6769044693456488E-004   1.0470479067595650E-004
   1.0370923323697951E-004   9.5848942168201003E-004   3.6958657976806685E-003   5.7877493878291750E-003   3.6958657976806542E-003   9.5848942168200375E-004   1.0370923323697861E-004
   1.0262952749065841E-004   9.4851069072357779E-004   3.6573885337492372E-003   5.7274937473499356E-003   3.6573885337492411E-003   9.4851069072356825E-004   1.0262952749065777E-004
   1.0146034009357336E-004   9.3770496285256377E-004   3.6157224296127725E-003   5.6622443627915237E-003   3.6157224296127330E-003   9.3770496285255260E-004   1.0146034009357230E-004
   1.0018626360916689E-004   9.2592984124958066E-004   3.5703184134477910E-003   5.5911413841799300E-003   3.5703184134477897E-003   9.2592984124957220E-004   1.0018626360916568E-004
   9.8793668382024925E-005   9.1305935949748021E-004   3.5206907678721412E-003   5.5134241749998612E-003   3.5206907678721200E-003   9.1305935949747760E-004   9.8793668382023272E-005
   9.7272480319015315E-005   8.9900041198359086E-004   3.4664804843858770E-003   5.4285305256529361E-003   3.4664804843858757E-003   8.9900041198358739E-004   9.7272480319013580E-005
   9.5610847545863191E-005   8.8364346269301155E-004   3.4072652000479440E-003   5.3357990130822883E-003   3.4072652000479479E-003   8.8364346269299886E-004   9.5610847545862337E-005
   9.3809955249997412E-005   8.6699946522721203E-004   3.3430871511524797E-003   5.2352957795936570E-003   3.3430871511524489E-003   8.6699946522720412E-004   9.3809955249996694E-005
   9.1880470118263621E-005   8.4916700199962373E-004   3.2743264643463718E-003   5.1276161059381903E-003   3.2743264643463532E-003   8.4916700199961766E-004   9.1880470118262727E-005
   8.9839577368358383E-005   8.3030490023186922E-004   3.2015955658942297E-003   5.0137190555483175E-003   3.2015955658942098E-003   8.3030490023186260E-004   8.9839577368357502E-005
   8.7697943687128086E-005   8.1051174233736918E-004   3.1252745824429692E-003   4.8941999091751814E-003   3.1252745824429679E-003   8.1051174233736343E-004   8.7697943687127191E-005
   8.5445494981440160E-005   7.8969442270344545E-004   3.0450045054927237E-003   4.7684964572204738E-003   3.0450045054927280E-003   7.8969442270343819E-004   8.5445494981439211E-005
   8.3069786783306963E-005   7.6773792851444632E-004   2.9603418539553704E-003   4.6359142054745416E-003   2.9603418539553747E-003   7.6773792851443754E-004   8.3069786783306258E-005
   8.0569041311588381E-005   7.4462582936812632E-004   2.8712232733897275E-003   4.4963539404788040E-003   2.8712232733897215E-003   7.4462582936811851E-004   8.0569041311587649E-005
   7.7945036347424135E-005   7.2037455566672875E-004   2.7777121182369839E-003   4.3499148756917846E-003   2.7777121182369731E-003   7.2037455566672018E-004   7.7945036347423321E-005
   7.5193031141106603E-005   6.9494029300428556E-004   2.6796394433206651E-003   4.1963324418908023E-003   2.6796394433206555E-003   6.9494029300427970E-004   7.5193031141105424E-005
   7.2303544193214446E-005   6.6823541256887174E-004   2.5766673582879552E-003   4.0350775006303113E-003   2.5766673582879405E-003   6.6823541256886849E-004   7.2303544193214297E-005
   6.9267094004331513E-005   6.4017228554855263E-004   2.4684579727859671E-003   3.8656209134648777E-003   2.4684579727859693E-003   6.4017228554854916E-004   6.9267094004330659E-005
   6.6077754637319320E-005   6.1069614393587665E-004   2.3548001053441798E-003   3.6876319688660376E-003   2.3548001053441828E-003   6.1069614393587340E-004   6.6077754637318818E-005
   6.2732563123610196E-005   5.7977960372711745E-004   2.2355881652273541E-003   3.5009453110696168E-003   2.2355881652273472E-003   5.7977960372711593E-004   6.2732563123609492E-005
   5.9233889838058517E-005   5.4744457212525387E-004   2.1109066250236731E-003   3.3056932246869515E-003   2.1109066250236674E-003   5.4744457212525116E-004   5.9233889838057758E-005
   5.5588845905228300E-005   5.1375677073923435E-004   1.9810089024977760E-003   3.1022725635521785E-003   1.9810089024977747E-003   5.1375677073923023E-004   5.5588845905227691E-005
   5.1812838761675564E-005   4.7885859638844305E-004   1.8464440694730775E-003   2.8915431776391771E-003   1.8464440694730643E-003   4.7885859638843877E-004   5.1812838761674846E-005
   4.7930164749660966E-005   4.4297459790344833E-004   1.7080779699787368E-003   2.6748609842145105E-003   1.7080779699787316E-003   4.4297459790344453E-004   4.7930164749660336E-005
   4.3972823929722699E-005   4.0640052252450875E-004   1.5670509839556706E-003   2.4540118255316884E-003   1.5670509839556608E-003   4.0640052252450762E-004   4.3972823929722048E-005
   3.9977557112109267E-005   3.6947593189785833E-004   1.4246724365211672E-003   2.2310461130669330E-003   1.4246724365211689E-003   3.6947593189785372E-004   3.9977557112108785E-005
   3.5982882888209267E-005   3.3255681807194761E-004   1.2823150072337303E-003   2.0081134717550198E-003   1.2823150072337282E-003   3.3255681807194452E-004   3.5982882888209063E-005
   3.2031468005408006E-005   2.9603751070046512E-004   1.1414992026811982E-003   1.7875950246006140E-003   1.1414992026811917E-003   2.9603751070046323E-004   3.2031468005407606E-005
   2.8167756992230923E-005   2.6032876983932894E-004   1.0038088838925762E-003   1.5719711080669206E-003   1.0038088838925743E-003   2.6032876983932704E-004   2.8167756992230706E-005
   2.4439157345772372E-005   2.2586873954818203E-004   8.7093350263214386E-004   1.3638874143813262E-003   8.7093350263214094E-004   2.2586873954818056E-004   2.4439157345772117E-005
   2.0894261750553846E-005   1.9310651748816280E-004   7.4460474695829117E-004   1.1660557780769480E-003   7.4460474695828554E-004   1.9310651748816150E-004   2.0894261750553598E-005
   1.7578107328814676E-005   1.6245834051593675E-004   6.2642759604707166E-004   9.8098960676980154E-004   6.2642759604706927E-004   1.6245834051593498E-004   1.7578107328814483E-005
   1.4531583046798835E-005   1.3430210788294446E-004   5.1785920204518252E-004   8.1097081000603896E-004   5.1785920204518198E-004   1.3430210788294353E-004   1.4531583046798686E-005
   1.1786688965044763E-005   1.0893356682945006E-004   4.2003994489351389E-004   6.5778523003915291E-004   4.2003994489351129E-004   1.0893356682944908E-004   1.1786688965044680E-005
   9.3659436446723552E-006   8.6560835783783854E-005   3.3377231418008942E-004   5.2268957067716428E-004   3.3377231418008709E-004   8.6560835783783380E-005   9.3659436446722298E-006
   7.2794211788139568E-006   6.7277020358620835E-005   2.5941531840482126E-004   4.0624604151839752E-004   2.5941531840482088E-004   6.7277020358620090E-005   7.2794211788139204E-006
   5.5294919423244229E-006   5.1104027756942670E-005   1.9705343015592568E-004   3.0858692717422527E-004   1.9705343015592470E-004   5.1104027756942785E-005   5.5294919423243695E-006
   4.1031188735027843E-006   3.7921368362348604E-005   1.4622205019822418E-004   2.2898466228210611E-004   1.4622205019822364E-004   3.7921368362348150E-005   4.1031188735027411E-006
   2.9724500678061752E-006   2.7471632539794955E-005   1.0592862562020410E-004   1.6588490265844079E-004   1.0592862562020365E-004   2.7471632539794684E-005   2.9724500678061430E-006
   2.1037076835550047E-006   1.9442642646784632E-005   7.4969422039817448E-005   1.1740259259120148E-004   7.4969422039817095E-005   1.9442642646784554E-005   2.1037076835549835E-006
   1.4542249733644927E-006   1.3440069029636542E-005   5.1823932869214461E-005   8.1156609075720205E-005   5.1823932869214400E-005   1.3440069029636399E-005   1.4542249733644840E-006
