  0.99682040059478261       0.99512928428939151       0.98759898602786844       0.96549802681613173       0.92666634443589557       0.99545814861348314       0.99999999999999978     
  0.99716695020296120       0.99549199739345606       0.98854065553611459       0.96714701848140405       0.93205663926839555       0.99540043394044919       0.99999999999999734     
  0.99756439144175080       0.99592550430783089       0.98940541912916158       0.96898659054655922       0.93291005449536402       0.99534254964846425       0.99999999999999889     
  0.99791429661214226       0.99628094307496273       0.99019742463629346       0.97051154118633620       0.93422972341761956       0.99528454912421682        1.0000000000000024     
  0.99815440242005138       0.99654461163565944       0.99092063723724111       0.97192310884696620       0.93578794585998015       0.99522649387975937        1.0000000000000002     
  0.99835864145443887       0.99684358510547133       0.99132584572016558       0.97272784003459078       0.93654703399047123       0.99530332446632452       0.99999999999999911     
  0.99850566289418841       0.99711979071246104       0.99195356499611831       0.97333736023595530       0.93726874288387585       0.99565213587545809       0.99999999999999822     
  0.99867022691052509       0.99737075265759800       0.99252665532358175       0.97443004998195915       0.93782325392751542       0.99560295543456334       0.99999999999999856     
  0.99876070922342541       0.99726479613019436       0.99270919920384615       0.97544958173337437       0.93831093861466264       0.99555414829952582        1.0000000000000011     
  0.99882626800590868       0.99750591692416368       0.99317507004544547       0.97635237247049400       0.93873064650300375       0.99550580416880985       0.99999999999999967     
  0.99894483001075207       0.99750632073084433       0.99359047002453160       0.97720200001513446       0.93907660874904619       0.99545796776944262       0.99999999999999900     
  0.99896281779789620       0.99770064933429481       0.99394100704231503       0.97791673694023840       0.94317912679695426       0.99541077679838552       0.99999999999999933     
  0.99893331652535955       0.99784981926583893       0.99419034520281946       0.97842799812190517       0.94330728274772191       0.99536433085266074        1.0000000000000022     
  0.99902729768247955       0.99793917793091946       0.99381713722201448       0.97867494258889243       0.94328489053244724       0.99531874489113337       0.99999999999999911     
  0.99902727742704056       0.99770725445561137       0.99357440327407132       0.97861035116906392       0.94310707698716845       0.99527413827057143       0.99999999999999956     
  0.99888426153612730       0.99753478933622475       0.99297384492510332       0.97826258761746643       0.94264878155274667       0.99523060072880165       0.99999999999999800     
  0.99844670061311191       0.99717016214761245       0.99246270160400984       0.97760791172074557       0.94190509695821478       0.99518820548903342        1.0000000000000013     
  0.99789436033076295       0.99628358113189719       0.99162817056914510       0.97665230385848312       0.94085985415982987       0.99514692307236585       0.99999999999999978     
  0.99713516592125029       0.99554894716361841       0.99073623715287229       0.97558407992231400       0.93951988506326867       0.99510662913583203       0.99999999999999933     
  0.99623624421313839       0.99438926413099393       0.98908661366173800       0.97351415154010457       0.93877192391146447       0.99507709930278809        1.0000000000000027     
  0.99517945039797895       0.99333498360196237       0.98793389612259674       0.97210187155435901       0.93620520504046612       0.99560664893464035       0.99999999999999989     
  0.99407414280418183       0.99157550414839413       0.98476328486682152       0.96679560010052124       0.93424340645892268       0.99557552915661385       0.99999999999999867     
  0.99233554301931470       0.99041884707474015       0.98078796792634237       0.96196429274244399       0.93205748495154028       0.99554481108789261        1.0000000000000020     
  0.99115761612411557       0.98566000886130589       0.97802634822177981       0.95959447099259343       0.92951879087636313       0.99551459389276753       0.99999999999999911     
  0.98661151328309371       0.98275895439455185       0.97626241937834868       0.95820592126998194       0.92895584306802814       0.99548514870476712       0.99999999999999856     
  0.98397061370058081       0.98128843276795752       0.97444091241116026       0.95451487131643487       0.92556245147631466       0.99545697051773141       0.99999999999999756     
  0.98257526358707314       0.97979991739173222       0.97278553734691942       0.95207426794167394       0.92251576347518782       0.99543052334559246        1.0000000000000013     
  0.98139528884839189       0.97798657367807340       0.97057512510230404       0.94991795517602085       0.91637501857975523       0.99540640008482262       0.99999999999999889     
  0.97790883777890392       0.97465965026760615       0.96863417906421734       0.94717900964127033       0.91355407856468540       0.99538521150792147       0.99999999999999989     
  0.97549423349730247       0.97199472955373745       0.96318683654640269       0.94125489156111430       0.90319524878981750       0.99537002059801027        1.0000000000000002     
  0.97461818383914189       0.97103739213342855       0.96203429960658304       0.93766220718550186       0.89843516923773103       0.99589881993557261       0.99999999999999989     
  0.96935457123884416       0.96502348545401251       0.95420483403909351       0.92577625339213054       0.89628926685269561       0.99589202205349558        1.0000000000000009     
  0.96661100919551024       0.96213918296355116       0.95278127063754869       0.92373412734750904       0.89323474907452272       0.99588932881593661        1.0000000000000018     
  0.96196476108027817       0.95683272980668477       0.94927078674369203       0.91754261804582704       0.88841839328008032       0.99589123535479906        1.0000000000000004     
  0.96046844792031061       0.95488540538203870       0.94298150147578519       0.90303927197721501       0.86920730961996617       0.99589808939566615        1.0000000000000009     
  0.95473916614934051       0.94810056581929314       0.93468597073837800       0.90419639899418369       0.86091808841030182       0.99591031069315450       0.99999999999999933     
  0.94601575463758447       0.93953041132957615       0.92495850570644189       0.88339562250961368       0.84586729869458921       0.99592798859057519       0.99999999999999889     
  0.94660983413977318       0.93831640353560219       0.91822699918783668       0.88045201908259152       0.83576566040147060       0.99595134590937551        1.0000000000000002     
  0.92906395013419485       0.92333219038998449       0.91087233229191522       0.86085919171650982       0.82799197133531133       0.99606765326860391       0.99999999999999933     
  0.92636836354227958       0.91326043312864558       0.88336718309404205       0.84210013260529148       0.80896259125661141       0.99647684711736517       0.99999999999999822     
  0.90080157294158592       0.88563041639651918       0.87346482220477184       0.80986832195192371       0.78339539339642206       0.99651343974390461        1.0000000000000016     
  0.88072890685101901       0.87104647503255106       0.84791238528424273       0.79080100724147129       0.73989347525853388       0.99655595221590476       0.99999999999999922     
  0.84573198178835773       0.83526444843303826       0.79608827313771735       0.74338278618668585       0.71707882015297408       0.99660458206724067        1.0000000000000002     
  0.77706802000455311       0.75767458285777156       0.73216119713847005       0.65901841155324947       0.59062106246817003       0.99665951151159327       0.99999999999999900     
   0.0000000000000000        0.0000000000000000        0.0000000000000000       0.28365401213201241       0.32049395481927073       0.99672092072523066       0.99999999999999756     
   0.0000000000000000        0.0000000000000000        0.0000000000000000       0.27550458543364387       0.32613622303656914       0.99678179248102650       0.99999999999999933     
   0.0000000000000000        0.0000000000000000        0.0000000000000000       0.26289228550283739       0.33275481064077633       0.99722515152039404        1.0000000000000053     
   0.0000000000000000        0.0000000000000000        0.0000000000000000       0.28332436246656373       0.34042128972555508       0.99729352656810644        1.0000000000000002     
   0.0000000000000000        0.0000000000000000        0.0000000000000000       0.31578118594463433       0.34921136455627488       0.99736839439074976       0.99999999999999500     
   0.0000000000000000        0.0000000000000000        0.0000000000000000       0.34501882130136030       0.35920513492919393       0.99744995985731455       0.99999999999999845     
   0.0000000000000000        0.0000000000000000        0.0000000000000000       0.37272633419025181       0.37050569698627067       0.99753851256398329        1.0000000000000007     
   0.0000000000000000        0.0000000000000000        0.0000000000000000       0.40027488906081365       0.38322432638233578       0.99763428096294415       0.99999999999999889     
   0.0000000000000000        0.0000000000000000        0.0000000000000000       0.42850683493367631       0.39746996755319036       0.99773749775546428       0.99999999999999989     
   0.0000000000000000        0.0000000000000000        0.0000000000000000       0.45772145477191339       0.41334408583268906       0.99814782838866167       0.99999999999999967     
   0.0000000000000000        0.0000000000000000        0.0000000000000000       0.48782502235101849       0.43095420972869891       0.99825852121403613        1.0000000000000004     
   0.0000000000000000        0.0000000000000000        0.0000000000000000       0.51789249215458844       0.45039934355539080       0.99837624645922418       0.99999999999999656     
   0.0000000000000000        0.0000000000000000        0.0000000000000000       0.54756229603958884       0.47177664249705425       0.99850071373665483        1.0000000000000027     
   0.0000000000000000        0.0000000000000000        0.0000000000000000       0.57804096980940445       0.49516925715950461       0.99863143362310569        1.0000000000000009     
   0.0000000000000000        0.0000000000000000        0.0000000000000000       0.60909500041125508       0.52063753163316595       0.99876759068123189       0.99999999999999856     
   0.0000000000000000        0.0000000000000000        0.0000000000000000       0.64158881086329100       0.54822109414146336       0.99911724512392042       0.99999999999999634     
   0.0000000000000000        0.0000000000000000        0.0000000000000000       0.67537115243213297       0.57789249307511026       0.99924410944468556       0.99999999999999800     
   0.0000000000000000        0.0000000000000000        0.0000000000000000       0.71000458646782394       0.60956642333348776       0.99936939253309831        1.0000000000000009     
   0.0000000000000000        0.0000000000000000        0.0000000000000000       0.74541255282858587       0.64306649163961438       0.99949035437772682       0.99999999999999956     
   0.0000000000000000        0.0000000000000000        0.0000000000000000       0.78074990134120581       0.67810228634307101       0.99960392538739729       0.99999999999999944     
   0.0000000000000000        0.0000000000000000        0.0000000000000000       0.81493772421420496       0.71425970635716018       0.99970689766850174        1.0000000000000020     
   0.0000000000000000        0.0000000000000000        0.0000000000000000       0.84769305725239308       0.75096045628084407       0.99979718192451883        1.0000000000000020     
   0.0000000000000000        0.0000000000000000        0.0000000000000000       0.87869045775340160       0.78749191936354457       0.99987035831784588        1.0000000000000022     
   0.0000000000000000        0.0000000000000000        0.0000000000000000       0.90630902947135372       0.82305750835990554       0.99995298764558216        1.0000000000000007     
   0.0000000000000000        0.0000000000000000        0.0000000000000000       0.93039904150127506       0.85670778358417821       0.99997648192791422       0.99999999999999811     
   0.0000000000000000        0.0000000000000000        0.0000000000000000       0.95015441285040325       0.88743287642666668       0.99998978850399278       0.99999999999999845     
   0.0000000000000000        0.0000000000000000        0.0000000000000000       0.96584783925845752       0.91438095081347404       0.99999627449371054       0.99999999999999822     
   0.0000000000000000        0.0000000000000000        0.0000000000000000       0.97751468149824516       0.93721497466267611       0.99999892188043282        1.0000000000000051     
   0.0000000000000000        0.0000000000000000        0.0000000000000000       0.98610717270290871       0.95547473283059658       0.99999977606459955       0.99999999999999967     
   0.0000000000000000        0.0000000000000000        0.0000000000000000       0.99183350290414940       0.96943685530331292       0.99999992360166545       0.99999999999999767     
   0.0000000000000000        0.0000000000000000        0.0000000000000000       0.99535235994463644       0.97953399322142665       0.99999999311623422        1.0000000000000004     
   0.0000000000000000        0.0000000000000000        0.0000000000000000       0.99744370990991027       0.98639763795831181       0.99999999968114694        1.0000000000000007     
   0.0000000000000000        0.0000000000000000        0.0000000000000000       0.99856504580498551       0.99081058989544368       0.99999999999645994       0.99999999999999922     
   0.0000000000000000        0.0000000000000000        0.0000000000000000       0.99913186286235478       0.99366420307880687       0.99999999999996014        1.0000000000000018     
   0.0000000000000000        0.0000000000000000        0.0000000000000000       0.99942720870199309       0.99564237441863646        1.0000000000000004        1.0000000000000029     
   0.0000000000000000        0.0000000000000000        0.0000000000000000       0.99960620506006326       0.99726154565415803       0.99999999999999900        1.0000000000000000     
   0.0000000000000000        0.0000000000000000        0.0000000000000000       0.99972211933571098       0.99821878724154167       0.99999999999999967        1.0000000000000004     
