  0.64399111733743453       0.64859556974897492       0.65576691175469237       0.66576684159613186       0.67818606103381740       0.70299838864314568       0.78977966618484119     
  0.63980553848915744       0.64395906324227548       0.65101189983653041       0.66221428775704161       0.67775001687741487       0.70895612796934537       0.80410171219937976     
  0.63625145842532926       0.64003088811584385       0.64674418407178247       0.65846995993081814       0.67666567451996973       0.71412226544119106       0.81754046664166125     
  0.63324370944332509       0.63662457702367270       0.64297443259889120       0.65487990646384531       0.67554846014014736       0.71895314530311494       0.83045464672851432     
  0.63073896767771453       0.63371728978843556       0.63965433167189645       0.65161335506219820       0.67444777284229795       0.72367402271491676       0.84301527257021736     
  0.62864236211019686       0.63126752382570683       0.63676775375253458       0.64868041109883079       0.67339717185403092       0.72839459796405959       0.85531035501863517     
  0.62688641707536885       0.62915610217647244       0.63427221623042018       0.64605031004923164       0.67243330335090734       0.73307315110504434       0.86737286869684760     
  0.62542669934570005       0.62737140473879960       0.63212839100088924       0.64367592338831325       0.67157637413768212       0.73786914179356855       0.87919529897763737     
  0.62421746599522565       0.62588271985603494       0.63028482002471919       0.64162929727429374       0.67095644974360491       0.74280830137707587       0.89071596424263377     
  0.62320807474323137       0.62464107097285293       0.62869465942478930       0.63983868563245683       0.67051343260424479       0.74790714039928685       0.90181892307817602     
  0.62231510382375499       0.62360256541876957       0.62736227500904096       0.63829718008880476       0.67024794557822487       0.75320650749919371       0.91236732023448119     
  0.62158643805961966       0.62274976753726752       0.62623939588654287       0.63699397839453675       0.67019266004037681       0.75883206608950449       0.92224060142194852     
  0.62098832337539500       0.62205125821619822       0.62530061876608056       0.63591266959978754       0.67033407662124100       0.76460869153499722       0.93136170248051986     
  0.62052700459200194       0.62148136760734418       0.62453356385903358       0.63503838047411509       0.67068067178267943       0.77054084957229341       0.93969313596264237     
  0.62017404317088198       0.62102337906781635       0.62391733704968200       0.63434778415957960       0.67123520610439347       0.77667723430387581       0.94723068910214125     
  0.61991552195436916       0.62067085501977537       0.62344577460966422       0.63385219371189883       0.67195646259709563       0.78311343462427130       0.95399215177694319     
  0.61973411315977867       0.62041817094363294       0.62310520838178463       0.63354257378456214       0.67292985203542477       0.78969812533954131       0.96001007439086261     
  0.61961875205270478       0.62025792118502276       0.62288876537173121       0.63341217656381654       0.67412489271869425       0.79642651661633002       0.96532902532601872     
  0.61956383653343006       0.62018492617231813       0.62278984003362869       0.63345975498030427       0.67553313757311750       0.80329734593159519       0.97000212603329838     
  0.61956802631546648       0.62019485910135075       0.62280836329538947       0.63367622457640782       0.67717537665888727       0.81031557758552153       0.97408734927903040     
  0.61963535879083287       0.62028534116327527       0.62294142903697158       0.63406712151874656       0.67904749893989114       0.81744360242732184       0.97764555859211055     
  0.61976865032675066       0.62045759895958974       0.62319000859669638       0.63463037118269050       0.68115615784940742       0.82463022443949685       0.98073666969661699     
  0.61997236387110499       0.62071313516686633       0.62355517053468512       0.63536697252461349       0.68350320297276479       0.83188061602968610       0.98341778510622657     
  0.62025107697187787       0.62105840339808249       0.62404303084805524       0.63627776833145633       0.68609726716327468       0.83918587054280136       0.98574222252015564     
  0.62061052720347076       0.62150106817141038       0.62466159284301803       0.63737124638952480       0.68894859564026212       0.84655042131707126       0.98775852782438023     
  0.62105830874323753       0.62204899176148443       0.62541806579892789       0.63866340734650850       0.69206620037238020       0.85396235935157161       0.98950997681776431     
  0.62160148671528670       0.62270869602811951       0.62631826782059885       0.64015627643954187       0.69545644817524999       0.86141564777734492       0.99103484910786777     
  0.62224935957461136       0.62348868147091063       0.62736984037599386       0.64185383675142793       0.69912901526472804       0.86890742290192258       0.99236728375515770     
  0.62301331887304723       0.62439926788455180       0.62858124983469232       0.64376155326866469       0.70309645131277154       0.87644205674146647       0.99353791590651896     
  0.62390657727061838       0.62545417891674415       0.62996652425524113       0.64587873513332106       0.70737403632177964       0.88403624554568383       0.99457455102020387     
  0.62493759460638643       0.62666204597330244       0.63153362584755302       0.64822045872634082       0.71197137908711283       0.89171547484206026       0.99539951191752740     
  0.62611696124341010       0.62803394487251207       0.63329180874517810       0.65080005834865373       0.71690583664834218       0.89952407796749079       0.99612262483321568     
  0.62745359333509287       0.62957747477687720       0.63524834401318098       0.65361610234101952       0.72219300594805458       0.90753494194924300       0.99675885105344431     
  0.62895760205560181       0.63130293157361494       0.63741431951197258       0.65667732586400041       0.72786325722755685       0.91586686138230378       0.99732604915454026     
  0.63063549609400782       0.63321783764309536       0.63979766871017019       0.65998983348835805       0.73397518741426138       0.92445127667369953       0.99784237205175075     
  0.63249168379457710       0.63532351533162612       0.64239313539272247       0.66353981663284889       0.74036224075137602       0.93303806107467180       0.99827244752351108     
  0.63452880126772049       0.63762700252127891       0.64520970779566833       0.66730360220034612       0.74672980827657309       0.94120130787029621       0.99857330723831650     
  0.63674928510782502       0.64013266045028716       0.64825016123326551       0.67130297019009844       0.75309574666862755       0.94814001953425742       0.99883084904299779     
  0.63913562424676063       0.64281719063941856       0.65147919577434166       0.67548591106024913       0.75933445290487311       0.95379318148071224       0.99906029869596091     
  0.64168669006800305       0.64568005650293248       0.65489174298144637       0.67984981145836687       0.76543154034032901       0.95844008647680246       0.99926946741026246     
  0.64436795570100802       0.64868776713793430       0.65845341526375245       0.68435429733120012       0.77141179554141137       0.96235816997622270       0.99943482910360815     
  0.64709121016719029       0.65174088636817828       0.66208166250778189       0.68896998838147239       0.77731025922327146       0.96575516018371899       0.99957033904429282     
  0.64972888329521616       0.65472136287978688       0.66566734798239202       0.69357551834758513       0.78315806112309361       0.96875017307549860       0.99966536996996713     
  0.65205323062288256       0.65742221618660757       0.66903113606840681       0.69814450956290663       0.78895330801422936       0.97135012369931184       0.99975733069203032     
   1.0000000000000000        1.0000000000000000        1.0000000000000000        1.0000000000000000        1.0000000000000000        1.0000000000000000        1.0000000000000000     
   1.0000000000000000        1.0000000000000000        1.0000000000000000        1.0000000000000000        1.0000000000000000        1.0000000000000000        1.0000000000000000     
   1.0000000000000000        1.0000000000000000        1.0000000000000000        1.0000000000000000        1.0000000000000000        1.0000000000000000        1.0000000000000000     
   1.0000000000000000        1.0000000000000000        1.0000000000000000        1.0000000000000000        1.0000000000000000        1.0000000000000000        1.0000000000000000     
   1.0000000000000000        1.0000000000000000        1.0000000000000000        1.0000000000000000        1.0000000000000000        1.0000000000000000        1.0000000000000000     
   1.0000000000000000        1.0000000000000000        1.0000000000000000        1.0000000000000000        1.0000000000000000        1.0000000000000000        1.0000000000000000     
   1.0000000000000000        1.0000000000000000        1.0000000000000000        1.0000000000000000        1.0000000000000000        1.0000000000000000        1.0000000000000000     
   1.0000000000000000        1.0000000000000000        1.0000000000000000        1.0000000000000000        1.0000000000000000        1.0000000000000000        1.0000000000000000     
   1.0000000000000000        1.0000000000000000        1.0000000000000000        1.0000000000000000        1.0000000000000000        1.0000000000000000        1.0000000000000000     
   1.0000000000000000        1.0000000000000000        1.0000000000000000        1.0000000000000000        1.0000000000000000        1.0000000000000000        1.0000000000000000     
   1.0000000000000000        1.0000000000000000        1.0000000000000000        1.0000000000000000        1.0000000000000000        1.0000000000000000        1.0000000000000000     
   1.0000000000000000        1.0000000000000000        1.0000000000000000        1.0000000000000000        1.0000000000000000        1.0000000000000000        1.0000000000000000     
   1.0000000000000000        1.0000000000000000        1.0000000000000000        1.0000000000000000        1.0000000000000000        1.0000000000000000        1.0000000000000000     
   1.0000000000000000        1.0000000000000000        1.0000000000000000        1.0000000000000000        1.0000000000000000        1.0000000000000000        1.0000000000000000     
   1.0000000000000000        1.0000000000000000        1.0000000000000000        1.0000000000000000        1.0000000000000000        1.0000000000000000        1.0000000000000000     
   1.0000000000000000        1.0000000000000000        1.0000000000000000        1.0000000000000000        1.0000000000000000        1.0000000000000000        1.0000000000000000     
   1.0000000000000000        1.0000000000000000        1.0000000000000000        1.0000000000000000        1.0000000000000000        1.0000000000000000        1.0000000000000000     
   1.0000000000000000        1.0000000000000000        1.0000000000000000        1.0000000000000000        1.0000000000000000        1.0000000000000000        1.0000000000000000     
   1.0000000000000000        1.0000000000000000        1.0000000000000000        1.0000000000000000        1.0000000000000000        1.0000000000000000        1.0000000000000000     
   1.0000000000000000        1.0000000000000000        1.0000000000000000        1.0000000000000000        1.0000000000000000        1.0000000000000000        1.0000000000000000     
   1.0000000000000000        1.0000000000000000        1.0000000000000000        1.0000000000000000        1.0000000000000000        1.0000000000000000        1.0000000000000000     
   1.0000000000000000        1.0000000000000000        1.0000000000000000        1.0000000000000000        1.0000000000000000        1.0000000000000000        1.0000000000000000     
   1.0000000000000000        1.0000000000000000        1.0000000000000000        1.0000000000000000        1.0000000000000000        1.0000000000000000        1.0000000000000000     
   1.0000000000000000        1.0000000000000000        1.0000000000000000        1.0000000000000000        1.0000000000000000        1.0000000000000000        1.0000000000000000     
   1.0000000000000000        1.0000000000000000        1.0000000000000000        1.0000000000000000        1.0000000000000000        1.0000000000000000        1.0000000000000000     
   1.0000000000000000        1.0000000000000000        1.0000000000000000        1.0000000000000000        1.0000000000000000        1.0000000000000000        1.0000000000000000     
   1.0000000000000000        1.0000000000000000        1.0000000000000000        1.0000000000000000        1.0000000000000000        1.0000000000000000        1.0000000000000000     
   1.0000000000000000        1.0000000000000000        1.0000000000000000        1.0000000000000000        1.0000000000000000        1.0000000000000000        1.0000000000000000     
   1.0000000000000000        1.0000000000000000        1.0000000000000000        1.0000000000000000        1.0000000000000000        1.0000000000000000        1.0000000000000000     
   1.0000000000000000        1.0000000000000000        1.0000000000000000        1.0000000000000000        1.0000000000000000        1.0000000000000000        1.0000000000000000     
   1.0000000000000000        1.0000000000000000        1.0000000000000000        1.0000000000000000        1.0000000000000000        1.0000000000000000        1.0000000000000000     
   1.0000000000000000        1.0000000000000000        1.0000000000000000        1.0000000000000000        1.0000000000000000        1.0000000000000000        1.0000000000000000     
   1.0000000000000000        1.0000000000000000        1.0000000000000000        1.0000000000000000        1.0000000000000000        1.0000000000000000        1.0000000000000000     
   1.0000000000000000        1.0000000000000000        1.0000000000000000        1.0000000000000000        1.0000000000000000        1.0000000000000000        1.0000000000000000     
   1.0000000000000000        1.0000000000000000        1.0000000000000000        1.0000000000000000        1.0000000000000000        1.0000000000000000        1.0000000000000000     
   1.0000000000000000        1.0000000000000000        1.0000000000000000        1.0000000000000000        1.0000000000000000        1.0000000000000000        1.0000000000000000     
   1.0000000000000000        1.0000000000000000        1.0000000000000000        1.0000000000000000        1.0000000000000000        1.0000000000000000        1.0000000000000000     
