   3.2624455514600719        3.0991116851568865        2.8817456057489204        2.7944820777149841        3.3195260667240452        8.5923854499457324        20.600096189508701     
   3.2739299116612326        3.1130302327929593        2.8957912608406500        2.8002532768279882        3.2882344799139624        8.5507043590433991        20.596373287803161     
   3.2797646856520943        3.1211772312495034        2.9042733258987492        2.7997417198300227        3.2474705697077511        8.4892207959567312        20.545943550371000     
   3.2801287410376965        3.1236924383466182        2.9070633366798471        2.7929915547602957        3.1980239621716668        8.4128164027071701        20.461204789684015     
   3.2751936003885298        3.1206744804400426        2.9041343426475441        2.7799848094735546        3.1407551374047671        8.3235832962722416        20.350923102370892     
   3.2651097522129624        3.1121284126267779        2.8954506951677388        2.7606872030533065        3.0769666881126709        8.2271957265193958        20.232226066918656     
   3.2500144924108261        3.0981393312633623        2.8810142924086368        2.7353890695967928        3.0083539895574720        8.1304882808931751        20.115689268973721     
   3.2300138762932025        3.0788058983121189        2.8610123401657610        2.7046830691113319        2.9365014138010990        8.0376813944628562        20.002582817387982     
   3.2052108617515342        3.0542932769823330        2.8358151312395448        2.6692906772951521        2.8628736844691089        7.9498186383755796        19.889203144693930     
   3.1756771487951747        3.0248627172851110        2.8058578988229077        2.6298863688305656        2.7887355637134568        7.8665094362163748        19.771617510818636     
   3.1414361039908210        2.9908297320936192        2.7716147960508755        2.5869707728373839        2.7150462376451090        7.7856507231618117        19.648717630327319     
   3.1028092528406921        2.9524743134985423        2.7335473017631977        2.5408804196485688        2.6424467394741216        7.7076407632722788        19.519387704967709     
   3.0600888404533366        2.9101921551124081        2.6920825806939330        2.4919341658178880        2.5713136080988792        7.6293851782629192        19.381623602083504     
   3.0135734754896339        2.8642839649684531        2.6475429464996356        2.4403823700688920        2.5018101220450570        7.5526415741414867        19.235149057556491     
   2.9635692257870745        2.8150326681127411        2.6002444334732959        2.3864030422592530        2.4339202242369464        7.4753768502420277        19.079567157807439     
   2.9103437643910666        2.7628102236837684        2.5503990854526641        2.3300299914929981        2.3675155786227142        7.3974552783626430        18.915604897599820     
   2.8541424260601866        2.7078779967434490        2.4981853734457147        2.2715911910747231        2.3024216785442762        7.3187004781232172        18.742525409892547     
   2.7949892800335947        2.6504392651392767        2.4437801034424438        2.2113530969910453        2.2384509654470861        7.2382338513216435        18.562117471910472     
   2.7331400475982925        2.5906729094839611        2.3873453492475112        2.1496808181799154        2.1754314117945950        7.1563051620125773        18.372700306345319     
   2.6687207816564036        2.5287023770876584        2.3289680334936538        2.0868092060870000        2.1132218114792369        7.0723435518652344        18.176285277370752     
   2.6019442558829531        2.4646725885050995        2.2687366457136569        2.0229640287041426        2.0516964457372651        6.9865040185967580        17.971172888269912     
   2.5329205336805991        2.3986886034904691        2.2067443433693330        1.9584012286383587        1.9907637166486509        6.8984258840181134        17.758343796894298     
   2.4617398023520951        2.3308257921403723        2.1429780784827335        1.8933631422900212        1.9303499914010462        6.8082106427109146        17.537476766428419     
   2.3884332417243774        2.2611116329041492        2.0774354022159187        1.8280371063295837        1.8703837226351534        6.7156046871904360        17.309626994019151     
   2.3130028262343223        2.1895288410820823        2.0101201785709177        1.7626003188503674        1.8107998720478069        6.6205346611828206        17.073698543890170     
   2.2354652995271986        2.1160177340759865        1.9410135412836786        1.6971767330894709        1.7515294086543869        6.5230621541285494        16.829568099829306     
   2.1557547954913758        2.0404866253590748        1.8700976814304970        1.6318259204694501        1.6924920203860319        6.4226226995181754        16.573751541839467     
   2.0737521462550865        1.9627986073045329        1.7973379398957909        1.5665393242300896        1.6335807099469946        6.3201835109364985        16.296287783373149     
   1.9892781526366481        1.8827670741743230        1.7226021174072073        1.5012374087744869        1.5746567786260870        6.2149914675447482        16.036688579915129     
   1.9020897251572566        1.8001513236598874        1.6456944992923896        1.4356778418379050        1.5155479993781571        6.1076334546827953        15.770134629211755     
   1.8118823709478287        1.7146477911913396        1.5663966930258915        1.3694303217169255        1.4560283421705764        5.9975698898480649        15.499491557771853     
   1.7182676611101519        1.6258854202523996        1.4844374726261407        1.3020993486268380        1.3958090583382692        5.8854113390914495        15.224726107870501     
   1.6207789477274861        1.5333869984085671        1.3994379916752051        1.2332281756819667        1.3345213927089381        5.7710404546485004        14.947883883715912     
   1.5188484548449133        1.4365624407295507        1.3107961416999543        1.1624573937765106        1.2716952266205803        5.6541765539828761        14.668613510351346     
   1.4117918902037647        1.3347072624025422        1.2177679618178474        1.0891414836809092        1.2068150488444991        5.5355059351873850        14.387005892926028     
   1.2989118803294752        1.2269694107092455        1.1195581509563051        1.0122700904589321        1.1391513843044230        5.4142046037024141        14.104184284657002     
   1.1790284053109321        1.1123299621331966        1.0150723870928249       0.93028701557939486        1.0678486311799713        5.2909866788020379        13.821402852879951     
   1.0510757522212801       0.98954961132229025       0.90254424604825956       0.84042528651302950       0.99179438124980357        5.1656491212757674        13.538846166284781     
  0.91364341419499218       0.85714864290141846       0.77992234351943435       0.74023983517058789       0.90982626466269556        5.0383437174903269        13.257878763599182     
  0.76467604581610582       0.71320431437264697       0.64490025608524160       0.62701348510461230       0.81981167844536673        4.9088606636056999        12.980380614466432     
  0.60153952545832468       0.55493409641976377       0.49439111812601516       0.49737503462974242       0.71865231481095815        4.7771790468897848        12.707504794775994     
  0.42035493064635115       0.37838221438010283       0.32424116670804853       0.34684719078073606       0.60282544585863629        4.6427698542718048        12.442036782826408     
  0.21557712820141101       0.17767914485048539       0.12855626258676242       0.16907591477223455       0.46795416337166057        4.5053536667411160        12.186641980914954     
  -2.1983991348898977E-002  -5.6577944723045864E-002 -0.10166833608156488       -4.4737352435793590E-002  0.30877759530338456        4.3645064123372457        11.945017132601919     
 -0.30931228878653305      -0.34056550427855559      -0.38100298918212339      -0.30736347333990066       0.11676019748217620        4.2204192048746041        11.721269576117747     
 -0.26188602826551638      -0.29220875738673746      -0.33159491226286369      -0.26037767966647518       0.14474582299489125        4.1534776333202998        11.519488420318675     
 -0.21918419429231301      -0.24792631814923313      -0.28547509690194223      -0.21581790113106306       0.17273970985046799        4.0855374193085012        11.316040451837759     
 -0.18132332910333243      -0.20778590306077382      -0.24268842823314929      -0.17376015717665586       0.20065921546595650        4.0165411239492430        11.110854944139229     
 -0.14827217802106407      -0.17186831668106267      -0.20329416886746232      -0.13426231700608801       0.22835610197118714        3.9464159649954786        10.903617532916895     
 -0.11983548956766182      -0.14018525941198109      -0.16736730033795252       -9.7396715841660528E-002  0.25574417206466860        3.8751011840304654        10.694288736234116     
  -9.5693900766292431E-002 -0.11264012779048158      -0.13497754991947544       -6.3256554776453686E-002  0.28273214395826685        3.8025728981575342        10.482851663933534     
  -7.5461887981428707E-002  -8.9046220934884818E-002 -0.10616889607242548       -3.1956516722128604E-002  0.30920413290562299        3.7288187498815373        10.269585962479194     
  -5.8716495383984671E-002  -6.9146998880484783E-002  -8.0945739139410597E-002  -3.6442761004872089E-003  0.33497827909270333        3.6538025447549822        10.054593172874352     
  -4.5019944849594928E-002  -5.2630244600646400E-002  -5.9263914730509223E-002   2.1502142880163663E-002  0.35990630013247971        3.5774480068989956        9.8380628877098815     
  -3.3949451261662815E-002  -3.9153318941389161E-002  -4.1018789188607033E-002   4.3315036630571110E-002  0.38465843408060457        3.4997526708377653        9.6201036916651699     
  -2.5108163233189974E-002  -2.8352409466749426E-002  -2.6037659024640371E-002   6.1673028120522368E-002  0.40829099801637925        3.4205810314106260        9.4010324850343689     
  -1.8138134223320491E-002  -1.9862346311482003E-002  -1.4108437586979836E-002   7.6544023428435304E-002  0.43013381547450269        3.3400145528933907        9.1812012618365664     
  -1.2728221834871715E-002  -1.3331493234035612E-002  -4.9759285444570412E-003   8.7968494206926720E-002  0.44987314914925114        3.2581720322180265        8.9609458008539722     
  -8.6071608076852893E-003  -8.4306596897057544E-003   1.6717586893278786E-003   9.6027267692463669E-002  0.46720827811143861        3.1753963837812864        8.7405859419727374     
  -5.5411495849043806E-003  -4.8606078048899614E-003   6.1765626563620168E-003  0.10089046748983192       0.48178488243567374        3.0917244495311267        8.5202853334032600     
  -3.3265677695029851E-003  -2.3536842205060596E-003   8.8952445889807531E-003  0.10269306669973022       0.49316892674338492        3.0072660552506343        8.3004777728842036     
  -1.8057679781990871E-003  -6.8459082544815352E-004   1.0185357360371945E-002  0.10146045099050463       0.50082520539984710        2.9221268065041679        8.0810813436478206     
  -8.1073972956603041E-004   3.5148999288843068E-004   1.0390758558643723E-002   9.7430256388296443E-002  0.50402971500007787        2.8364271724093624        7.8620062122725267     
  -2.0728515956846465E-004   9.1558590390834749E-004   9.8282323782333657E-003   9.1020826015533893E-002  0.50228924310016998        2.7503125068724601        7.6430551047442821     
   1.1669966463110851E-004   1.1373726251345639E-003   8.7770359999107921E-003   8.2773906618445262E-002  0.49521209593082210        2.6639858612535812        7.4239079880855270     
   2.5754714971658592E-004   1.1453933955553437E-003   7.4690702864928880E-003   7.3272343874345294E-002  0.48244237063728512        2.5776987100444337        7.2040084006618867     
   2.9088220108322750E-004   1.0204363000846388E-003   6.0871179699706493E-003   6.2966304857033209E-002  0.46386359059593113        2.4919139387191915        6.9830498690154910     
   2.7120305685022876E-004   8.4299855442049006E-004   4.7529636576477529E-003   5.2444070029892341E-002  0.43968624539656975        2.4067605153336413        6.7602172301370524     
   2.3462230025859214E-004   6.6169159493711591E-004   3.5656564698931803E-003   4.2246219080151207E-002  0.41024511930034457        2.3225447976578386        6.5345511386186672     
   2.0013430988732045E-004   5.0779274597133578E-004   2.5730961037803575E-003   3.2838707348677908E-002  0.37586828257910432        2.2401149478905547        6.3046421871289668     
   1.7519814631324188E-004   3.9433799000310166E-004   1.8045206971551275E-003   2.4588432706055222E-002  0.33723147497860856        2.1603064220022725        6.0686662481487197     
   1.6016718097610938E-004   3.2064346229265865E-004   1.2494731608103252E-003   1.7709859474615286E-002  0.29560228931757804        2.0830360370483687        5.8240742573615529     
   1.5252679364672215E-004   2.7883614744366613E-004   8.8102281532530149E-004   1.2295287332866004E-002  0.25245584547031985        2.0083108009330326        5.5675796037718124     
   1.4931143777297863E-004   2.5832212680065495E-004   6.5792806802131623E-004   8.2724241155186645E-003  0.20938532288277764        1.9347025900183599        5.2948870781892969     
   1.4826674721207648E-004   2.5001095937366081E-004   5.3725112879657007E-004   5.4838631941695731E-003  0.16831041561400298        1.8598336218600948        5.0003632468917738     
   1.4805092493694479E-004   2.4746301537979646E-004   4.7956130817102867E-004   3.6876024455578466E-003  0.13110666481583527        1.7807879561738451        4.6766632480649735     
   1.4806977622511082E-004   2.4700789859993268E-004   4.5566930940999233E-004   2.6148834028228317E-003   9.9355252532131746E-002   1.6938770238988872        4.3140625441533604     
   1.4810614471597451E-004   2.4701011675030965E-004   4.4586654316943988E-004   2.0118399755380358E-003   7.3830867121705543E-002   1.5937372894020976        3.9000715759422908     
   1.4810701870788214E-004   2.4685579162146584E-004   4.3934519861762490E-004   1.6603408621674255E-003   5.3974985839793301E-002   1.4733805312653658        3.4185959212372232     
   1.4807873683283363E-004   2.4648512621256829E-004   4.3174946222529194E-004   1.4056250010728948E-003   3.8351694553754034E-002   1.3020639660117106        2.8518057365664840     
   1.4802978163980406E-004   2.4600720548522065E-004   4.2288903037099047E-004   1.1662443645216818E-003   2.5759602358007647E-002   1.0407395887696207        2.1810128520154559     
