   3.4387153739550866     
   3.4350792533564465     
   3.4235001085019596     
   3.4045467616861620     
   3.3786074671105810     
   3.3464389419343892     
   3.3090589864020976     
   3.2673966772658476     
   3.2222207857357739     
   3.1741652562549221     
   3.1236492495203794     
   3.0711037826001220     
   3.0166664174183797     
   2.9606769223607574     
   2.9031667770960454     
   2.8441901498115323     
   2.7838747340654515     
   2.7222893858310560     
   2.6595876771640863     
   2.5958321264529656     
   2.5311083839418189     
   2.4655054822173290     
   2.3991040310697347     
   2.3319505165168470     
   2.2640847844304766     
   2.1955321486791712     
   2.1262278297470005     
   2.0561197433865623     
   1.9853112361802085     
   1.9134788505899791     
   1.8403162766624508     
   1.7655498841677066     
   1.6887989921611490     
   1.6096081143452969     
   1.5274225235584624     
   1.4413889585108635     
   1.3504262874828299     
   1.2526921066464531     
   1.1463980115135557     
   1.0293055750973805     
  0.89845586391104426     
  0.75000778917260957     
  0.57866540247969278     
  0.37699400407007799     
  0.13348416839717223     
  0.16789070425404551     
  0.20022732673136745     
  0.23042536827527776     
  0.25840135856818064     
  0.28408539703493924     
  0.30740961510357112     
  0.32830689966476179     
  0.34669313771513210     
  0.36249415798899959     
  0.37585788799349856     
  0.38657067293428093     
  0.39454185732298969     
  0.39980596555297632     
  0.40244179754937809     
  0.40253439783075262     
  0.40014389304659953     
  0.39525794416801646     
  0.38789565920755620     
  0.37819198130307818     
  0.36634491411039222     
  0.35256656559159089     
  0.33707618138617690     
  0.32018567600956876     
  0.30222128751199195     
  0.28349623648156153     
  0.26436087215865334     
  0.24517862559642872     
  0.22631292456613292     
  0.20799429198439490     
  0.19043206992556774     
  0.17374936576598779     
  0.15792737903955451     
  0.14263902976845191     
  0.12712703933664543     
  0.10896951524510240     
   8.5311612838269588E-002
