  0.60681246284964074       0.61562393384324376       0.62825971727276719       0.65395801221036731       0.74227768347701861        1.0459506379299877        2.0567023439951035     
  0.62290584679299976       0.63159347218750417       0.64447843848633923       0.67135394176351060       0.76318459125279536        1.0836901032547424        2.1721570899820848     
  0.63907130767949871       0.64740520617810338       0.66035984666654601       0.68839359715300774       0.78405067870807554        1.1215398222203996        2.2918240956727005     
  0.65527024930994393       0.66315523393055908       0.67606844520439136       0.70514274091190210       0.80404914246633619        1.1594759555056757        2.4164752268025911     
  0.67143718817756781       0.67885409936377750       0.69163278461770206       0.72172128603302943       0.82382178702432296        1.1974044534023169        2.5465930186037564     
  0.68750250114094924       0.69444545291257975       0.70703587301996607       0.73806253374909536       0.84370367316927741        1.2353122866714090        2.6814001990625984     
  0.70340623854021489       0.70987048532144970       0.72224388052138999       0.75416054404640698       0.86329898454152032        1.2733195028974278        2.8216073792276961     
  0.71909038298840311       0.72507881665314688       0.73719667553534018       0.76994906929088003       0.88258360944558689        1.3115180761483916        2.9675900384319034     
  0.73451437298520084       0.74001423574409309       0.75186305814156440       0.78541356908879201       0.90153625187646114        1.3495946227205571        3.1194188572036561     
  0.74963787876195909       0.75463017789370523       0.76620546009761337       0.80055536914980618       0.92016495580601498        1.3883185862672154        3.2780039463475199     
  0.76431718735201626       0.76889427042643843       0.78018944587945871       0.81532945468569429       0.93845570086613017        1.4267184152980452        3.4435189629239344     
  0.77853557149714736       0.78273414624512871       0.79379228391342893       0.82975226156396564       0.95640925317047609        1.4657659272969292        3.6151421175401803     
  0.79226799725920860       0.79613775724047819       0.80700909795726328       0.84377603360764764       0.97403139693684049        1.5047121992282215        3.7934347680843024     
  0.80547733590779991       0.80907146501803329       0.81978497586408883       0.85736043341324020       0.99132390978693841        1.5458857563763919        3.9790014040917661     
  0.81813677198962109       0.82146610991664271       0.83212679903637121       0.87061559091072060        1.0082943140976712        1.5830837429825735        4.1733961601688838     
  0.83021871409764025       0.83333868959995727       0.84402613163652607       0.88339560204937684        1.0249359264539859        1.6258234705755950        4.3751197428005222     
  0.84173524374109088       0.84466973732677608       0.85546432797793270       0.89573693897275508        1.0412409981716597        1.6618706154230580        4.5866148885433411     
  0.85262701309526201       0.85545297398937259       0.86642215023752067       0.90764144667338087        1.0571992509035526        1.7033813591358371        4.8051340583546294     
  0.86289627003095948       0.86569259085226047       0.87689943370830503       0.91909020118285589        1.0727988881868069        1.7414033241890714        5.0349381376102160     
  0.87249736564998726       0.87534036653557390       0.88688289196791803       0.93006716012557578        1.0880247223231894        1.7827291991106680        5.2740111379801409     
  0.88146382519975985       0.88441098450800337       0.89635514384672210       0.94057162659798355        1.1028657857400990        1.8213856635306360        5.5179329826240808     
  0.88979361457956374       0.89290367805605819       0.90533265856569523       0.95059325274165640        1.1173071309005644        1.8626597296094491        5.7727797575331481     
  0.89749647158301327       0.90081718209732387       0.91378853658260473       0.96013413725873165        1.1313322677918638        1.9016896588167027        6.0407894242637523     
  0.90457730344276976       0.90815508257076494       0.92172079082086844       0.96917869193021000        1.1449320947698252        1.9429369670039300        6.3183051516210478     
  0.91101612759820594       0.91492235395972121       0.92912352661969932       0.97771934988359377        1.1580957247932535        1.9822477121325133        6.6078469090962662     
  0.91683915626374302       0.92111632569218937       0.93597582681058955       0.98575908525077927        1.1708187203173224        2.0234375328362262        6.9083490688113507     
  0.92205145271616595       0.92673615486428795       0.94226090489080416       0.99329048661946973        1.1830738006663846        2.0629173021885818        7.2202297882212472     
  0.92665856419286496       0.93178193565795708       0.94801103182880564        1.0003037955102010        1.1948792690667884        2.1041337365700050        7.5432235305481097     
  0.93066781958920908       0.93625444841098215       0.95323759373944195        1.0067869670651335        1.2061688960733163        2.1436869630486890        7.8779187342946626     
  0.93408532562015101       0.94015374185703338       0.95789184427967322        1.0127564652875547        1.2170153422259027        2.1852626306707301        8.2236924282830905     
  0.93690972807345974       0.94347265654802026       0.96195060977777547        1.0181956464880992        1.2273057549318216        2.2244360474350575        8.5820150548368996     
  0.93913467976324316       0.94621072312916410       0.96539228009673683        1.0230500862629681        1.2371179736789470        2.2664105416718114        8.9530110734970201     
  0.94075428661936000       0.94835775630971275       0.96823503277214618        1.0273384569428252        1.2463883068882493        2.3041128367199240        9.3380273135266343     
  0.94174825863161371       0.94989062286414883       0.97046031400313104        1.0310060006596906        1.2550002393288271        2.3460033145507619        9.7324305886080946     
  0.94206875689492631       0.95077094621950653       0.97201414476085424        1.0339933393769472        1.2630256942973761        2.3824140545742654        10.140876967527790     
  0.94175496591511210       0.95096773490736153       0.97288296956010756        1.0363129900332806        1.2704473715115854        2.4230165746148318        10.560045974516791     
  0.94069373684614999       0.95042291270949653       0.97307827093795540        1.0378607773548514        1.2772101860635723        2.4595110710401689        10.988886201765585     
  0.93881363225427661       0.94904986141012515       0.97254134506070011        1.0386144609899781        1.2833021166739087        2.4993883761748674        11.429351070442529     
  0.93607168228539295       0.94677452041241439       0.97103940761376750        1.0385860968716549        1.2886283030529380        2.5344064920084972        11.878990636155995     
  0.93230880646415970       0.94347680239411214       0.96850117791714740        1.0375487152064784        1.2930736252650377        2.5739988314775695        12.335809341812325     
  0.92735501969079226       0.93896993612066026       0.96479934764045505        1.0354824508611915        1.2966546290622338        2.6076434207454691        12.800734335466474     
  0.92095719513243146       0.93303051074331833       0.95977464986904326        1.0322654987458750        1.2992695050937710        2.6473850307532238        13.274233903570408     
  0.91268477490906130       0.92533035584025314       0.95317215701693536        1.0276943341435036        1.3008230469218816        2.6813699383196266        13.757040997704211     
  0.90199197320301205       0.91547427399862602       0.94473580284815306        1.0215521443200903        1.3012584812552654        2.7252966844997761        14.245311412735891     
  0.65635940439522200       0.66947827001767124       0.69793968779976201       0.77564961770705732        1.0854105914381924        2.6477294157275111        14.729167535332490     
  0.64299662833011184       0.65736322012471848       0.68802020653627349       0.76930646841377670        1.0856639091966476        2.6856324464727694        15.205418677301820     
  0.62998443045984387       0.64545840463171955       0.67804818720565407       0.76264308322591923        1.0852451187810606        2.7221782497870906        15.683589534199539     
  0.61741736307655448       0.63382570569960039       0.66807073702568232       0.75570303049906229        1.0841564599036557        2.7572762323494078        16.163200438230724     
  0.60540725366090753       0.62252473045510570       0.65814928176177423       0.74853822035408468        1.0824321044357976        2.7909017730448724        16.644403284619049     
  0.59413587575311222       0.61162438177695477       0.64833790997313701       0.74119779923650686        1.0801192868237979        2.8230448039735254        17.125691635334775     
  0.58370696761675334       0.60121453725865848       0.63869556731006127       0.73371548095352446        1.0772397045146496        2.8538152461135415        17.607302909836125     
  0.57411608620837351       0.59132609944804493       0.62920955535227718       0.72605407782983422        1.0737353163349121        2.8827858270849935        18.088344641441157     
  0.56529438187915071       0.58197248517571998       0.61985921126632815       0.71816554827139856        1.0694757920146001        2.9095832854757089        18.564742648739941     
  0.55716480977386118       0.57318026533629129       0.61066216466330947       0.71004351608093552        1.0642110798093427        2.9340344760541637        19.032223794016573     
  0.54966496760188432       0.56494395075772774       0.60163246208070398       0.70167247519667442        1.0583621973908790        2.9558643881800992        19.493910984596628     
  0.54277194630933046       0.55724265687202412       0.59277098054471455       0.69301752224787627        1.0516953405837635        2.9747251903473759        19.944601762268530     
  0.53650242391476488       0.55005384998842421       0.58408588188403876       0.68402374626097384        1.0439732661963603        2.9900866798201111        20.379368156921679     
  0.53089341883295937       0.54337387073378451       0.57560746543714147       0.67462930260890441        1.0350605848319843        3.0013896960560706        20.792150093824215     
  0.52599805329505622       0.53722385220834412       0.56739064837259112       0.66477646455574524        1.0248188404491181        3.0079657732716574        21.177167850978449     
  0.52185647746371522       0.53164995817665373       0.55946194112387815       0.65441379879020800        1.0131406191511940        3.0091668618326533        21.528241676510447     
  0.51846606403452122       0.52671694956061987       0.55187480497985375       0.64351421043700852       0.99990636052255621        3.0043147334112938        21.838646082211309     
  0.51577222301052617       0.52246878437279765       0.54469494053112710       0.63205814599275734       0.98498384527933991        2.9925934098197029        22.099789459415536     
  0.51369988892688978       0.51893420663024337       0.53802171124429210       0.62006994586905040       0.96817752668164514        2.9733958590568701        22.309927341480275     
  0.51215169658232107       0.51609635591267322       0.53196025614407227       0.60767217387063321       0.94938828654568741        2.9460727607411497        22.454600680019816     
  0.51103113835588065       0.51389732344064831       0.52661498327558709       0.59505053125236318       0.92856708873465088        2.9100557852828444        22.524609748276283     
  0.51024975208600265       0.51225724005310525       0.52207015530667056       0.58242584292527289       0.90567775120614447        2.8648618984387584        22.523658215645703     
  0.50973135798124880       0.51107845954642539       0.51835597364573149       0.57013902513106007       0.88067419676428804        2.8099777431454642        22.436951959994559     
  0.50940850345752764       0.51026797707113392       0.51544792653332572       0.55851489132575194       0.85358081473320990        2.7449630989622871        22.258073366676367     
  0.50922287606292926       0.50974071867786708       0.51327601135856404       0.54785256731428744       0.82442564943623398        2.6694290928609568        21.981136372812948     
  0.50912596506104946       0.50941882488329915       0.51172931748968853       0.53843691712450226       0.79332224152555431        2.5831801186823196        21.598821488513941     
  0.50908051994462944       0.50923754347978367       0.51068472706353985       0.53048479157739925       0.76051741326200928        2.4863440525391551        21.106658567034973     
  0.50906127731038509       0.50914388156449164       0.51001714163387679       0.52408404988741919       0.72648291280498867        2.3791968554791985        20.504847567128213     
  0.50905371097337226       0.50909906186103071       0.50961576418635868       0.51921414902290164       0.69200077646818248        2.2624226256990858        19.791576762821375     
  0.50905066721218628       0.50907823997104851       0.50938742702163964       0.51571056143422223       0.65818471430489189        2.1364563220836570        18.971131407925942     
  0.50904920947818844       0.50906791555604536       0.50926176785602240       0.51332824375301067       0.62635176776062107        2.0032874907891394        18.049224653522010     
  0.50904831799873917       0.50906191097531495       0.50919099376111621       0.51178931277984152       0.59775647902860840        1.8640344665771409        17.036101548361088     
  0.50904769352410362       0.50905784341013272       0.50914781698620204       0.51083170019464996       0.57347528009425808        1.7205890771108383        15.950316480014713     
  0.50904724604895057       0.50905490070931880       0.50911863618723951       0.51024067223249947       0.55408254989198846        1.5769512083571475        14.812254866575437     
  0.50904693418083768       0.50905277287480410       0.50909762272466619       0.50986487512860812       0.53952558839981413        1.4355323218681926        13.649960529216798     
  0.50904672725306355       0.50905128943201838       0.50908238756737134       0.50961328493715241       0.52927262370155936        1.3007590264668538        12.496555508461118     
  0.50913962053434692       0.50914332504511173       0.50916463159423042       0.50952994927278517       0.52253683923788774        1.1752797298826612        11.388039105637636     
