   1.1277234346659734E-004   1.0655666542114430E-003   4.1687228104967120E-003   6.5604178601869683E-003   4.1687228104967163E-003   1.0655666542114437E-003   1.1277234346659616E-004
   1.1267232542393114E-004   1.0646216007718498E-003   4.1650255609485707E-003   6.5545994109708332E-003   4.1650255609485907E-003   1.0646216007718457E-003   1.1267232542393004E-004
   1.1256830665955834E-004   1.0636387451946677E-003   4.1611804214185507E-003   6.5485482237860057E-003   4.1611804214185446E-003   1.0636387451946701E-003   1.1256830665955765E-004
   1.1246028717347968E-004   1.0626180874799118E-003   4.1571873919065746E-003   6.5422642986326064E-003   4.1571873919065737E-003   1.0626180874799050E-003   1.1246028717347855E-004
   1.1235169615572829E-004   1.0615920294597737E-003   4.1531732352543234E-003   6.5359471251979252E-003   4.1531732352543382E-003   1.0615920294597798E-003   1.1235169615572730E-004
   1.1224424820132125E-004   1.0605767720503858E-003   4.1492013328826320E-003   6.5296964483257149E-003   4.1492013328826450E-003   1.0605767720503801E-003   1.1224424820132054E-004
   1.1213737177858684E-004   1.0595669149463648E-003   4.1452505576512148E-003   6.5234790197347394E-003   4.1452505576512156E-003   1.0595669149463603E-003   1.1213737177858626E-004
   1.1203106688752484E-004   1.0585624581477063E-003   4.1413209095600770E-003   6.5172948394250267E-003   4.1413209095600674E-003   1.0585624581477052E-003   1.1203106688752411E-004
   1.1192304740144553E-004   1.0575418004329445E-003   4.1373278800481000E-003   6.5110109142715962E-003   4.1373278800481044E-003   1.0575418004329423E-003   1.1192304740144462E-004
   1.1181102719366025E-004   1.0564833405805991E-003   4.1331869605541957E-003   6.5044942511494896E-003   4.1331869605542113E-003   1.0564833405806039E-003   1.1181102719365928E-004
   1.1169386320082302E-004   1.0553762779799299E-003   4.1288558967978381E-003   6.4976783534962893E-003   4.1288558967978346E-003   1.0553762779799329E-003   1.1169386320082205E-004
   1.1156926929624512E-004   1.0541990114094626E-003   4.1242501802178904E-003   6.4904302281870501E-003   4.1242501802178878E-003   1.0541990114094661E-003   1.1156926929624451E-004
   1.1143838854327095E-004   1.0529623414799413E-003   4.1194120650949410E-003   6.4828163717842143E-003   4.1194120650949297E-003   1.0529623414799382E-003   1.1143838854327013E-004
   1.1129950634688371E-004   1.0516500672752413E-003   4.1142781700081125E-003   6.4747370394440769E-003   4.1142781700081099E-003   1.0516500672752441E-003   1.1129950634688237E-004
   1.1115262270708260E-004   1.0502621887953840E-003   4.1088484949574440E-003   6.4661922311666422E-003   4.1088484949574362E-003   1.0502621887953827E-003   1.1115262270708171E-004
   1.1099773762386849E-004   1.0487987060403543E-003   4.1031230399429111E-003   6.4571819469519251E-003   4.1031230399429077E-003   1.0487987060403517E-003   1.1099773762386799E-004
   1.1083370803389703E-004   1.0472488183994164E-003   4.0970595506840107E-003   6.4476396902374703E-003   4.0970595506839977E-003   1.0472488183994187E-003   1.1083370803389581E-004
   1.1065939087382210E-004   1.0456017252618432E-003   4.0906157729001394E-003   6.4374989644607594E-003   4.0906157729001308E-003   1.0456017252618410E-003   1.1065939087382122E-004
   1.1047364308029944E-004   1.0438466260168811E-003   4.0837494523107915E-003   6.4266932730593475E-003   4.0837494523107672E-003   1.0438466260168774E-003   1.1047364308029866E-004
   1.1027417852664032E-004   1.0419619194430580E-003   4.0763760803548040E-003   6.4150896229082906E-003   4.0763760803547936E-003   1.0419619194430622E-003   1.1027417852663944E-004
   1.1006042568117161E-004   1.0399422052350148E-003   4.0684745298919791E-003   6.4026547657263788E-003   4.0684745298919748E-003   1.0399422052350142E-003   1.1006042568117076E-004
   1.0983066994887690E-004   1.0377712824766285E-003   4.0599814195014274E-003   6.3892889566698587E-003   4.0599814195014326E-003   1.0377712824766279E-003   1.0983066994887562E-004
   1.0958319673473721E-004   1.0354329502518054E-003   4.0508333677623633E-003   6.3748924508950800E-003   4.0508333677623572E-003   1.0354329502518054E-003   1.0958319673473633E-004
   1.0931743450708252E-004   1.0329218082551672E-003   4.0410092475344824E-003   6.3594320001207228E-003   4.0410092475345032E-003   1.0329218082551683E-003   1.0931743450708165E-004
   1.0903338326591140E-004   1.0302378564867216E-003   4.0305090588178376E-003   6.3429076043468946E-003   4.0305090588178463E-003   1.0302378564867193E-003   1.0903338326591081E-004
   1.0872989994788021E-004   1.0273702943357234E-003   4.0192905473318205E-003   6.3252527670110319E-003   4.0192905473318196E-003   1.0273702943357232E-003   1.0872989994787900E-004
   1.0840412689462540E-004   1.0242921202753277E-003   4.0072480773751095E-003   6.3063012467070127E-003   4.0072480773750844E-003   1.0242921202753301E-003   1.0840412689462419E-004
   1.0805377797945865E-004   1.0209817330840614E-003   3.9942971403865313E-003   6.2859200503098721E-003   3.9942971403865348E-003   1.0209817330840607E-003   1.0805377797945770E-004
   1.0767771013903461E-004   1.0174283321511895E-003   3.9803954820855948E-003   6.2640426812571965E-003   3.9803954820855861E-003   1.0174283321511904E-003   1.0767771013903432E-004
   1.0727592337335463E-004   1.0136319174767056E-003   3.9655431024723060E-003   6.2406691395489175E-003   3.9655431024723077E-003   1.0136319174767088E-003   1.0727592337335365E-004
   1.0684441696071073E-004   1.0095546869230256E-003   3.9495921115646976E-003   6.2155666872164232E-003   3.9495921115646794E-003   1.0095546869230243E-003   1.0684441696070969E-004
   1.0638090477441305E-004   1.0051750392686819E-003   3.9324580008016944E-003   6.1886023311347321E-003   3.9324580008016823E-003   1.0051750392686804E-003   1.0638090477441242E-004
   1.0588081456108396E-004   1.0004497720707073E-003   3.9139717530610948E-003   6.1595100850539907E-003   3.9139717530610732E-003   1.0004497720707065E-003   1.0588081456108319E-004
   1.0534071713068863E-004   9.9534648349689663E-004   3.8940066055012396E-003   6.1280904592868266E-003   3.8940066055012440E-003   9.9534648349689902E-004   1.0534071713068747E-004
   1.0475604022984719E-004   9.8982197110429864E-004   3.8723935409999515E-003   6.0940774675833243E-003   3.8723935409999389E-003   9.8982197110429626E-004   1.0475604022984666E-004
   1.0412221160518191E-004   9.8383303244995411E-004   3.8489635424349901E-003   6.0572051236935766E-003   3.8489635424350035E-003   9.8383303244995086E-004   1.0412221160518191E-004
   1.0343351593996874E-004   9.7732566448017642E-004   3.8235053384036597E-003   6.0171409448052564E-003   3.8235053384036563E-003   9.7732566448017382E-004   1.0343351593996818E-004
   1.0268423791748374E-004   9.7024586414127211E-004   3.7958076575031643E-003   5.9735524481060454E-003   3.7958076575031626E-003   9.7024586414126961E-004   1.0268423791748273E-004
   1.0186866222100268E-004   9.6253962837955216E-004   3.7656592283307902E-003   5.9261071507835574E-003   3.7656592283307729E-003   9.6253962837955086E-004   1.0186866222100206E-004
   1.0098335966049188E-004   9.5417455536280058E-004   3.7329332880448461E-003   5.8746055631503577E-003   3.7329332880448435E-003   9.5417455536280025E-004   1.0098335966049135E-004
   1.0002318645089978E-004   9.4510204234269431E-004   3.6974396923828822E-003   5.8187484506753819E-003   3.6974396923828831E-003   9.4510204234269453E-004   1.0002318645089883E-004
   9.8981855743830269E-005   9.3526268596017133E-004   3.6589460428018820E-003   5.7581700822649951E-003   3.6589460428018807E-003   9.3526268596017318E-004   9.8981855743829577E-005
   9.7854223754232145E-005   9.2460788346691619E-004   3.6172621950393640E-003   5.6925712233881261E-003   3.6172621950393592E-003   9.2460788346691674E-004   9.7854223754230681E-005
   9.6625430658622537E-005   9.1299722692333378E-004   3.5718388434481723E-003   5.6210874187326253E-003   3.5718388434481624E-003   9.1299722692332694E-004   9.6625430658621886E-005
   9.5282331228538385E-005   9.0030650930592027E-004   3.5221900638019821E-003   5.5429539578301422E-003   3.5221900638019808E-003   9.0030650930591788E-004   9.5282331228537518E-005
   9.3815209425548364E-005   8.8644392542341433E-004   3.4679566947161252E-003   5.4576056198995969E-003   3.4679566947161096E-003   8.8644392542341151E-004   9.3815209425547713E-005
   9.2212634616205497E-005   8.7130146916842752E-004   3.4087161933850888E-003   5.3643774393163559E-003   3.4087161933850823E-003   8.7130146916842676E-004   9.2212634616205036E-005
   9.0475749863854350E-005   8.5488994115169906E-004   3.3445108140894523E-003   5.2633359126428667E-003   3.3445108140894484E-003   8.5488994115169917E-004   9.0475749863853062E-005
   8.8614842738597130E-005   8.3730654686987394E-004   3.2757208453541463E-003   5.1550795089413334E-003   3.2757208453541254E-003   8.3730654686987513E-004   8.8614842738596466E-005
   8.6646487658932817E-005   8.1870789517865907E-004   3.2029589742471249E-003   5.0405724283676349E-003   3.2029589742471258E-003   8.1870789517865940E-004   8.6646487658932397E-005
   8.4580972194965164E-005   7.9919119157469218E-004   3.1266054892933686E-003   4.9204131399839266E-003   3.1266054892933677E-003   7.9919119157469164E-004   8.4580972194964432E-005
   8.2408580308262924E-005   7.7866463086670207E-004   3.0463012291081911E-003   4.7940364230092776E-003   3.0463012291082007E-003   7.7866463086670066E-004   8.2408580308262436E-005
   8.0117309833706480E-005   7.5701480664193562E-004   2.9616025237458200E-003   4.6607440635377407E-003   2.9616025237458234E-003   7.5701480664193421E-004   8.0117309833705627E-005
   7.7705446176278638E-005   7.3422551798429318E-004   2.8724459917854371E-003   4.5204363167255695E-003   2.8724459917854306E-003   7.3422551798428938E-004   7.7705446176277920E-005
   7.5174703930996225E-005   7.1031296580986952E-004   2.7788950146478476E-003   4.3732129274164861E-003   2.7788950146478463E-003   7.1031296580986768E-004   7.5174703930995791E-005
   7.2520510844480856E-005   6.8523394767571659E-004   2.6807805752108761E-003   4.2188079093606569E-003   2.6807805752108757E-003   6.8523394767571865E-004   7.2520510844480504E-005
   6.9733722409974619E-005   6.5890205869593543E-004   2.5777646392300974E-003   4.0566892900582496E-003   2.5777646392301031E-003   6.5890205869593239E-004   6.9733722409973819E-005
   6.6805194120718288E-005   6.3123089398460985E-004   2.4695091724611425E-003   3.8863250970095514E-003   2.4695091724611317E-003   6.3123089398461256E-004   6.6805194120717976E-005
   6.3729210659989154E-005   6.0216645048805702E-004   2.3558029035012306E-003   3.7073828474021762E-003   2.3558029035012254E-003   6.0216645048805702E-004   6.3729210659988720E-005
   6.0502914369425002E-005   5.7168172667942702E-004   2.2365401966489996E-003   3.5196962998299843E-003   2.2365401966490022E-003   5.7168172667942799E-004   6.0502914369424284E-005
   5.7128591375715500E-005   5.3979832378019935E-004   2.1118055604655555E-003   3.3233984474178944E-003   2.1118055604655490E-003   5.3979832378019729E-004   5.7128591375714897E-005
   5.3613100058928831E-005   5.0658104545479908E-004   1.9818525206341904E-003   3.1188882695407402E-003   1.9818525206341852E-003   5.0658104545479627E-004   5.3613100058928567E-005
   4.9971300242547228E-005   4.7217029964282390E-004   1.8472303828020627E-003   2.9070302215106225E-003   1.8472303828020555E-003   4.7217029964282390E-004   4.9971300242546828E-005
   4.6226624725137968E-005   4.3678749886441072E-004   1.7088053597204274E-003   2.6891874828581853E-003   1.7088053597204284E-003   4.3678749886441099E-004   4.6226624725137779E-005
   4.2409936217009177E-005   4.0072425960948976E-004   1.5677183169641540E-003   2.4671554607701139E-003   1.5677183169641570E-003   4.0072425960948959E-004   4.2409936217008845E-005
   3.8556669681848361E-005   3.6431540081094534E-004   1.4252791372302842E-003   2.2429955486829873E-003   1.4252791372302829E-003   3.6431540081094496E-004   3.8556669681848158E-005
   3.4703974678359801E-005   3.2791194231777070E-004   1.2828610846366815E-003   2.0188688848771278E-003   1.2828610846366848E-003   3.2791194231777059E-004   3.4703974678359604E-005
   3.0893001486954843E-005   2.9190270611654059E-004   1.1419853132831578E-003   1.7971693456014094E-003   1.1419853132831595E-003   2.9190270611654037E-004   3.0893001486954708E-005
   2.7166614983061614E-005   2.5669271510993892E-004   1.0042363586903300E-003   1.5803905519484892E-003   1.0042363586903274E-003   2.5669271510993865E-004   2.7166614983061417E-005
   2.3570537700470079E-005   2.2271399372749421E-004   8.7130439208019485E-004   1.3711923664171785E-003   8.7130439208019561E-004   2.2271399372749434E-004   2.3570537700469917E-005
   2.0151635236315099E-005   1.9040936700947338E-004   7.4492183895530004E-004   1.1723011480687469E-003   7.4492183895530101E-004   1.9040936700947332E-004   2.0151635236314936E-005
   1.6953343997697537E-005   1.6018925816393010E-004   6.2669436197654836E-004   9.8624376627707167E-004   6.2669436197654684E-004   1.6018925816393032E-004   1.6953343997697313E-005
   1.4015099670011070E-005   1.3242628826133269E-004   5.1807973382290767E-004   8.1531435244736809E-004   5.1807973382290865E-004   1.3242628826133198E-004   1.4015099670010942E-005
   1.1367764963564160E-005   1.0741207379161195E-004   4.2021882006922849E-004   6.6130831376633962E-004   4.2021882006922903E-004   1.0741207379161160E-004   1.1367764963564042E-005
   9.0330580819070662E-006   8.5351826358794519E-005   3.3391445204596076E-004   5.2548908492091402E-004   3.3391445204596087E-004   8.5351826358794831E-005   9.0330580819069900E-006
   7.0206950634701702E-006   6.6337351154155706E-005   2.5952579113777853E-004   4.0842188669209216E-004   2.5952579113777810E-004   6.6337351154155706E-005   7.0206950634701371E-006
   5.3329620349430227E-006   5.0390249399171749E-005   1.9713734590578053E-004   3.1023971220481197E-004   1.9713734590578043E-004   5.0390249399171789E-005   5.3329620349430024E-006
   3.9572852995333397E-006   3.7391714375722485E-005   1.4628431926391844E-004   2.3021109927190233E-004   1.4628431926391841E-004   3.7391714375722268E-005   3.9572852995333042E-006
   2.8668028686394045E-006   2.7087931731459168E-005   1.0597373561926850E-004   1.6677337867531211E-004   1.0597373561926859E-004   2.7087931731459269E-005   2.8668028686393799E-006
   2.0289374369357847E-006   1.9171084060342905E-005   7.5001347976156715E-005   1.1803139838464071E-004   7.5001347976156945E-005   1.9171084060342969E-005   2.0289374369357677E-006
   1.4025387240113807E-006   1.3252349375797693E-005   5.1846002234785732E-005   8.1591282150960228E-005   5.1846002234785576E-005   1.3252349375797644E-005   1.4025387240113714E-006
