  0.97681736783619866       0.95948944391649604       0.93799203349584248       0.88285698368790422       0.88996957280027555       0.99903117169771971        1.0000000000000000     
  0.97959567154530269       0.96334618549610129       0.94161398538037100       0.88669106895540784       0.90439798277525396       0.99916398032318110       0.99999999999999833     
  0.98199389998313480       0.96675032716564890       0.94415842077082768       0.89010883646115724       0.90455572630165737       0.99916242208732464       0.99999999999999878     
  0.98406607604165597       0.96979432219099271       0.94699531463642772       0.89316390819381331       0.90466131994369114       0.99918625575649100       0.99999999999999978     
  0.98583453950106359       0.97243692801793113       0.94912060371284157       0.89558499100657651       0.90460319520302102       0.99917828668611752       0.99999999999999800     
  0.98734999814764979       0.97468261314948057       0.95133943428832513       0.89746897494654509       0.90442255034032237       0.99918434052707650       0.99999999999999944     
  0.98819966542187421       0.97662367292032515       0.95299770540397044       0.89862304402225657       0.90410247285159329       0.99921339278707066        1.0000000000000000     
  0.98930796337701654       0.97818578440939519       0.95399753491488559       0.89903586865718210       0.90362855008894394       0.99924157922844237       0.99999999999999911     
  0.98990593405460403       0.97893254206625679       0.95400117812603913       0.89879557898745077       0.90298162880901522       0.99928209849900196        1.0000000000000004     
  0.99048860292253083       0.97929147855797627       0.95270566796528966       0.89784811585836988       0.90477834547211344       0.99940630004379005       0.99999999999999889     
  0.98914388355716809       0.97854657756075336       0.94833586195421871       0.89449861009566500       0.90401683592210802       0.99942819958624884        1.0000000000000009     
  0.98785382519752352       0.97597138560865582       0.94479844033860683       0.89212165852307990       0.90270872371183797       0.99945728504935716        1.0000000000000002     
  0.98704052693511213       0.97366132162014118       0.94360088351287486       0.88897602752548421       0.90114066698347350       0.99945680652237467        1.0000000000000004     
  0.98508944286843458       0.97190385831823189       0.94161700276392857       0.88492836226089833       0.90253935808812669       0.99944867294958983       0.99999999999999956     
  0.98317060844729265       0.96976981089764069       0.93951383890881723       0.88000959312261628       0.90041456385250807       0.99944004792849683        1.0000000000000011     
  0.97966027687799395       0.96792163362237837       0.93505025770602335       0.87417091376034339       0.90230030588241372       0.99949741349350407       0.99999999999999856     
  0.97576613720692995       0.96443306067844337       0.93189839347065662       0.86733588846641885       0.89938113769436456       0.99949707327482040       0.99999999999999600     
  0.97310948184648005       0.95853651772760895       0.91899867669087942       0.85968284318827581       0.89601425383627997       0.99949200963829599       0.99999999999999967     
  0.97089994570945459       0.95486153390473472       0.91307533425369569       0.85137748485941056       0.89222751425513580       0.99948700357661213       0.99999999999999789     
  0.96772199042159635       0.95185566290886248       0.90614911576464274       0.84261237703931768       0.88878536773904482       0.99948668340506153        1.0000000000000020     
  0.96357594560260429       0.94608732414822461       0.89926201614352552       0.83353763738518716       0.88409889638175199       0.99949414631177869       0.99999999999999956     
  0.95860168506829713       0.94226244712504326       0.89134507341693059       0.82324998553490802       0.87924765761436097       0.99951536565263888        1.0000000000000016     
  0.95556851288526024       0.92692805874562934       0.88394379384971944       0.82141807603577666       0.87358686711767386       0.99957622789883782       0.99999999999999967     
  0.94984900992143917       0.92019069592584291       0.87353289689797753       0.81280414253541222       0.86779783213492090       0.99957408265034475       0.99999999999999833     
  0.93625866420315473       0.91433542959569991       0.86621890755270092       0.80465714328502136       0.86142545977576745       0.99957096420844760       0.99999999999999778     
  0.93059677159748866       0.90464749224038510       0.84999399574338164       0.79072952658593509       0.85520710492826391       0.99967732596218195       0.99999999999999878     
  0.92356846111043178       0.89871643075303920       0.83975490925559226       0.78289883926380177       0.86027086535490127       0.99967648651796714       0.99999999999999967     
  0.91814462893266324       0.88506910790639060       0.83356827840743597       0.77560584315720449       0.85443003090538261       0.99967582207527828       0.99999999999999833     
  0.90920504152353143       0.87281065949540848       0.81695555643060269       0.76898598108892624       0.84818264942908816       0.99967543405180348       0.99999999999999845     
  0.89594589751215359       0.86705124289997193       0.81209117716575563       0.76285816740518220       0.84263221264866761       0.99968452605491598        1.0000000000000004     
  0.89174303949020206       0.86265739813909748       0.80663749065671897       0.75747314246048436       0.83112910196368384       0.99968924977604745       0.99999999999999978     
  0.88841685263967773       0.85866192035383349       0.80274766779609341       0.73465646060376899       0.81623618629532646       0.99974948039774314        1.0000000000000000     
  0.88218839553879502       0.83150680747747252       0.79393920249812133       0.73120470422992156       0.80661773248384017       0.99975310454725619        1.0000000000000000     
  0.85770981010686365       0.82279564769113600       0.77318866851868651       0.72836018227619570       0.80251187939736868       0.99975506473048215        1.0000000000000000     
  0.84878410126355419       0.82017380786789973       0.76626351601100928       0.71665836217924084       0.79242784857273108       0.99975743185008870       0.99999999999999900     
  0.83973441566116658       0.81893202200239090       0.76602395453900018       0.69500841466506891       0.78969916434599730       0.99976158357742206       0.99999999999999867     
  0.83075036929624457       0.81011678037293566       0.76417715003478459       0.68686224285082698       0.76721185971095152       0.99976490786079930        1.0000000000000009     
  0.82172024439918590       0.79475603225166225       0.76459425505210166       0.68023838397111491       0.73695229635856008       0.99977610868047662       0.99999999999999845     
  0.82226202312657060       0.79228427795692824       0.74599014125305985       0.68305233265910292       0.72482985621640950       0.99978897841411751        1.0000000000000011     
  0.80377461532886474       0.77406949289747851       0.73506928485393674       0.66670716155832688       0.71825264149207391       0.99983144582187633       0.99999999999999911     
  0.80264403849808075       0.77099632690287379       0.73975418149549177       0.65426602525065725       0.72170747234268251       0.99983602586662568       0.99999999999999922     
  0.78995107025496814       0.77148739585326986       0.72284254416975668       0.63843482909687710       0.64130946848869708       0.99984113134163022       0.99999999999999811     
  0.77158638666845036       0.76452420061835769       0.72135037903314791       0.62876712719485006       0.64212099213378548       0.99984677765493835        1.0000000000000002     
  0.76195151132548977       0.74753295874767511       0.70108934998631833       0.61503093825484456       0.56981927088237327       0.99985299318085963       0.99999999999999989     
  0.74788591148498051       0.71535001614044036       0.71063656420136034       0.57629106920919038       0.45333207794159813       0.99985976366275164       0.99999999999999789     
  0.77257772286624493       0.73889821578430237       0.73068931480600341       0.59242280167258610       0.46037784342958049       0.99986657259827627        1.0000000000000016     
  0.79753825129637590       0.76226662899058617       0.75087541635612287       0.60915441657435743       0.46841231753638979       0.99990966440573992       0.99999999999999833     
  0.82242675520828057       0.78581377255232698       0.77124742360382659       0.62650182039143598       0.47748580439113053       0.99991587691554706       0.99999999999999900     
  0.84636605558582256       0.80924163967013707       0.79166667597144735       0.64448547513625387       0.48765626083866170       0.99992236704026349       0.99999999999999767     
  0.86875912553091972       0.83207297015917292       0.81190747516859207       0.66310565179302683       0.49897582239548266       0.99992907585090851        1.0000000000000000     
  0.88925843396367588       0.85388860190015858       0.83173786183674536       0.68235876586548838       0.51247083573487107       0.99993592728162750        1.0000000000000011     
  0.90766414763912717       0.87436613992580459       0.85093944419686363       0.70222478698751112       0.58241268329659501       0.99994283984944932        1.0000000000000011     
  0.92389151428076000       0.89326643430051900       0.86930994473087742       0.72265427721228348       0.63610399788583782       0.99996682505069789        1.0000000000000016     
  0.93797011378106698       0.91043112590569586       0.88667288167114744       0.74357141981382990       0.65209688960980716       0.99997163601645744       0.99999999999999967     
  0.95001838796716043       0.92577037253922490       0.90287087611962302       0.76485434483136894       0.66917802462982512       0.99997620659517195       0.99999999999999933     
  0.96022218832555273       0.93927658814100334       0.91778636777814482       0.78635599094773145       0.68737207330191086       0.99998046371476224       0.99999999999999867     
  0.96879083711466041       0.95100686601693007       0.93133815621242544       0.80789573172089468       0.70662966776201874       0.99998434390898716        1.0000000000000020     
  0.97592633782007165       0.96106488654924715       0.94348183050163725       0.82925868847640793       0.72686679330619630       0.99998779555706707        1.0000000000000013     
  0.98180799009647346       0.96958351640704687       0.95421072165595611       0.85020535917606010       0.74796432267826907       0.99999461266023271       0.99999999999999833     
  0.98658744403524012       0.97670264592165157       0.96354616417833339       0.87046400680472469       0.76974845127810521       0.99999616216442766       0.99999999999999889     
  0.99039772339602261       0.98256266481152499       0.97153915178771322       0.88975835099830247       0.79199931369185106       0.99999738770594715       0.99999999999999822     
  0.99335966193369196       0.98729813551655554       0.97823119213172016       0.90781987673299269       0.81444959418469309       0.99999831590743271       0.99999999999999922     
  0.99558992592257523       0.99103778335639225       0.98350025643399486       0.92440445448621367       0.83683573776697295       0.99999898221793115       0.99999999999999933     
  0.99720546043827241       0.99390742815995659       0.98726861626339901       0.93931418234837105       0.85870955300443841       0.99999943202304897        1.0000000000000007     
  0.99831985444555138       0.99603309490134473       0.99000937626334917       0.95240641704966245       0.87982734221191117       0.99999986704383004       0.99999999999999922     
  0.99905002698914613       0.99753958404937759       0.99281241890545202       0.96361146470738102       0.90033968664099473       0.99999994558118310        1.0000000000000004     
  0.99949525086841962       0.99855565249878575       0.99480567229911165       0.97293490323236698       0.91977306067060516       0.99999998031436987       0.99999999999999800     
  0.99975082827812800       0.99919746632086937       0.99634609798007900       0.98045434236680584       0.93692575757011975       0.99999999385013749        1.0000000000000007     
  0.99988573573399375       0.99957932457086285       0.99764979895444206       0.98631214215140961       0.95222084458558875       0.99999999839324782       0.99999999999999956     
  0.99995114426666165       0.99978997254739088       0.99858597560254192       0.99070246350666058       0.96635266348099147       0.99999999965431485       0.99999999999999800     
  0.99997997049775977       0.99989757794094247       0.99918356475191750       0.99385092494107774       0.97665543085575401       0.99999999994336586        1.0000000000000033     
  0.99999166271740214       0.99994904626997327       0.99953020266159398       0.99600980683978002       0.98226828740286387       0.99999999999355438        1.0000000000000031     
  0.99999620559573787       0.99997295684993881       0.99972607481162634       0.99742539664068408       0.98655332612671420       0.99999999999958755        1.0000000000000016     
  0.99999805339607251       0.99998447475118357       0.99983328411620942       0.99832575620827679       0.99306553520129548       0.99999999999998945       0.99999999999999989     
  0.99999892975846449       0.99999071613066215       0.99989464206222023       0.99889675210279461       0.99532307023697686        1.0000000000000000        1.0000000000000004     
  0.99999941827015082       0.99999453054698750       0.99993317635960299       0.99927072278526352       0.99691169936018864        1.0000000000000016       0.99999999999999944     
  0.99999970935389093       0.99999700807919389       0.99995954191772618       0.99953657631838688       0.99815711309855248       0.99999999999999956       0.99999999999999878     
  0.99999987713697325       0.99999859421717030       0.99997845155401055       0.99973761085539314       0.99906575424423805        1.0000000000000007        1.0000000000000018     
  0.99999996124217572       0.99999949587048287       0.99999094996572779       0.99989013097777280       0.99930361507051013        1.0000000000000013       0.99999999999999989     
  0.99999999334130396       0.99999989670576839       0.99999767925952843       0.99992503007878208       0.99919582949647134        1.0000000000000016       0.99999999999999600     
  0.99999999985804433       0.99999999684333418       0.99999988627392944       0.99999322059664231       0.99993105906979707        1.0000000000000009       0.99999999999999956     
