  0.58194398621921095       0.58720321676462106       0.59293566183253565       0.59956225367951443       0.61393654888624327       0.65482186371314488       0.73664490432001817     
  0.57760601789904853       0.58304382204184924       0.58938739344109503       0.59749975559501345       0.61488986295318071       0.66104090643945701       0.74926946432340458     
  0.57370478141513059       0.57909029602117879       0.58585618719264621       0.59532309605947653       0.61560505532538445       0.66689004738758173       0.76133638087523825     
  0.57023420556965265       0.57547112910525444       0.58251658349975188       0.59320568509332905       0.61624553328105314       0.67251610379779725       0.77298803926963899     
  0.56717273201407403       0.57221368711561194       0.57943097860262094       0.59121341993715026       0.61685004912493657       0.67793447352548453       0.78424864963677643     
  0.56448501966621656       0.56930117135107361       0.57661213043629245       0.58936689650328200       0.61745875904931802       0.68319854161136495       0.79516113037993452     
  0.56213673368295780       0.56671397504317123       0.57406149891623615       0.58770239099903820       0.61808384203033850       0.68836318474222757       0.80580777463935138     
  0.56009858069551022       0.56443021886326228       0.57176037971375382       0.58619016535988944       0.61873786213789828       0.69346865101726618       0.81623602833247766     
  0.55834847146088840       0.56242320187366168       0.56969920764982351       0.58483251907916423       0.61942988737978066       0.69855478079423139       0.82646302686462791     
  0.55686250057226117       0.56066901544025793       0.56786355952382928       0.58364566195174505       0.62018245417399986       0.70365470315152134       0.83648259573791461     
  0.55558320780053705       0.55915236097985721       0.56623987234505568       0.58261051201794856       0.62100102803499857       0.70879345595693255       0.84628758710996632     
  0.55448954739868217       0.55783300763684629       0.56481665120194702       0.58173767419489575       0.62189914764561816       0.71398780793639904       0.85586592407416107     
  0.55356474050478877       0.55670503279859196       0.56358864670920017       0.58102041400812332       0.62289363146635501       0.71925160600457383       0.86520197639792695     
  0.55278863104431497       0.55574930439274894       0.56253887535498115       0.58042901307762718       0.62400406746759307       0.72459000681819807       0.87427634454006331     
  0.55214468926603455       0.55493452290800449       0.56166538021836565       0.58004032696387020       0.62524471760786482       0.73001320459663577       0.88307446548087720     
  0.55161806045917539       0.55426421818866112       0.56096515453538409       0.57977522975705842       0.62662590141700092       0.73552322743486231       0.89157277164736937     
  0.55121795256436257       0.55372810194788125       0.56043018254231391       0.57965026223346805       0.62815490421133136       0.74112195686217874       0.89975330753567573     
  0.55090486335532152       0.55331974420645169       0.56005023668624798       0.57969499562676197       0.62983726805912488       0.74680825034158060       0.90760016470403271     
  0.55068418829331978       0.55303736276191306       0.55982603114230500       0.57989382103780351       0.63167785857669523       0.75258144414727490       0.91509870295155005     
  0.55053865111290257       0.55286761573394116       0.55975148900186866       0.58024067644817612       0.63367930420975338       0.75843888007054616       0.92223677277941551     
  0.55047936127623009       0.55281302400802534       0.55981925871033200       0.58074062249795610       0.63584560627645514       0.76437829789276091       0.92900628430203602     
  0.55050527448098574       0.55287300718340981       0.56003679242822402       0.58139433601009460       0.63817806031319169       0.77039576291751644       0.93540136184457212     
  0.55061929873657434       0.55304774877874474       0.56040296161484349       0.58220737503280340       0.64067712867728632       0.77648640453637274       0.94141940282627901     
  0.55082501952201635       0.55333986446280936       0.56091947831675548       0.58317748284325388       0.64334638314440562       0.78264618300060196       0.94706005763143919     
  0.55112110948309390       0.55375328839189941       0.56158522234878427       0.58430882781653071       0.64618937867145532       0.78887083171953365       0.95232640124487633     
  0.55151657809404586       0.55428976708405664       0.56239440958635734       0.58560873804336167       0.64920829169336591       0.79515423183090872       0.95722341364509533     
  0.55201584133655679       0.55495213086620765       0.56334378780090000       0.58707921100364779       0.65240316449481028       0.80148810594186648       0.96175783649495072     
  0.55262440714006178       0.55574411923192379       0.56445021522807870       0.58872179669977276       0.65577394935830646       0.80786396909932334       0.96593936033045402     
  0.55334928013122908       0.55667047263752434       0.56572256825892575       0.59053941428424372       0.65932222417244557       0.81427445658882613       0.96977886522999535     
  0.55419675521363931       0.55773559972979059       0.56714863363379653       0.59255164475321187       0.66305013704222948       0.82071266299450352       0.97328988112755743     
  0.55517175921413042       0.55894197352460162       0.56872178229333714       0.59475247198184766       0.66695588596343591       0.82716746176958889       0.97648608999075304     
  0.55627718049264352       0.56029500247238295       0.57043718919913655       0.59711879883042518       0.67104140754190644       0.83362908583350737       0.97938300924175747     
  0.55751850281507853       0.56179936354886928       0.57231187977479148       0.59967527346987770       0.67529807454543123       0.84008512497802157       0.98199691861443772     
  0.55889448047876333       0.56345104780283950       0.57434595216246409       0.60239966819906277       0.67970879922262006       0.84652468276079562       0.98434430862774680     
  0.56038969745874623       0.56524212738280644       0.57652286809018971       0.60526549969206733       0.68429639466844949       0.85293548173934164       0.98644250858006788     
  0.56203913117797355       0.56716829555516501       0.57884538597389879       0.60830608249228002       0.68900751078252631       0.85930547988459172       0.98830911566587720     
  0.56379946796703306       0.56921391292159096       0.58132291841995754       0.61146962863986021       0.69388312852868450       0.86562166964400666       0.98996161666697180     
  0.56565182733821739       0.57135438375990866       0.58394045668795935       0.61476021458711383       0.69887952803995390       0.87186896591658614       0.99141675095158577     
  0.56759814336831904       0.57357609640224583       0.58662274728926900       0.61821315577728264       0.70397124629565044       0.87803703709887415       0.99269258191312948     
  0.56958509167980365       0.57584592448646776       0.58935339738370940       0.62172512769315669       0.70915877352481604       0.88411332203495330       0.99380578607238779     
  0.57157000062272856       0.57811024560677216       0.59210769739061930       0.62533022001816030       0.71442448060965114       0.89007882663419302       0.99477216946720204     
  0.57347598454982374       0.58031042897575391       0.59485766429507037       0.62901232836264309       0.71971090097221868       0.89590952136061386       0.99560656065439390     
  0.57516086482278073       0.58234383241592280       0.59752900024949407       0.63271519054685044       0.72503214903529545       0.90158215460144731       0.99632301231573517     
  0.57644269889938160       0.58410561080489254       0.60008250164543664       0.63640950211911762       0.73034378116128285       0.90705378092089128       0.99693405174979000     
   1.0000000000000000        1.0000000000000000        1.0000000000000000        1.0000000000000000        1.0000000000000000        1.0000000000000000        1.0000000000000000     
   1.0000000000000000        1.0000000000000000        1.0000000000000000        1.0000000000000000        1.0000000000000000        1.0000000000000000        1.0000000000000000     
   1.0000000000000000        1.0000000000000000        1.0000000000000000        1.0000000000000000        1.0000000000000000        1.0000000000000000        1.0000000000000000     
   1.0000000000000000        1.0000000000000000        1.0000000000000000        1.0000000000000000        1.0000000000000000        1.0000000000000000        1.0000000000000000     
   1.0000000000000000        1.0000000000000000        1.0000000000000000        1.0000000000000000        1.0000000000000000        1.0000000000000000        1.0000000000000000     
   1.0000000000000000        1.0000000000000000        1.0000000000000000        1.0000000000000000        1.0000000000000000        1.0000000000000000        1.0000000000000000     
   1.0000000000000000        1.0000000000000000        1.0000000000000000        1.0000000000000000        1.0000000000000000        1.0000000000000000        1.0000000000000000     
   1.0000000000000000        1.0000000000000000        1.0000000000000000        1.0000000000000000        1.0000000000000000        1.0000000000000000        1.0000000000000000     
   1.0000000000000000        1.0000000000000000        1.0000000000000000        1.0000000000000000        1.0000000000000000        1.0000000000000000        1.0000000000000000     
   1.0000000000000000        1.0000000000000000        1.0000000000000000        1.0000000000000000        1.0000000000000000        1.0000000000000000        1.0000000000000000     
   1.0000000000000000        1.0000000000000000        1.0000000000000000        1.0000000000000000        1.0000000000000000        1.0000000000000000        1.0000000000000000     
   1.0000000000000000        1.0000000000000000        1.0000000000000000        1.0000000000000000        1.0000000000000000        1.0000000000000000        1.0000000000000000     
   1.0000000000000000        1.0000000000000000        1.0000000000000000        1.0000000000000000        1.0000000000000000        1.0000000000000000        1.0000000000000000     
   1.0000000000000000        1.0000000000000000        1.0000000000000000        1.0000000000000000        1.0000000000000000        1.0000000000000000        1.0000000000000000     
   1.0000000000000000        1.0000000000000000        1.0000000000000000        1.0000000000000000        1.0000000000000000        1.0000000000000000        1.0000000000000000     
   1.0000000000000000        1.0000000000000000        1.0000000000000000        1.0000000000000000        1.0000000000000000        1.0000000000000000        1.0000000000000000     
   1.0000000000000000        1.0000000000000000        1.0000000000000000        1.0000000000000000        1.0000000000000000        1.0000000000000000        1.0000000000000000     
   1.0000000000000000        1.0000000000000000        1.0000000000000000        1.0000000000000000        1.0000000000000000        1.0000000000000000        1.0000000000000000     
   1.0000000000000000        1.0000000000000000        1.0000000000000000        1.0000000000000000        1.0000000000000000        1.0000000000000000        1.0000000000000000     
   1.0000000000000000        1.0000000000000000        1.0000000000000000        1.0000000000000000        1.0000000000000000        1.0000000000000000        1.0000000000000000     
   1.0000000000000000        1.0000000000000000        1.0000000000000000        1.0000000000000000        1.0000000000000000        1.0000000000000000        1.0000000000000000     
   1.0000000000000000        1.0000000000000000        1.0000000000000000        1.0000000000000000        1.0000000000000000        1.0000000000000000        1.0000000000000000     
   1.0000000000000000        1.0000000000000000        1.0000000000000000        1.0000000000000000        1.0000000000000000        1.0000000000000000        1.0000000000000000     
   1.0000000000000000        1.0000000000000000        1.0000000000000000        1.0000000000000000        1.0000000000000000        1.0000000000000000        1.0000000000000000     
   1.0000000000000000        1.0000000000000000        1.0000000000000000        1.0000000000000000        1.0000000000000000        1.0000000000000000        1.0000000000000000     
   1.0000000000000000        1.0000000000000000        1.0000000000000000        1.0000000000000000        1.0000000000000000        1.0000000000000000        1.0000000000000000     
   1.0000000000000000        1.0000000000000000        1.0000000000000000        1.0000000000000000        1.0000000000000000        1.0000000000000000        1.0000000000000000     
   1.0000000000000000        1.0000000000000000        1.0000000000000000        1.0000000000000000        1.0000000000000000        1.0000000000000000        1.0000000000000000     
   1.0000000000000000        1.0000000000000000        1.0000000000000000        1.0000000000000000        1.0000000000000000        1.0000000000000000        1.0000000000000000     
   1.0000000000000000        1.0000000000000000        1.0000000000000000        1.0000000000000000        1.0000000000000000        1.0000000000000000        1.0000000000000000     
   1.0000000000000000        1.0000000000000000        1.0000000000000000        1.0000000000000000        1.0000000000000000        1.0000000000000000        1.0000000000000000     
   1.0000000000000000        1.0000000000000000        1.0000000000000000        1.0000000000000000        1.0000000000000000        1.0000000000000000        1.0000000000000000     
   1.0000000000000000        1.0000000000000000        1.0000000000000000        1.0000000000000000        1.0000000000000000        1.0000000000000000        1.0000000000000000     
   1.0000000000000000        1.0000000000000000        1.0000000000000000        1.0000000000000000        1.0000000000000000        1.0000000000000000        1.0000000000000000     
   1.0000000000000000        1.0000000000000000        1.0000000000000000        1.0000000000000000        1.0000000000000000        1.0000000000000000        1.0000000000000000     
   1.0000000000000000        1.0000000000000000        1.0000000000000000        1.0000000000000000        1.0000000000000000        1.0000000000000000        1.0000000000000000     
   1.0000000000000000        1.0000000000000000        1.0000000000000000        1.0000000000000000        1.0000000000000000        1.0000000000000000        1.0000000000000000     
